0.00117 -9.438991546630859375e-02
0.00234 1.138192415237426758e-01
0.00351 -2.544999122619628906e-02
0.00468 4.149627685546875000e-02
0.00585 -1.230443120002746582e-01
0.00702 5.996406078338623047e-02
0.00819 -8.237946033477783203e-02
0.00936 -8.183473348617553711e-02
0.01053 8.559489250183105469e-02
0.0117 -3.496837615966796875e-02
0.01287 9.408998489379882812e-02
0.01404 7.649552822113037109e-02
0.01521 2.095103263854980469e-02
0.01638 1.454045772552490234e-01
0.01755 -1.813256740570068359e-02
0.01872 5.741024017333984375e-02
0.01989 -1.740258932113647461e-02
0.02106 -2.075916528701782227e-02
0.02223 -1.819872856140136719e-02
0.0234 6.726384162902832031e-03
0.02457 5.474174022674560547e-02
0.02574 2.028942108154296875e-02
0.02691 -3.206610679626464844e-03
0.02808 9.624242782592773438e-03
0.02925 -4.086333513259887695e-02
0.03042 -1.701003313064575195e-02
0.03159 -8.301240205764770508e-02
0.03276 1.238051652908325195e-01
0.03393 6.334710121154785156e-02
0.0351 -2.075034379959106445e-02
0.03627 8.360564708709716797e-02
0.03744 -2.644020318984985352e-02
0.03861 8.895587921142578125e-02
0.03978 1.772236824035644531e-02
0.04095 3.383481502532958984e-02
0.04212 1.022851467132568359e-02
0.04329 2.063786983489990234e-02
0.04446 3.634011745452880859e-02
0.04563 -2.058494091033935547e-02
0.0468 3.505659103393554688e-02
0.04797 -1.004105806350708008e-02
0.04914 1.086763143539428711e-01
0.05031 3.480076789855957031e-03
0.05148 1.213792562484741211e-01
0.05265 1.000047922134399414e-01
0.05382 2.027177810668945312e-02
0.05499 4.543066024780273438e-02
0.05616 -9.008944034576416016e-03
0.05733 7.892143726348876953e-02
0.0585 3.553736209869384766e-02
0.05967 8.505237102508544922e-02
0.06084 7.515466213226318359e-02
0.06201 -2.258080244064331055e-02
0.06318 2.685260772705078125e-02
0.06435 -5.118227005004882812e-02
0.06552 -9.436786174774169922e-03
0.06669 -1.936757564544677734e-02
0.06786 -4.587835073471069336e-02
0.06903 -1.569452881813049316e-01
0.0702 -7.606106996536254883e-02
0.07137 9.174346923828125000e-04
0.07254 7.158637046813964844e-02
0.07371 1.085439920425415039e-01
0.07488 -6.288838386535644531e-02
0.07605 -6.948906183242797852e-02
0.07722 8.248090744018554688e-02
0.07839 -4.397070407867431641e-02
0.07956 -1.371079683303833008e-02
0.08073 3.007245063781738281e-02
0.0819 -2.376067638397216797e-02
0.08307 1.360934972763061523e-01
0.08424 -6.185406446456909180e-02
0.08541 8.198249340057373047e-02
0.08658 -8.625209331512451172e-03
0.08775 -1.467895507812500000e-02
0.08892 7.539284229278564453e-02
0.09009 1.401293277740478516e-02
0.09126 -6.925970315933227539e-02
0.09243 3.204405307769775391e-02
0.0936 -3.072965145111083984e-02
0.09477 3.739428520202636719e-02
0.09594 7.181572914123535156e-02
0.09711 -7.443571090698242188e-02
0.09828 -9.239625930786132812e-02
0.09945 2.690553665161132812e-03
0.10062 8.732831478118896484e-02
0.10179 -6.786811351776123047e-02
0.10296 -2.334386110305786133e-02
0.10413 6.885170936584472656e-03
0.1053 5.588412284851074219e-02
0.10647 -7.551193237304687500e-02
0.10764 -3.858959674835205078e-02
0.10881 -5.331707000732421875e-02
0.10998 2.183759212493896484e-02
0.11115 -1.574856042861938477e-02
0.11232 -8.250296115875244141e-03
0.11349 3.390538692474365234e-02
0.11466 -1.051609516143798828e-01
0.11583 4.804623126983642578e-02
0.117 -2.789133787155151367e-02
0.11817 4.304444789886474609e-02
0.11934 -1.201949715614318848e-01
0.12051 2.636742591857910156e-02
0.12168 4.495429992675781250e-02
0.12285 -2.540588378906250000e-02
0.12402 1.901030540466308594e-03
0.12519 -2.689671516418457031e-02
0.12636 3.139567375183105469e-02
0.12753 -5.685228109359741211e-02
0.1287 -9.669011831283569336e-02
0.12987 -7.643818855285644531e-03
0.13104 -4.185575246810913086e-02
0.13221 5.259811878204345703e-02
0.13338 -2.225617170333862305e-01
0.13455 -1.243829727172851562e-02
0.13572 1.579487323760986328e-02
0.13689 6.360292434692382812e-03
0.13806 -4.563134908676147461e-02
0.13923 -2.021664381027221680e-02
0.1404 9.241390228271484375e-02
0.14157 5.538570880889892578e-02
0.14274 9.483981132507324219e-02
0.14391 1.305888891220092773e-01
0.14508 3.426265716552734375e-02
0.14625 7.144522666931152344e-02
0.14742 -6.450051069259643555e-02
0.14859 5.269515514373779297e-02
0.14976 2.857279777526855469e-02
0.15093 3.769421577453613281e-02
0.1521 1.786351203918457031e-02
0.15327 -2.362614870071411133e-02
0.15444 -3.152358531951904297e-02
0.15561 -2.416867017745971680e-02
0.15678 -4.004293680191040039e-02
0.15795 5.131018161773681641e-02
0.15912 -8.178180456161499023e-02
0.16029 -9.261238574981689453e-02
0.16146 -1.175904273986816406e-02
0.16263 1.713132858276367188e-02
0.1638 -4.115664958953857422e-02
0.16497 1.483774185180664062e-02
0.16614 -3.805589675903320312e-02
0.16731 4.933416843414306641e-02
0.16848 1.246873140335083008e-01
0.16965 -1.448047161102294922e-02
0.17082 -7.951247692108154297e-02
0.17199 -9.112375974655151367e-02
0.17316 -4.450440406799316406e-03
0.17433 -4.566442966461181641e-02
0.1755 9.365773200988769531e-02
0.17667 4.182267189025878906e-02
0.17784 7.745265960693359375e-03
0.17901 -5.795276165008544922e-02
0.18018 1.052182912826538086e-01
0.18135 9.211397171020507812e-02
0.18252 6.012284755706787109e-02
0.18369 -8.667111396789550781e-04
0.18486 -3.500366210937500000e-02
0.18603 2.604103088378906250e-02
0.1872 -1.515752077102661133e-02
0.18837 -3.361427783966064453e-02
0.18954 -1.984834671020507812e-04
0.19071 3.092372417449951172e-02
0.19188 1.521662473678588867e-01
0.19305 -1.521486043930053711e-02
0.19422 4.648923873901367188e-03
0.19539 1.441342830657958984e-01
0.19656 6.792545318603515625e-03
0.19773 1.153674125671386719e-01
0.1989 -1.195951104164123535e-01
0.20007 -3.146183490753173828e-02
0.20124 -5.284291505813598633e-02
0.20241 1.085748672485351562e-01
0.20358 2.926087379455566406e-02
0.20475 1.951754093170166016e-02
0.20592 -1.493698358535766602e-02
0.20709 6.012284755706787109e-02
0.20826 8.428931236267089844e-03
0.20943 3.739869594573974609e-02
0.2106 2.719664573669433594e-02
0.21177 5.849969387054443359e-02
0.21294 -4.063838720321655273e-02
0.21411 5.156600475311279297e-02
0.21528 -1.142978072166442871e-01
0.21645 7.427692413330078125e-03
0.21762 9.328281879425048828e-02
0.21879 5.915248394012451172e-02
0.21996 -7.241117954254150391e-02
0.22113 -1.995420455932617188e-02
0.2223 -7.582950592041015625e-02
0.22347 -1.648956537246704102e-02
0.22464 1.328074932098388672e-02
0.22581 -4.596436023712158203e-02
0.22698 4.861080646514892578e-02
0.22815 -6.090134382247924805e-02
0.22932 1.583898067474365234e-02
0.23049 -3.466844558715820312e-03
0.23166 -2.102138400077819824e-01
0.23283 -1.265221834182739258e-02
0.234 -9.886682033538818359e-02
0.23517 -2.713268995285034180e-02
0.23634 -1.882902383804321289e-01
0.23751 4.151833057403564453e-02
0.23868 5.008840560913085938e-02
0.23985 -9.291231632232666016e-03
0.24102 5.284512042999267578e-02
0.24219 3.352165222167968750e-02
0.24336 -4.041123390197753906e-02
0.24453 -1.744669675827026367e-02
0.2457 -9.888666868209838867e-02
0.24687 -2.214193344116210938e-02
0.24804 3.896450996398925781e-02
0.24921 -4.907393455505371094e-02
0.25038 -5.903780460357666016e-02
0.25155 9.841692447662353516e-02
0.25272 -5.996406078338623047e-02
0.25389 -1.212954521179199219e-02
0.25506 -8.362770080566406250e-02
0.25623 2.342987060546875000e-02
0.2574 -3.268361091613769531e-03
0.25857 1.280747652053833008e-01
0.25974 2.577197551727294922e-02
0.26091 4.523217678070068359e-02
0.26208 -2.123111486434936523e-02
0.26325 4.459702968597412109e-02
0.26442 -5.825048685073852539e-02
0.26559 -5.899369716644287109e-03
0.26676 3.934824466705322266e-02
0.26793 -1.271573305130004883e-01
0.2691 3.024005889892578125e-02
0.27027 -1.593822240829467773e-02
0.27144 -5.930906534194946289e-02
0.27261 1.168273687362670898e-01
0.27378 7.769083976745605469e-02
0.27495 -3.445452451705932617e-02
0.27612 9.556317329406738281e-02
0.27729 4.902541637420654297e-02
0.27846 -5.218571424484252930e-02
0.27963 7.258319854736328125e-02
0.2808 5.191886425018310547e-02
0.28197 -1.069825887680053711e-02
0.28314 1.647853851318359375e-02
0.28431 -2.547204494476318359e-03
0.28548 -1.277571916580200195e-02
0.28665 -1.018396615982055664e-01
0.28782 5.657219886779785156e-02
0.28899 2.123773097991943359e-02
0.29016 -5.005311965942382812e-02
0.29133 7.443130016326904297e-02
0.2925 -7.162606716156005859e-02
0.29367 5.276572704315185547e-02
0.29484 8.912789821624755859e-02
0.29601 4.656863212585449219e-02
0.29718 2.962255477905273438e-02
0.29835 -5.206221342086791992e-02
0.29952 -1.041817665100097656e-02
0.30069 -7.567071914672851562e-02
0.30186 1.276028156280517578e-02
0.30303 1.807081699371337891e-02
0.3042 2.505302429199218750e-02
0.30537 4.807710647583007812e-04
0.30654 -3.113764524459838867e-02
0.30771 -3.749132156372070312e-05
0.30888 3.293943405151367188e-02
0.31005 3.802943229675292969e-02
0.31122 -4.060089588165283203e-03
0.31239 -9.210515022277832031e-02
0.31356 1.412761211395263672e-02
0.31473 -2.215075492858886719e-02
0.3159 8.563017845153808594e-02
0.31707 1.570224761962890625e-03
0.31824 -5.414187908172607422e-03
0.31941 -3.017169237136840820e-02
0.32058 -4.490798711776733398e-02
0.32175 -7.184660434722900391e-02
0.32292 4.340171813964843750e-02
0.32409 -4.827117919921875000e-02
0.32526 -9.012252092361450195e-02
0.32643 2.457666397094726562e-02
0.3276 3.358340263366699219e-02
0.32877 8.012115955352783203e-02
0.32994 4.298710823059082031e-02
0.33111 1.125577688217163086e-01
0.33228 -1.186445951461791992e-01
0.33345 1.830458641052246094e-02
0.33462 1.067399978637695312e-03
0.33579 8.392763137817382812e-02
0.33696 -1.187791228294372559e-01
0.33813 1.162672042846679688e-02
0.3393 1.448444128036499023e-01
0.34047 -4.246002435684204102e-02
0.34164 1.143705844879150391e-02
0.34281 8.087980747222900391e-02
0.34398 3.638863563537597656e-03
0.34515 -9.420025348663330078e-02
0.34632 8.869123458862304688e-02
0.34749 1.996743679046630859e-02
0.34866 -6.484234333038330078e-02
0.34983 -8.685415983200073242e-02
0.351 -1.745992898941040039e-02
0.35217 -9.794056415557861328e-03
0.35334 4.519248008728027344e-02
0.35451 -2.227425575256347656e-02
0.35568 9.749507904052734375e-02
0.35685 -8.276981115341186523e-02
0.35802 1.947343349456787109e-02
0.35919 5.998611450195312500e-04
0.36036 3.342902660369873047e-02
0.36153 -1.856261491775512695e-02
0.3627 -8.520674705505371094e-02
0.36387 -3.116190433502197266e-02
0.36504 1.116800308227539062e-02
0.36621 8.090627193450927734e-02
0.36738 -1.545524597167968750e-02
0.36855 5.268633365631103516e-02
0.36972 1.351054906845092773e-01
0.37089 -6.037425994873046875e-02
0.37206 2.877128124237060547e-02
0.37323 -1.314401626586914062e-02
0.3744 -2.450609207153320312e-02
0.37557 -2.129065990447998047e-02
0.37674 -3.780007362365722656e-02
0.37791 -1.717102527618408203e-02
0.37908 -5.350232124328613281e-03
0.38025 7.004261016845703125e-02
0.38142 -8.653658628463745117e-02
0.38259 4.862844944000244141e-02
0.38376 1.742243766784667969e-02
0.38493 -5.361920595169067383e-02
0.3861 9.835076332092285156e-02
0.38727 5.247020721435546875e-02
0.38844 -1.094371676445007324e-01
0.38961 -6.808203458786010742e-02
0.39078 3.619015216827392578e-02
0.39195 3.222489356994628906e-02
0.39312 -9.088116884231567383e-02
0.39429 2.793765068054199219e-02
0.39546 6.541132926940917969e-02
0.39663 6.835329532623291016e-02
0.3978 -6.768947839736938477e-02
0.39897 1.110184192657470703e-01
0.40014 -1.034981012344360352e-02
0.40131 -1.138302683830261230e-01
0.40248 -3.567630052566528320e-02
0.40365 1.042258739471435547e-02
0.40482 1.859569549560546875e-02
0.40599 2.332842350006103516e-02
0.40716 -7.692337036132812500e-03
0.40833 -9.406131505966186523e-02
0.4095 -5.055594444274902344e-02
0.41067 -2.836108207702636719e-03
0.41184 -7.335507869720458984e-02
0.41301 -5.269515514373779297e-02
0.41418 -3.557926416397094727e-02
0.41535 6.890022754669189453e-02
0.41652 -2.155750989913940430e-02
0.41769 -5.674201250076293945e-02
0.41886 -1.961237192153930664e-02
0.42003 2.410912513732910156e-02
0.4212 -3.412812948226928711e-02
0.42237 1.720190048217773438e-03
0.42354 1.422685384750366211e-01
0.42471 3.834700584411621094e-02
0.42588 7.350945472717285156e-02
0.42705 -4.994946718215942383e-02
0.42822 -1.404182314872741699e-01
0.42939 1.561844348907470703e-02
0.43056 -4.470509290695190430e-02
0.43173 -7.389760017395019531e-02
0.4329 -9.394222497940063477e-02
0.43407 -8.111357688903808594e-02
0.43524 2.680408954620361328e-02
0.43641 1.265001296997070312e-01
0.43758 -3.664225339889526367e-02
0.43875 -1.557874679565429688e-02
0.43992 -8.495092391967773438e-02
0.44109 -3.441041707992553711e-02
0.44226 5.328619480133056641e-02
0.44343 -1.383429765701293945e-02
0.4446 9.210073947906494141e-02
0.44577 -1.276888251304626465e-01
0.44694 9.490597248077392578e-02
0.44811 -1.109654903411865234e-01
0.44928 9.999155998229980469e-03
0.45045 -5.418819189071655273e-02
0.45162 -3.147065639495849609e-03
0.45279 4.305768013000488281e-02
0.45396 -4.776835441589355469e-02
0.45513 -3.574025630950927734e-02
0.4563 7.065129280090332031e-02
0.45747 1.308799982070922852e-01
0.45864 -2.125537395477294922e-02
0.45981 -1.752388477325439453e-02
0.46098 1.004767417907714844e-02
0.46215 6.055510044097900391e-02
0.46332 1.505254507064819336e-01
0.46449 1.461720466613769531e-02
0.46566 6.945598125457763672e-02
0.46683 4.483520984649658203e-02
0.468 5.121314525604248047e-02
0.46917 -6.794971227645874023e-02
0.47034 1.356788873672485352e-01
0.47151 1.453781127929687500e-02
0.47268 1.042788028717041016e-01
0.47385 -8.931756019592285156e-04
0.47502 9.258151054382324219e-03
0.47619 -6.955742835998535156e-03
0.47736 -1.772236824035644531e-02
0.47853 -1.366007328033447266e-02
0.4797 -1.226252913475036621e-01
0.48087 8.828103542327880859e-02
0.48204 3.491985797882080078e-02
0.48321 2.579843997955322266e-02
0.48438 -8.837145566940307617e-02
0.48555 -5.286276340484619141e-03
0.48672 -1.610164046287536621e-01
0.48789 -6.479161977767944336e-02
0.48906 1.059592962265014648e-01
0.49023 -6.746673583984375000e-02
0.4914 -1.368411183357238770e-01
0.49257 -4.962086677551269531e-02
0.49374 -7.100856304168701172e-02
0.49491 -8.827000856399536133e-02
0.49608 -5.822622776031494141e-02
0.49725 -6.524813175201416016e-02
0.49842 -8.331012725830078125e-02
0.49959 3.463757038116455078e-02
0.50076 9.849190711975097656e-03
0.50193 6.489527225494384766e-02
0.5031 -4.323190450668334961e-02
0.50427 -9.341514110565185547e-02
0.50544 -1.959252357482910156e-02
0.50661 1.455677747726440430e-01
0.50778 -5.293333530426025391e-02
0.50895 -4.136174917221069336e-02
0.51012 -8.596980571746826172e-02
0.51129 -1.009156107902526855e-01
0.51246 6.472766399383544922e-02
0.51363 1.092100143432617188e-02
0.5148 -1.011383533477783203e-02
0.51597 -3.559470176696777344e-02
0.51714 -2.432966232299804688e-02
0.51831 -2.092677354812622070e-02
0.51948 1.810169219970703125e-02
0.52065 2.543675899505615234e-02
0.52182 -7.126659154891967773e-02
0.52299 6.920015811920166016e-02
0.52416 8.605360984802246094e-02
0.52533 9.174346923828125000e-04
0.5265 2.714371681213378906e-02
0.52767 -6.093883514404296875e-02
0.52884 -1.598894596099853516e-03
0.53001 -1.440107822418212891e-02
0.53118 6.529223918914794922e-02
0.53235 -1.112830638885498047e-01
0.53352 -7.371234893798828125e-02
0.53469 7.336831092834472656e-02
0.53586 2.495157718658447266e-02
0.53703 1.358509063720703125e-03
0.5382 3.750896453857421875e-02
0.53937 5.731761455535888672e-02
0.54054 4.557180404663085938e-02
0.54171 -6.714254617691040039e-02
0.54288 1.523029804229736328e-02
0.54405 -3.984886407852172852e-02
0.54522 -1.305580139160156250e-03
0.54639 4.650688171386718750e-02
0.54756 1.022410392761230469e-01
0.54873 -5.327737331390380859e-02
0.5499 -1.983952522277832031e-02
0.55107 1.185166835784912109e-02
0.55224 -1.673215627670288086e-02
0.55341 -1.863539218902587891e-03
0.55458 -3.624087572097778320e-02
0.55575 -5.417495965957641602e-02
0.55692 -3.635114431381225586e-02
0.55809 -4.896587133407592773e-02
0.55926 7.938456535339355469e-02
0.56043 -2.336150407791137695e-02
0.5616 3.114867210388183594e-02
0.56277 -1.508474349975585938e-03
0.56394 2.430760860443115234e-02
0.56511 -8.098125457763671875e-02
0.56628 3.359663486480712891e-02
0.56745 -1.288091540336608887e-01
0.56862 1.145249605178833008e-01
0.56979 8.417463302612304688e-02
0.57096 1.606833934783935547e-02
0.57213 -3.654962778091430664e-02
0.5733 -1.750403642654418945e-02
0.57447 -3.158092498779296875e-02
0.57564 8.473038673400878906e-03
0.57681 4.545271396636962891e-02
0.57798 3.461992740631103516e-02
0.57915 6.449389457702636719e-02
0.58032 6.008756160736083984e-02
0.58149 7.013964653015136719e-02
0.58266 3.800737857818603516e-02
0.58383 4.984140396118164062e-04
0.585 -8.736580610275268555e-02
0.58617 -9.405910968780517578e-03
0.58734 -9.827578067779541016e-02
0.58851 -1.124960184097290039e-02
0.58968 8.494210243225097656e-02
0.59085 5.019867420196533203e-02
0.59202 -1.160907745361328125e-02
0.59319 -1.584625840187072754e-01
0.59436 -1.220651268959045410e-01
0.59553 -2.624613046646118164e-02
0.5967 4.179179668426513672e-02
0.59787 7.881999015808105469e-02
0.59904 -7.556706666946411133e-02
0.60021 -1.049448251724243164e-01
0.60138 -5.612450838088989258e-02
0.60255 4.506456851959228516e-02
0.60372 1.866626739501953125e-02
0.60489 -5.689418315887451172e-02
0.60606 5.538129806518554688e-02
0.60723 -3.552412986755371094e-02
0.6084 4.865050315856933594e-02
0.60957 -6.536281108856201172e-02
0.61074 -2.074372768402099609e-02
0.61191 -5.739039182662963867e-02
0.61308 4.262542724609375000e-02
0.61425 -9.743332862854003906e-03
0.61542 -1.150211691856384277e-01
0.61659 4.546153545379638672e-02
0.61776 4.553210735321044922e-02
0.61893 8.742535114288330078e-02
0.6201 -7.916182279586791992e-02
0.62127 -1.244932413101196289e-02
0.62244 -1.885151863098144531e-02
0.62361 2.822875976562500000e-04
0.62478 -3.593212366104125977e-02
0.62595 -7.498264312744140625e-02
0.62712 2.631890773773193359e-02
0.62829 2.171409130096435547e-02
0.62946 -1.092386841773986816e-01
0.63063 1.175992488861083984e-01
0.6318 -7.843405008316040039e-02
0.63297 2.372980117797851562e-02
0.63414 -1.673436164855957031e-02
0.63531 4.712438583374023438e-02
0.63648 -3.198671340942382812e-02
0.63765 4.709351062774658203e-02
0.63882 9.483098983764648438e-03
0.63999 8.018732070922851562e-03
0.64116 -4.291653633117675781e-02
0.64233 3.350400924682617188e-02
0.6435 4.033625125885009766e-02
0.64467 4.563355445861816406e-02
0.64584 -9.511548280715942383e-02
0.64701 -1.896619796752929688e-03
0.64818 -3.317981958389282227e-02
0.64935 3.801178932189941406e-02
0.65052 9.043788909912109375e-02
0.65169 -3.440821170806884766e-02
0.65286 -4.921948909759521484e-02
0.65403 7.648670673370361328e-02
0.6552 7.781434059143066406e-02
0.65637 6.676101684570312500e-02
0.65754 -4.597759246826171875e-02
0.65871 8.248972892761230469e-02
0.65988 7.930517196655273438e-02
0.66105 2.777004241943359375e-02
0.66222 -5.714559555053710938e-02
0.66339 -4.981935024261474609e-03
0.66456 1.511561870574951172e-02
0.66573 -5.733966827392578125e-02
0.6669 -8.164286613464355469e-03
0.66807 -5.013030767440795898e-02
0.66924 5.883491039276123047e-02
0.67041 2.713489532470703125e-02
0.67158 -3.093034029006958008e-02
0.67275 4.416477680206298828e-02
0.67392 -4.150068759918212891e-02
0.67509 -5.906867980957031250e-02
0.67626 -1.641017198562622070e-02
0.67743 3.757953643798828125e-02
0.6786 -1.781719923019409180e-02
0.67977 1.203515529632568359e-01
0.68094 -5.509901046752929688e-02
0.68211 -8.512735366821289062e-03
0.68328 1.922643184661865234e-02
0.68445 -7.837450504302978516e-02
0.68562 -3.077816963195800781e-02
0.68679 2.869629859924316406e-02
0.68796 -1.269191503524780273e-02
0.68913 -3.486031293869018555e-02
0.6903 -7.984328269958496094e-02
0.69147 -5.292230844497680664e-02
0.69264 2.971518039703369141e-02
0.69381 1.490390300750732422e-02
0.69498 -1.028585433959960938e-02
0.69615 -6.515330076217651367e-02
0.69732 -3.423398733139038086e-02
0.69849 -2.983868122100830078e-03
0.69966 4.169917106628417969e-02
0.70083 -1.638370752334594727e-02
0.702 -4.350537061691284180e-02
0.70317 -1.243565082550048828e-01
0.70434 -4.042667150497436523e-02
0.70551 -3.954452276229858398e-02
0.70668 -9.341955184936523438e-02
0.70785 7.156431674957275391e-02
0.70902 -8.437311649322509766e-02
0.71019 -7.443350553512573242e-02
0.71136 1.313078403472900391e-02
0.71253 -4.032301902770996094e-02
0.7137 4.492783546447753906e-02
0.71487 -8.516043424606323242e-02
0.71604 -3.855210542678833008e-02
0.71721 -2.759361267089843750e-02
0.71838 2.773916721343994141e-02
0.71955 4.658627510070800781e-02
0.72072 -1.425331830978393555e-02
0.72189 -6.483131647109985352e-02
0.72306 -1.177227497100830078e-02
0.72423 4.244017601013183594e-02
0.7254 7.148492336273193359e-02
0.72657 5.041480064392089844e-03
0.72774 -7.193040847778320312e-02
0.72891 1.756799221038818359e-02
0.73008 1.643354892730712891e-01
0.73125 -1.424868702888488770e-01
0.73242 2.946817874908447266e-02
0.73359 8.473038673400878906e-03
0.73476 5.764400959014892578e-02
0.73593 2.778768539428710938e-03
0.7371 1.093555688858032227e-01
0.73827 -4.501384496688842773e-02
0.73944 -3.696423768997192383e-02
0.74061 3.933501243591308594e-02
0.74178 -7.000732421875000000e-02
0.74295 -7.481062412261962891e-02
0.74412 -3.326803445816040039e-02
0.74529 -8.717173337936401367e-02
0.74646 1.833546161651611328e-02
0.74763 -4.198366403579711914e-02
0.7488 -2.543014287948608398e-02
0.74997 8.217656612396240234e-02
0.75114 3.334522247314453125e-02
0.75231 -7.900083065032958984e-02
0.75348 -2.120023965835571289e-02
0.75465 -5.903780460357666016e-02
0.75582 1.023424863815307617e-01
0.75699 -6.011843681335449219e-02
0.75816 6.168425083160400391e-02
0.75933 -3.153681755065917969e-02
0.7605 -6.569582223892211914e-02
0.76167 5.160570144653320312e-03
0.76284 -4.545491933822631836e-02
0.76401 1.951754093170166016e-02
0.76518 1.397323608398437500e-02
0.76635 -6.030368804931640625e-02
0.76752 -6.336033344268798828e-02
0.76869 8.811342716217041016e-02
0.76986 -1.126945018768310547e-02
0.77103 -9.012252092361450195e-02
0.7722 -1.999610662460327148e-02
0.77337 1.957488059997558594e-02
0.77454 -7.713067531585693359e-02
0.77571 -3.352165222167968750e-04
0.77688 -7.818043231964111328e-03
0.77805 -1.485362052917480469e-01
0.77922 2.500891685485839844e-02
0.78039 -5.423009395599365234e-02
0.78156 2.164351940155029297e-02
0.78273 -9.468984603881835938e-02
0.7839 9.990334510803222656e-02
0.78507 2.204930782318115234e-02
0.78624 8.349978923797607422e-02
0.78741 -1.788556575775146484e-02
0.78858 1.609480381011962891e-02
0.78975 -2.237570285797119141e-02
0.79092 5.467557907104492188e-02
0.79209 -6.856501102447509766e-03
0.79326 9.274911880493164062e-02
0.79443 3.899097442626953125e-03
0.7956 3.025329113006591797e-02
0.79677 2.968430519104003906e-02
0.79794 -5.193430185317993164e-02
0.79911 4.601287841796875000e-02
0.80028 -1.268882751464843750e-01
0.80145 8.233094215393066406e-02
0.80262 -5.690741539001464844e-02
0.80379 5.545628070831298828e-02
0.80496 3.222489356994628906e-02
0.80613 1.364684104919433594e-02
0.8073 1.523029804229736328e-02
0.80847 6.302511692047119141e-02
0.80964 -5.834752321243286133e-02
0.81081 -4.622459411621093750e-03
0.81198 1.605951786041259766e-02
0.81315 1.047683954238891602e-01
0.81432 7.101297378540039062e-04
0.81549 8.770763874053955078e-02
0.81666 -2.718341350555419922e-02
0.81783 9.584546089172363281e-03
0.819 -8.549344539642333984e-02
0.82017 5.350232124328613281e-03
0.82134 1.223672628402709961e-01
0.82251 7.851123809814453125e-03
0.82368 6.782400608062744141e-02
0.82485 6.760787963867187500e-02
0.82602 3.528594970703125000e-03
0.82719 -6.325006484985351562e-03
0.82836 5.079853534698486328e-02
0.82953 7.701158523559570312e-03
0.8307 2.986073493957519531e-02
0.83187 -1.334691047668457031e-02
0.83304 1.719307899475097656e-02
0.83421 -8.792817592620849609e-03
0.83538 6.924867630004882812e-03
0.83655 -3.248071670532226562e-02
0.83772 1.355421543121337891e-02
0.83889 -1.235515475273132324e-01
0.84006 9.292995929718017578e-02
0.84123 1.358067989349365234e-02
0.8424 1.460397243499755859e-02
0.84357 2.955639362335205078e-02
0.84474 2.827286720275878906e-03
0.84591 3.478312492370605469e-02
0.84708 8.001089096069335938e-03
0.84825 5.370080471038818359e-02
0.84942 -7.553398609161376953e-03
0.85059 1.114815473556518555e-01
0.85176 1.063474416732788086e-01
0.85293 1.025894880294799805e-01
0.8541 -4.142129421234130859e-02
0.85527 -2.771711349487304688e-02
0.85644 4.281508922576904297e-02
0.85761 1.018484830856323242e-01
0.85878 4.509985446929931641e-02
0.85995 8.063721656799316406e-02
0.86112 -6.290382146835327148e-02
0.86229 -4.393541812896728516e-02
0.86346 -4.761618375778198242e-02
0.86463 -3.322833776473999023e-02
0.8658 -7.011979818344116211e-02
0.86697 1.916909217834472656e-02
0.86814 6.834006309509277344e-02
0.86931 1.110228300094604492e-01
0.87048 5.170273780822753906e-02
0.87165 1.546406745910644531e-02
0.87282 1.927936077117919922e-02
0.87399 4.389131069183349609e-02
0.87516 7.489442825317382812e-03
0.87633 5.228936672210693359e-02
0.8775 -2.326226234436035156e-02
0.87867 8.106946945190429688e-03
0.87984 -2.957183122634887695e-02
0.88101 2.879774570465087891e-02
0.88218 2.438700199127197266e-02
0.88335 -9.044009447097778320e-02
0.88452 -4.169917106628417969e-02
0.88569 5.704855918884277344e-02
0.88686 -3.021359443664550781e-03
0.88803 -5.080515146255493164e-02
0.8892 8.630943298339843750e-02
0.89037 -4.931873083114624023e-02
0.89154 1.148116588592529297e-02
0.89271 3.524184226989746094e-03
0.89388 -5.354201793670654297e-02
0.89505 -3.088623285293579102e-02
0.89622 -3.016287088394165039e-02
0.89739 -2.536398172378540039e-02
0.89856 1.218864917755126953e-01
0.89973 -4.053032398223876953e-02
0.9009 6.933248043060302734e-02
0.90207 2.836549282073974609e-02
0.90324 -3.128981590270996094e-02
0.90441 4.338848590850830078e-02
0.90558 1.963663101196289062e-02
0.90675 -7.183337211608886719e-02
0.90792 1.140927076339721680e-01
0.90909 4.094493389129638672e-02
0.91026 -1.808404922485351562e-03
0.91143 3.278505802154541016e-02
0.9126 7.116734981536865234e-02
0.91377 -2.529120445251464844e-02
0.91494 -8.638441562652587891e-03
0.91611 -5.605393648147583008e-02
0.91728 3.458905220031738281e-02
0.91845 -1.169508695602416992e-01
0.91962 -1.606613397598266602e-02
0.92079 4.846966266632080078e-02
0.92196 7.479298114776611328e-02
0.92313 9.553229808807373047e-02
0.9243 2.204930782318115234e-02
0.92547 -7.971537113189697266e-02
0.92664 1.615655422210693359e-02
0.92781 2.879774570465087891e-02
0.92898 -1.500027775764465332e-01
0.93015 -8.052253723144531250e-02
0.93132 -5.416613817214965820e-02
0.93249 5.870699882507324219e-03
0.93366 -3.164267539978027344e-02
0.93483 -6.014931201934814453e-02
0.936 1.491316556930541992e-01
0.93717 -4.086333513259887695e-02
0.93834 4.504692554473876953e-02
0.93951 6.179010868072509766e-02
0.94068 6.852090358734130859e-02
0.94185 -1.123989820480346680e-01
0.94302 1.345365047454833984e-01
0.94419 -9.733629226684570312e-02
0.94536 7.140111923217773438e-02
0.94653 -7.155108451843261719e-02
0.9477 -5.392354726791381836e-02
0.94887 3.372454643249511719e-02
0.95004 -5.463808774948120117e-02
0.95121 4.229021072387695312e-02
0.95238 -1.201288104057312012e-01
0.95355 1.154820919036865234e-01
0.95472 -3.421413898468017578e-02
0.95589 -1.627784967422485352e-02
0.95706 9.042024612426757812e-02
0.95823 1.972925662994384766e-02
0.9594 8.005940914154052734e-02
0.96057 -1.940727233886718750e-02
0.96174 -1.110625267028808594e-02
0.96291 -2.330857515335083008e-02
0.96408 9.348571300506591797e-02
0.96525 6.471002101898193359e-02
0.96642 7.144081592559814453e-02
0.96759 8.042991161346435547e-02
0.96876 -3.314012289047241211e-02
0.96993 -3.598725795745849609e-02
0.9711 3.013420104980468750e-02
0.97227 3.800296783447265625e-02
0.97344 6.686246395111083984e-02
0.97461 1.896619796752929688e-03
0.97578 -9.440976381301879883e-02
0.97695 -4.195499420166015625e-02
0.97812 5.864965915679931641e-02
0.97929 3.289532661437988281e-02
0.98046 -2.316522598266601562e-02
0.98163 1.539349555969238281e-02
0.9828 4.768013954162597656e-03
0.98397 -4.082143306732177734e-02
0.98514 -4.571735858917236328e-03
0.98631 8.353948593139648438e-03
0.98748 1.473629474639892578e-02
0.98865 -3.133612871170043945e-02
0.98982 6.856060028076171875e-02
0.99099 4.357814788818359375e-03
0.99216 3.805589675903320312e-02
0.99333 -5.155056715011596680e-02
0.9945 2.717018127441406250e-03
0.99567 5.708384513854980469e-02
0.99684 6.781518459320068359e-02
0.99801 4.623782634735107422e-02
0.99918 1.071105003356933594e-01
1.00035 9.500433206558227539e-01
1.00152 9.106818437576293945e-01
1.00269 6.351029872894287109e-02
1.00386 1.004590988159179688e-01
1.00503 5.501520633697509766e-02
1.0062 2.196021080017089844e-01
1.00737 1.585662364959716797e-02
1.00854 1.204838752746582031e-01
1.00971 7.943749427795410156e-03
1.01088 -3.620558977127075195e-02
1.01205 -1.324325799942016602e-02
1.01322 -1.550420522689819336e-01
1.01439 -1.979541778564453125e-02
1.01556 5.043244361877441406e-02
1.01673 2.170526981353759766e-02
1.0179 5.451679229736328125e-03
1.01907 -2.089810371398925781e-02
1.02024 3.013861179351806641e-02
1.02141 5.927598476409912109e-02
1.02258 9.115242958068847656e-02
1.02375 7.612943649291992188e-03
1.02492 -6.397342681884765625e-02
1.02609 1.683007478713989258e-01
1.02726 4.670977592468261719e-02
1.02843 -7.423281669616699219e-03
1.0296 2.945053577423095703e-02
1.03077 -8.704602718353271484e-03
1.03194 6.013607978820800781e-02
1.03311 6.227970123291015625e-02
1.03428 3.664004802703857422e-02
1.03545 -4.962307214736938477e-02
1.03662 -3.823012113571166992e-02
1.03779 -9.699225425720214844e-03
1.03896 -5.192989110946655273e-02
1.04013 4.829764366149902344e-03
1.0413 -7.039546966552734375e-02
1.04247 -6.485116481781005859e-02
1.04364 -3.267258405685424805e-02
1.04481 2.518534660339355469e-03
1.04598 -6.115275621414184570e-02
1.04715 -3.483825922012329102e-02
1.04832 6.356763839721679688e-02
1.04949 2.394592761993408203e-02
1.05066 -9.214043617248535156e-03
1.05183 -1.825606822967529297e-02
1.053 -5.219674110412597656e-02
1.05417 -4.195940494537353516e-02
1.05534 2.558231353759765625e-03
1.05651 1.178859472274780273e-01
1.05768 5.422127246856689453e-02
1.05885 -1.635503768920898438e-02
1.06002 6.002581119537353516e-02
1.06119 -6.329417228698730469e-04
1.06236 7.405638694763183594e-02
1.06353 5.138516426086425781e-02
1.0647 -1.247137784957885742e-02
1.06587 6.695508956909179688e-03
1.06704 1.341748237609863281e-02
1.06821 -5.073457956314086914e-02
1.06938 4.813444614410400391e-02
1.07055 -3.944528102874755859e-02
1.07172 -3.390097618103027344e-02
1.07289 -1.130958795547485352e-01
1.07406 -1.194341182708740234e-01
1.07523 9.918880462646484375e-02
1.0764 4.479992389678955078e-02
1.07757 4.187560081481933594e-02
1.07874 -9.733629226684570312e-02
1.07991 1.046228408813476562e-02
1.08108 -1.085241436958312988e-01
1.08225 5.587530136108398438e-02
1.08342 1.201045513153076172e-02
1.08459 3.147065639495849609e-02
1.08576 5.716764926910400391e-02
1.08693 7.807457447052001953e-02
1.0881 -7.820248603820800781e-02
1.08927 -6.697714328765869141e-02
1.09044 -1.251769065856933594e-01
1.09161 1.526117324829101562e-03
1.09278 -1.091416478157043457e-01
1.09395 -6.126523017883300781e-02
1.09512 8.122384548187255859e-02
1.09629 -2.686804533004760742e-02
1.09746 -1.999059319496154785e-01
1.09863 6.883847713470458984e-02
1.0998 2.837431430816650391e-02
1.10097 4.748606681823730469e-02
1.10214 2.959167957305908203e-02
1.10331 -1.946681737899780273e-02
1.10448 -3.833818435668945312e-02
1.10565 -5.656558275222778320e-02
1.10682 -6.078666448593139648e-02
1.10799 8.465099334716796875e-02
1.10916 -3.816395998001098633e-02
1.11033 -2.485895156860351562e-02
1.1115 -1.262575387954711914e-02
1.11267 -1.231501698493957520e-01
1.11384 -3.211683034896850586e-02
1.11501 -5.237978696823120117e-02
1.11618 -1.197516918182373047e-02
1.11735 -9.050846099853515625e-03
1.11852 3.246307373046875000e-02
1.11969 9.061872959136962891e-02
1.12086 -1.000908017158508301e-01
1.12203 -1.034407615661621094e-01
1.1232 -1.323575973510742188e-01
1.12437 -5.394119024276733398e-02
1.12554 2.163910865783691406e-02
1.12671 6.236791610717773438e-03
1.12788 -1.115940213203430176e-01
1.12905 -2.554041147232055664e-02
1.13022 -3.425383567810058594e-02
1.13139 -7.924121618270874023e-02
1.13256 -2.423703670501708984e-02
1.13373 4.306650161743164062e-02
1.1349 -1.548193097114562988e-01
1.13607 -5.473512411117553711e-02
1.13724 9.434580802917480469e-02
1.13841 -9.972691535949707031e-03
1.13958 8.517146110534667969e-02
1.14075 -6.463944911956787109e-02
1.14192 -2.010858058929443359e-02
1.14309 -9.488832950592041016e-02
1.14426 9.836840629577636719e-02
1.14543 1.419818401336669922e-02
1.1466 -1.066914796829223633e-01
1.14777 7.082772254943847656e-02
1.14894 -1.997184753417968750e-02
1.15011 -4.977524280548095703e-03
1.15128 -4.354286193847656250e-02
1.15245 -1.839280128479003906e-02
1.15362 -9.659528732299804688e-03
1.15479 2.931821346282958984e-02
1.15596 -6.803131103515625000e-02
1.15713 3.219842910766601562e-03
1.1583 -3.449642658233642578e-02
1.15947 5.455648899078369141e-02
1.16064 4.829764366149902344e-02
1.16181 1.275587081909179688e-02
1.16298 7.521200180053710938e-02
1.16415 8.207511901855468750e-02
1.16532 6.511580944061279297e-02
1.16649 7.214653491973876953e-02
1.16766 2.582049369812011719e-02
1.16883 2.183318138122558594e-02
1.17 5.045008659362792969e-02
1.17117 9.421348571777343750e-03
1.17234 -1.617529988288879395e-01
1.17351 -8.620798587799072266e-02
1.17468 -3.284019231796264648e-02
1.17585 5.699563026428222656e-02
1.17702 9.591162204742431641e-02
1.17819 7.859945297241210938e-03
1.17936 -3.085756301879882812e-02
1.18053 -2.616232633590698242e-02
1.1817 8.944988250732421875e-03
1.18287 -3.831833600997924805e-02
1.18404 -3.864693641662597656e-02
1.18521 -4.307532310485839844e-02
1.18638 -1.607716083526611328e-02
1.18755 9.946227073669433594e-03
1.18872 -4.463452100753784180e-02
1.18989 6.392490863800048828e-02
1.19106 -3.850579261779785156e-03
1.19223 -2.140754461288452148e-02
1.1934 -1.009354591369628906e-01
1.19457 -1.105332374572753906e-01
1.19574 4.019951820373535156e-02
1.19691 9.358274936676025391e-02
1.19808 -2.679306268692016602e-02
1.19925 1.256400346755981445e-01
1.20042 -9.357833862304687500e-02
1.20159 9.312844276428222656e-02
1.20276 6.473648548126220703e-02
1.20393 -5.781161785125732422e-02
1.2051 -6.356322765350341797e-02
1.20627 7.458567619323730469e-03
1.20744 8.022701740264892578e-02
1.20861 7.732033729553222656e-03
1.20978 -1.173566579818725586e-01
1.21095 9.602630138397216797e-02
1.21212 -1.686227321624755859e-02
1.21329 -1.302492618560791016e-02
1.21446 -2.238672971725463867e-02
1.21563 5.209088325500488281e-02
1.2168 -2.916163206100463867e-02
1.21797 3.719580173492431641e-02
1.21914 1.237522363662719727e-01
1.22031 9.122741222381591797e-02
1.22148 3.218960762023925781e-02
1.22265 9.164202213287353516e-02
1.22382 -9.118771553039550781e-02
1.22499 6.177687644958496094e-02
1.22616 -1.437681913375854492e-02
1.22733 -3.290194272994995117e-02
1.2285 5.815124511718750000e-02
1.22967 -5.453884601593017578e-03
1.23084 4.106402397155761719e-02
1.23201 2.570140361785888672e-02
1.23318 -5.204677581787109375e-02
1.23435 6.635081768035888672e-02
1.23552 4.561150074005126953e-02
1.23669 7.147610187530517578e-02
1.23786 6.104910373687744141e-02
1.23903 -9.053933620452880859e-02
1.2402 -9.528309106826782227e-02
1.24137 2.653503417968750000e-02
1.24254 4.749488830566406250e-02
1.24371 2.140533924102783203e-02
1.24488 -5.361258983612060547e-03
1.24605 -8.433783054351806641e-02
1.24722 -7.017934322357177734e-02
1.24839 9.496331214904785156e-03
1.24956 -4.475140571594238281e-02
1.25073 9.447813034057617188e-03
1.2519 6.941628456115722656e-02
1.25307 -1.142911911010742188e-01
1.25424 7.480621337890625000e-02
1.25541 -7.229208946228027344e-03
1.25658 -7.816940546035766602e-02
1.25775 -8.941459655761718750e-02
1.25892 -5.179536342620849609e-02
1.26009 -7.399022579193115234e-03
1.26126 8.314251899719238281e-02
1.26243 7.940220832824707031e-02
1.2636 5.561506748199462891e-02
1.26477 1.015706062316894531e-01
1.26594 -3.243440389633178711e-02
1.26711 -7.962715625762939453e-02
1.26828 -4.655539989471435547e-02
1.26945 -1.895517110824584961e-02
1.27062 2.650856971740722656e-02
1.27179 -5.853056907653808594e-03
1.27296 3.682971000671386719e-03
1.27413 -1.126945018768310547e-02
1.2753 -3.511834144592285156e-02
1.27647 9.677612781524658203e-02
1.27764 2.087163925170898438e-02
1.27881 -1.684242486953735352e-02
1.27998 -2.534192800521850586e-02
1.28115 -1.747316122055053711e-02
1.28232 2.896535396575927734e-02
1.28349 1.202809810638427734e-01
1.28466 -6.740939617156982422e-02
1.28583 1.367330551147460938e-04
1.287 -9.954607486724853516e-02
1.28817 -3.840875625610351562e-02
1.28934 5.799686908721923828e-02
1.29051 6.879878044128417969e-02
1.29168 -6.312435865402221680e-02
1.29285 -3.768759965896606445e-02
1.29402 4.807710647583007812e-02
1.29519 1.082881689071655273e-01
1.29636 -1.508253812789916992e-02
1.29753 1.192929744720458984e-01
1.2987 -8.665567636489868164e-02
1.29987 1.016676425933837891e-02
1.30104 -3.615266084671020508e-02
1.30221 3.893363475799560547e-02
1.30338 -1.340072154998779297e-01
1.30455 -7.231414318084716797e-03
1.30572 -1.075118780136108398e-02
1.30689 -2.223014831542968750e-02
1.30806 5.144691467285156250e-02
1.30923 -5.688315629959106445e-02
1.3104 -1.153409481048583984e-02
1.31157 5.208647251129150391e-02
1.31274 -6.023973226547241211e-02
1.31391 2.972841262817382812e-02
1.31508 -1.872581243515014648e-02
1.31625 -7.955217361450195312e-02
1.31742 6.438362598419189453e-02
1.31859 2.416205406188964844e-02
1.31976 -1.008516550064086914e-02
1.32093 -2.928292751312255859e-02
1.3221 1.599335670471191406e-02
1.32327 -1.835310459136962891e-02
1.32444 1.183270215988159180e-01
1.32561 2.842283248901367188e-02
1.32678 5.540335178375244141e-02
1.32795 1.390795707702636719e-01
1.32912 7.846271991729736328e-02
1.33029 1.512135267257690430e-01
1.33146 -1.918894052505493164e-02
1.33263 -6.264799833297729492e-02
1.3338 -1.032466888427734375e-01
1.33497 -1.604628562927246094e-02
1.33614 -5.899149179458618164e-02
1.33731 -3.117734193801879883e-02
1.33848 5.713236331939697266e-02
1.33965 -3.972536325454711914e-02
1.34082 3.751778602600097656e-02
1.34199 -5.303698778152465820e-02
1.34316 -1.519721746444702148e-02
1.34433 -5.208647251129150391e-02
1.3455 6.423366069793701172e-02
1.34667 8.866918087005615234e-02
1.34784 5.917894840240478516e-02
1.34901 2.012622356414794922e-02
1.35018 8.167374134063720703e-02
1.35135 -4.570633172988891602e-02
1.35252 2.827286720275878906e-03
1.35369 -2.311450242996215820e-02
1.35486 -3.517347574234008789e-02
1.35603 1.394236087799072266e-02
1.3572 9.663498401641845703e-02
1.35837 3.741633892059326172e-02
1.35954 -2.890580892562866211e-02
1.36071 5.916571617126464844e-02
1.36188 6.157839298248291016e-02
1.36305 2.831256389617919922e-02
1.36422 -6.495702266693115234e-02
1.36539 -3.509408235549926758e-02
1.36656 6.704330444335937500e-04
1.36773 2.700698375701904297e-02
1.3689 3.772950172424316406e-02
1.37007 -2.979457378387451172e-02
1.37124 4.064941406250000000e-02
1.37241 3.850138187408447266e-02
1.37358 4.138600826263427734e-02
1.37475 -1.749653816223144531e-01
1.37592 -1.828253269195556641e-02
1.37709 -5.367875099182128906e-03
1.37826 1.376152038574218750e-03
1.37943 -5.257827043533325195e-02
1.3806 -1.358067989349365234e-02
1.38177 1.833105087280273438e-02
1.38294 -8.534789085388183594e-04
1.38411 9.466338157653808594e-02
1.38528 1.197075843811035156e-02
1.38645 -8.384162187576293945e-02
1.38762 6.241643428802490234e-02
1.38879 9.564256668090820312e-02
1.38996 -2.664309740066528320e-02
1.39113 7.520318031311035156e-03
1.3923 -3.607547283172607422e-02
1.39347 -2.946597337722778320e-02
1.39464 3.123688697814941406e-02
1.39581 -1.440548896789550781e-02
1.39698 -6.850105524063110352e-02
1.39815 -8.285802602767944336e-02
1.39932 5.173802375793457031e-02
1.40049 -9.014678001403808594e-02
1.40166 5.857467651367187500e-03
1.40283 4.564678668975830078e-02
1.404 1.750624179840087891e-02
1.40517 6.077122688293457031e-02
1.40634 -2.252125740051269531e-02
1.40751 -3.782653808593750000e-02
1.40868 -2.545219659805297852e-02
1.40985 4.428386688232421875e-02
1.41102 -7.741075754165649414e-02
1.41219 7.226562500000000000e-02
1.41336 4.372811317443847656e-02
1.41453 -9.564697742462158203e-03
1.4157 -5.097937583923339844e-02
1.41687 3.523302078247070312e-02
1.41804 -2.309024333953857422e-02
1.41921 6.800484657287597656e-02
1.42038 3.951585292816162109e-02
1.42155 -2.163249254226684570e-02
1.42272 -5.464690923690795898e-02
1.42389 3.645038604736328125e-02
1.42506 -7.352489233016967773e-02
1.42623 -5.953180789947509766e-02
1.4274 2.937555313110351562e-02
1.42857 6.676542758941650391e-02
1.42974 -2.548307180404663086e-02
1.43091 -4.801094532012939453e-02
1.43208 4.833292961120605469e-02
1.43325 -1.586544513702392578e-02
1.43442 -5.309653282165527344e-02
1.43559 -4.453527927398681641e-02
1.43676 1.450693607330322266e-02
1.43793 -6.955742835998535156e-02
1.4391 4.571294784545898438e-02
1.44027 3.320848941802978516e-02
1.44144 1.320576667785644531e-02
1.44261 -9.846323728561401367e-02
1.44378 9.994745254516601562e-02
1.44495 -2.263152599334716797e-02
1.44612 5.136311054229736328e-02
1.44729 -2.949684858322143555e-02
1.44846 -1.983511447906494141e-02
1.44963 1.014471054077148438e-04
1.4508 -1.319473981857299805e-02
1.45197 -1.504504680633544922e-02
1.45314 -9.932994842529296875e-02
1.45431 -9.208750724792480469e-02
1.45548 7.732915878295898438e-02
1.45665 -8.301681280136108398e-02
1.45782 -4.598420858383178711e-02
1.45899 -1.301941275596618652e-01
1.46016 -8.105403184890747070e-02
1.46133 -1.258385181427001953e-02
1.4625 1.435167789459228516e-01
1.46367 4.472935199737548828e-02
1.46484 3.536975383758544922e-02
1.46601 5.787336826324462891e-02
1.46718 6.779754161834716797e-02
1.46835 -4.031419754028320312e-02
1.46952 -8.271247148513793945e-02
1.47069 -1.060783863067626953e-03
1.47186 -5.770796537399291992e-02
1.47303 2.444875240325927734e-02
1.4742 -2.666294574737548828e-03
1.47537 -1.692843437194824219e-02
1.47654 -2.919691801071166992e-02
1.47771 1.151204109191894531e-01
1.47888 8.629179000854492188e-02
1.48005 -5.295097827911376953e-03
1.48122 -3.111118078231811523e-02
1.48239 3.752660751342773438e-02
1.48356 3.948497772216796875e-02
1.48473 -4.525643587112426758e-02
1.4859 6.212973594665527344e-02
1.48707 5.606937408447265625e-02
1.48824 -1.132965683937072754e-01
1.48941 -2.260726690292358398e-02
1.49058 -3.476107120513916016e-02
1.49175 5.573415756225585938e-02
1.49292 1.656234264373779297e-02
1.49409 5.600762367248535156e-02
1.49526 -1.040340065956115723e-01
1.49643 8.177518844604492188e-03
1.4976 1.125180721282958984e-01
1.49877 3.480958938598632812e-02
1.49994 5.487406253814697266e-02
1.50111 2.236688137054443359e-02
1.50228 -1.729011535644531250e-03
1.50345 -7.763350009918212891e-02
1.50462 1.554346084594726562e-02
1.50579 -1.706957817077636719e-03
1.50696 6.470119953155517578e-02
1.50813 7.159078121185302734e-02
1.5093 9.315490722656250000e-03
1.51047 6.289720535278320312e-03
1.51164 5.284070968627929688e-03
1.51281 3.666210174560546875e-02
1.51398 3.334522247314453125e-03
1.51515 1.643884181976318359e-02
1.51632 1.971602439880371094e-03
1.51749 -1.460397243499755859e-02
1.51866 4.454851150512695312e-04
1.51983 -6.697714328765869141e-03
1.521 -3.098106384277343750e-02
1.52217 5.181300640106201172e-02
1.52334 3.136038780212402344e-03
1.52451 1.138412952423095703e-02
1.52568 -4.075968265533447266e-02
1.52685 1.720190048217773438e-04
1.52802 9.892416000366210938e-02
1.52919 -9.209412336349487305e-02
1.53036 3.132069110870361328e-02
1.53153 -6.506949663162231445e-02
1.5327 -8.823472261428833008e-02
1.53387 1.120328903198242188e-02
1.53504 1.705987453460693359e-01
1.53621 6.162691116333007812e-02
1.53738 3.628718852996826172e-02
1.53855 3.785741329193115234e-02
1.53972 -1.121938824653625488e-01
1.54089 2.778768539428710938e-03
1.54206 -1.386098265647888184e-01
1.54323 -6.413221359252929688e-02
1.5444 -8.422315120697021484e-03
1.54557 -9.906530380249023438e-03
1.54674 -1.789879798889160156e-02
1.54791 7.254791259765625000e-02
1.54908 -4.487049579620361328e-02
1.55025 2.514564990997314453e-02
1.55142 -8.265733718872070312e-03
1.55259 -6.449830532073974609e-02
1.55376 -4.421108961105346680e-02
1.55493 -3.052014112472534180e-02
1.5561 -9.175008535385131836e-02
1.55727 -3.408402204513549805e-02
1.55844 -6.057053804397583008e-02
1.55961 -1.263678073883056641e-02
1.56078 -3.733915090560913086e-02
1.56195 -1.251107454299926758e-02
1.56312 1.566696166992187500e-01
1.56429 2.761125564575195312e-03
1.56546 6.817686557769775391e-02
1.56663 -5.720955133438110352e-02
1.5678 -1.546847820281982422e-02
1.56897 8.869123458862304688e-02
1.57014 -1.076728701591491699e-01
1.57131 -3.825658559799194336e-02
1.57248 -7.506424188613891602e-02
1.57365 8.011674880981445312e-02
1.57482 1.983070373535156250e-02
1.57599 8.863389492034912109e-02
1.57716 7.023227214813232422e-02
1.57833 -1.526690721511840820e-01
1.5795 -7.352489233016967773e-02
1.58067 -1.520824432373046875e-02
1.58184 -6.131595373153686523e-02
1.58301 7.182013988494873047e-02
1.58418 8.391880989074707031e-02
1.58535 4.318118095397949219e-03
1.58652 5.019867420196533203e-02
1.58769 -5.444842576980590820e-02
1.58886 3.419208526611328125e-02
1.59003 1.298522949218750000e-02
1.5912 2.196991443634033203e-02
1.59237 8.188104629516601562e-02
1.59354 -5.637592077255249023e-02
1.59471 -1.185144782066345215e-01
1.59588 5.987584590911865234e-02
1.59705 2.492511272430419922e-02
1.59822 9.544849395751953125e-03
1.59939 -2.515667676925659180e-02
1.60056 5.439329147338867188e-02
1.60173 -1.139736175537109375e-01
1.6029 -6.150782108306884766e-03
1.60407 1.737833023071289062e-02
1.60524 -2.470457553863525391e-02
1.60641 -1.306726932525634766e-01
1.60758 -8.752238750457763672e-02
1.60875 2.302408218383789062e-02
1.60992 1.369094848632812500e-02
1.61109 4.071998596191406250e-02
1.61226 -9.266310930252075195e-02
1.61343 -7.478195428848266602e-02
1.6146 2.017033100128173828e-02
1.61577 -9.520590305328369141e-03
1.61694 3.770303726196289062e-02
1.61811 5.988025665283203125e-02
1.61928 2.574992179870605469e-02
1.62045 -1.262685656547546387e-01
1.62162 5.182182788848876953e-02
1.62279 -1.509797573089599609e-02
1.62396 -1.862436532974243164e-02
1.62513 2.422380447387695312e-02
1.6263 -1.212513446807861328e-02
1.62747 4.457938671112060547e-02
1.62864 8.742094039916992188e-03
1.62981 5.086028575897216797e-02
1.63098 -1.310255527496337891e-01
1.63215 3.746044635772705078e-02
1.63332 3.761923313140869141e-02
1.63449 1.908528804779052734e-01
1.63566 -2.481043338775634766e-02
1.63683 -5.819976329803466797e-03
1.638 -2.998203039169311523e-02
1.63917 3.282475471496582031e-02
1.64034 -4.890632629394531250e-02
1.64151 -9.379887580871582031e-02
1.64268 7.626616954803466797e-02
1.64385 -9.868377447128295898e-02
1.64502 -3.511613607406616211e-02
1.64619 -3.418105840682983398e-02
1.64736 4.923713207244873047e-02
1.64853 -8.863830566406250000e-02
1.6497 -4.154920578002929688e-03
1.65087 9.011149406433105469e-02
1.65204 4.393982887268066406e-02
1.65321 2.744364738464355469e-02
1.65438 -8.610874414443969727e-02
1.65555 6.402194499969482422e-02
1.65672 7.250821590423583984e-02
1.65789 8.338952064514160156e-02
1.65906 8.631825447082519531e-03
1.66023 -3.268581628799438477e-02
1.6614 2.421498298645019531e-02
1.66257 -8.951383829116821289e-02
1.66374 6.205916404724121094e-02
1.66491 2.203166484832763672e-02
1.66608 -1.253952383995056152e-01
1.66725 8.018290996551513672e-02
1.66842 1.331118345260620117e-01
1.66959 -1.068127751350402832e-01
1.67076 -6.425571441650390625e-02
1.67193 -5.552023649215698242e-02
1.6731 1.120064258575439453e-01
1.67427 -1.031077504158020020e-01
1.67544 -6.449830532073974609e-02
1.67661 -2.962476015090942383e-02
1.67778 1.257061958312988281e-02
1.67895 7.462978363037109375e-03
1.68012 7.973742485046386719e-02
1.68129 1.878094673156738281e-02
1.68246 -1.085042953491210938e-02
1.68363 -5.595910549163818359e-02
1.6848 -2.031147480010986328e-03
1.68597 -5.293995141983032227e-02
1.68714 -4.483741521835327148e-02
1.68831 3.422296047210693359e-02
1.68948 -1.422839760780334473e-01
1.69065 -4.244679212570190430e-02
1.69182 4.119634628295898438e-03
1.69299 -2.309906482696533203e-02
1.69416 -2.726942300796508789e-02
1.69533 3.926444053649902344e-02
1.6965 -5.976557731628417969e-02
1.69767 4.943561553955078125e-02
1.69884 4.678475856781005859e-02
1.70001 2.535736560821533203e-02
1.70118 -3.291958570480346680e-02
1.70235 3.579318523406982422e-02
1.70352 -6.302732229232788086e-02
1.70469 -3.286886215209960938e-02
1.70586 1.651867628097534180e-01
1.70703 2.985632419586181641e-02
1.7082 -2.976590394973754883e-02
1.70937 -3.801178932189941406e-02
1.71054 9.046435356140136719e-03
1.71171 -8.740109205245971680e-02
1.71288 -2.213090658187866211e-02
1.71405 -5.217027664184570312e-02
1.71522 1.930141448974609375e-02
1.71639 4.587173461914062500e-03
1.71756 1.158305406570434570e-01
1.71873 -2.975487709045410156e-02
1.7199 -3.643935918807983398e-02
1.72107 -4.948854446411132812e-03
1.72224 1.141588687896728516e-01
1.72341 2.015709877014160156e-03
1.72458 -3.095680475234985352e-02
1.72575 4.631280899047851562e-02
1.72692 4.807710647583007812e-04
1.72809 1.437902450561523438e-03
1.72926 7.596623897552490234e-02
1.73043 5.051183700561523438e-02
1.7316 6.929278373718261719e-03
1.73277 -7.213771343231201172e-02
1.73394 -4.629075527191162109e-03
1.73511 6.963682174682617188e-02
1.73628 -1.255231499671936035e-01
1.73745 -3.472578525543212891e-02
1.73862 -4.388028383255004883e-02
1.73979 -7.335948944091796875e-02
1.74096 1.169288158416748047e-01
1.74213 1.042170524597167969e-01
1.7433 -7.070422172546386719e-03
1.74447 -3.121703863143920898e-02
1.74564 -1.678287982940673828e-03
1.74681 6.536722183227539062e-03
1.74798 -6.285971403121948242e-02
1.74915 -4.062074422836303711e-02
1.75032 -4.831087589263916016e-02
1.75149 -1.520603895187377930e-02
1.75266 2.141416072845458984e-02
1.75383 5.557537078857421875e-04
1.755 1.117506027221679688e-01
1.75617 -1.244292855262756348e-01
1.75734 -1.031165719032287598e-01
1.75851 6.355881690979003906e-03
1.75968 -5.925393104553222656e-02
1.76085 -8.320868015289306641e-03
1.76202 7.965803146362304688e-03
1.76319 4.845643043518066406e-02
1.76436 -4.698324203491210938e-02
1.76553 -1.282930970191955566e-01
1.7667 3.866016864776611328e-02
1.76787 7.251262664794921875e-03
1.76904 6.558775901794433594e-03
1.77021 -1.361508369445800781e-01
1.77138 -8.688503503799438477e-02
1.77255 -4.712218046188354492e-02
1.77372 3.240132331848144531e-02
1.77489 5.956709384918212891e-02
1.77606 -2.950346469879150391e-02
1.77723 4.844760894775390625e-02
1.7784 1.037583351135253906e-01
1.77957 8.205306529998779297e-02
1.78074 5.469322204589843750e-02
1.78191 -1.465028524398803711e-02
1.78308 6.532311439514160156e-02
1.78425 1.408835649490356445e-01
1.78542 5.127489566802978516e-02
1.78659 2.990484237670898438e-03
1.78776 7.968008518218994141e-02
1.78893 -8.100992441177368164e-02
1.7901 -4.565340280532836914e-02
1.79127 1.031452417373657227e-01
1.79244 4.637455940246582031e-02
1.79361 -2.647989988327026367e-02
1.79478 -3.417444229125976562e-02
1.79595 -9.746640920639038086e-02
1.79712 7.013082504272460938e-04
1.79829 -1.125842332839965820e-02
1.79946 1.069517135620117188e-01
1.80063 5.224525928497314453e-02
1.8018 -2.817362546920776367e-02
1.80297 -1.455589532852172852e-01
1.80414 -4.846304655075073242e-02
1.80531 -7.626175880432128906e-03
1.80648 -9.117007255554199219e-03
1.80765 7.590889930725097656e-03
1.80882 -8.067029714584350586e-02
1.80999 -2.554923295974731445e-02
1.81116 -5.881065130233764648e-02
1.81233 5.710589885711669922e-02
1.8135 1.013588905334472656e-01
1.81467 -6.231057643890380859e-02
1.81584 6.824743747711181641e-02
1.81701 -6.070286035537719727e-02
1.81818 -1.118696928024291992e-01
1.81935 7.427692413330078125e-03
1.82052 -5.861878395080566406e-03
1.82169 1.738274097442626953e-02
1.82286 -6.744688749313354492e-02
1.82403 9.905648231506347656e-02
1.8252 -1.206338405609130859e-03
1.82637 -3.949600458145141602e-02
1.82754 1.268044710159301758e-01
1.82871 -3.382158279418945312e-02
1.82988 1.189577579498291016e-02
1.83105 -1.762753725051879883e-02
1.83222 1.375710964202880859e-02
1.83339 -9.638798236846923828e-02
1.83456 -3.298574686050415039e-02
1.83573 -3.256893157958984375e-02
1.8369 6.783723831176757812e-03
1.83807 -6.680291891098022461e-02
1.83924 4.948854446411132812e-02
1.84041 -2.744364738464355469e-02
1.84158 7.023227214813232422e-02
1.84275 9.064078330993652344e-03
1.84392 3.693556785583496094e-02
1.84509 3.258216381072998047e-02
1.84626 -1.014868021011352539e-01
1.84743 -1.381003856658935547e-02
1.8486 -9.326517581939697266e-03
1.84977 1.199722290039062500e-03
1.85094 1.452810764312744141e-01
1.85211 6.388521194458007812e-02
1.85328 3.894686698913574219e-02
1.85445 -3.924018144607543945e-02
1.85562 -1.738935708999633789e-02
1.85679 1.851189136505126953e-02
1.85796 -7.169663906097412109e-03
1.85913 -8.821046352386474609e-02
1.8603 -5.988025665283203125e-02
1.86147 7.597506046295166016e-02
1.86264 8.908820152282714844e-02
1.86381 5.003988742828369141e-02
1.86498 2.243745326995849609e-02
1.86615 2.893888950347900391e-02
1.86732 -4.353845119476318359e-02
1.86849 -3.021359443664550781e-04
1.86966 -2.673792839050292969e-02
1.87083 -2.944171428680419922e-02
1.872 -2.575874328613281250e-02
1.87317 -5.400955677032470703e-02
1.87434 -7.004261016845703125e-03
1.87551 8.358359336853027344e-02
1.87668 2.993571758270263672e-02
1.87785 -6.642580032348632812e-03
1.87902 -5.790203809738159180e-02
1.88019 -7.663226127624511719e-02
1.88136 -1.233905553817749023e-02
1.88253 -2.705991268157958984e-03
1.8837 -1.266236305236816406e-01
1.88487 -2.029383182525634766e-02
1.88604 -4.445809125900268555e-02
1.88721 -2.558231353759765625e-03
1.88838 1.149086952209472656e-01
1.88955 5.508577823638916016e-02
1.89072 1.826047897338867188e-03
1.89189 2.757596969604492188e-02
1.89306 -6.219148635864257812e-02
1.89423 8.482742309570312500e-02
1.8954 3.912329673767089844e-03
1.89657 -5.822181701660156250e-02
1.89774 4.122281074523925781e-02
1.89891 4.265189170837402344e-03
1.90008 3.273212909698486328e-02
1.90125 5.945682525634765625e-02
1.90242 4.640102386474609375e-02
1.90359 6.604206562042236328e-02
1.90476 -1.162892580032348633e-02
1.90593 1.319694519042968750e-02
1.9071 -7.674694061279296875e-02
1.90827 -1.007237434387207031e-01
1.90944 -8.657187223434448242e-02
1.91061 -1.757681369781494141e-03
1.91178 8.973658084869384766e-02
1.91295 2.041733264923095703e-02
1.91412 -8.407098054885864258e-02
1.91529 -1.488096714019775391e-01
1.91646 -3.661799430847167969e-02
1.91763 1.525235176086425781e-02
1.9188 -1.571106910705566406e-02
1.91997 3.332316875457763672e-02
1.92114 -2.426791191101074219e-02
1.92231 -5.292892456054687500e-05
1.92348 7.596623897552490234e-02
1.92465 6.466591358184814453e-02
1.92582 -5.826151371002197266e-02
1.92699 -1.004194021224975586e-01
1.92816 -6.627804040908813477e-02
1.92933 -2.402311563491821289e-02
1.9305 -7.580524682998657227e-02
1.93167 -6.283324956893920898e-02
1.93284 -8.014982938766479492e-02
1.93401 -5.908852815628051758e-02
1.93518 -2.161705493927001953e-02
1.93635 -1.195686459541320801e-01
1.93752 -7.756954431533813477e-02
1.93869 -2.543675899505615234e-02
1.93986 1.814579963684082031e-02
1.94103 7.503116130828857422e-02
1.9422 -8.879047632217407227e-02
1.94337 -8.181047439575195312e-02
1.94454 -5.877315998077392578e-03
1.94571 5.153512954711914062e-02
1.94688 2.125978469848632812e-03
1.94805 6.249582767486572266e-02
1.94922 7.771730422973632812e-03
1.95039 -1.571989059448242188e-01
1.95156 6.821215152740478516e-02
1.95273 4.586291313171386719e-02
1.9539 8.292639255523681641e-02
1.95507 8.253383636474609375e-02
1.95624 6.439685821533203125e-03
1.95741 -6.644123792648315430e-02
1.95858 -7.213771343231201172e-02
1.95975 1.238977909088134766e-02
1.96092 2.712607383728027344e-02
1.96209 -5.990672111511230469e-02
1.96326 -7.263392210006713867e-02
1.96443 -5.415511131286621094e-02
1.9656 -5.495566129684448242e-02
1.96677 -9.601306915283203125e-02
1.96794 -9.774208068847656250e-03
1.96911 -7.429897785186767578e-03
1.97028 3.581964969635009766e-02
1.97145 6.170630455017089844e-02
1.97262 -5.602085590362548828e-02
1.97379 6.055510044097900391e-02
1.97496 -2.650195360183715820e-02
1.97613 8.084893226623535156e-03
1.9773 5.333471298217773438e-02
1.97847 -7.985651493072509766e-03
1.97964 1.842808723449707031e-02
1.98081 -3.542047739028930664e-02
1.98198 -1.131355762481689453e-01
1.98315 -4.747283458709716797e-02
1.98432 5.691623687744140625e-02
1.98549 -2.922117710113525391e-02
1.98666 -9.072899818420410156e-03
1.98783 -8.801639080047607422e-02
1.989 2.108776569366455078e-02
1.99017 -2.984529733657836914e-02
1.99134 8.277201652526855469e-02
1.99251 7.274639606475830078e-02
1.99368 6.810629367828369141e-02
1.99485 -5.175346136093139648e-02
1.99602 -1.344813704490661621e-01
1.99719 6.109762191772460938e-02
1.99836 2.998864650726318359e-02
