0.00151286 1.368899494409561157e-01
0.00302572 -1.646542400121688843e-01
0.00453858 -6.562771797180175781e-01
0.00605144 -2.483827760443091393e-03
0.0075643 8.974029123783111572e-02
0.00907716 3.576693832874298096e-01
0.01059 2.314486652612686157e-01
0.0121029 2.041506916284561157e-01
0.0136157 -2.627377212047576904e-01
0.0151286 6.183657646179199219e-01
0.0166415 -1.981320232152938843e-01
0.0181543 -1.249813884496688843e-01
0.0196672 -3.643495729193091393e-03
0.02118 -3.685726821422576904e-01
0.0226929 5.452300980687141418e-02
0.0242057 -3.226742446422576904e-01
0.0257186 2.501250989735126495e-02
0.0272315 1.089205890893936157e-01
0.0287443 8.375124931335449219e-01
0.0302572 2.173187024891376495e-02
0.03177 1.384616047143936157e-01
0.0332829 4.366336166858673096e-01
0.0347958 1.543460041284561157e-01
0.0363086 4.630008041858673096e-01
0.0378215 1.589694172143936157e-01
0.0393343 -1.951263658702373505e-02
0.0408472 6.172366142272949219e-01
0.0423601 2.062564045190811157e-01
0.0438729 -3.796051070094108582e-02
0.0453858 3.982119858264923096e-01
0.0468986 -1.749234050512313843e-01
0.0484115 2.988925278186798096e-01
0.0499244 1.149325519800186157e-01
0.0514372 -6.029782295227050781e-01
0.0529501 -4.481320083141326904e-01
0.0544629 1.764102131128311157e-01
0.0559758 3.982730209827423096e-01
0.0574887 -2.843136489391326904e-01
0.0590015 -7.435272634029388428e-02
0.0605144 2.292173216119408607e-03
0.0620272 3.210330307483673096e-01
0.0635401 -5.018734931945800781e-01
0.065053 3.907351791858673096e-01
0.0665658 -4.761932417750358582e-02
0.0680787 1.872744709253311157e-01
0.0695915 5.433990433812141418e-02
0.0711044 -6.306881904602050781e-01
0.0726172 -3.071102797985076904e-01
0.0741301 1.039462238550186157e-01
0.075643 2.841983139514923096e-01
0.0771558 1.967349201440811157e-01
0.0786687 1.404605060815811157e-01
0.0801815 2.097048908472061157e-01
0.0816944 -6.398129463195800781e-01
0.0832073 4.863311722874641418e-02
0.0847201 -7.242398262023925781e-01
0.086233 1.542849689722061157e-01
0.0877458 6.715728342533111572e-02
0.0892587 -9.400604665279388428e-02
0.0907716 -3.087734878063201904e-01
0.0922844 -2.415130846202373505e-02
0.0937973 6.456789970397949219e-01
0.0953101 5.406524613499641418e-02
0.096823 -1.960568279027938843e-01
0.0983359 -2.496762126684188843e-01
0.0998487 4.406924545764923096e-01
0.101362 -4.655120894312858582e-02
0.102874 4.193759262561798096e-01
0.104387 5.400421097874641418e-02
0.1059 -1.016659587621688843e-01
0.107413 -3.490907838568091393e-03
0.108926 3.247714340686798096e-01
0.110439 -1.980099529027938843e-01
0.111952 -6.574826240539550781e-01
0.113464 -3.006100356578826904e-01
0.114977 1.028933674097061157e-01
0.11649 -1.512265056371688843e-01
0.118003 7.063628733158111572e-02
0.119516 -5.976532027125358582e-02
0.121029 1.695437580347061157e-01
0.122542 2.398715168237686157e-01
0.124054 4.687686264514923096e-01
0.125567 1.344485431909561157e-01
0.12708 -9.704254567623138428e-02
0.128593 -4.391598403453826904e-01
0.130106 -1.860623210668563843e-01
0.131619 -2.106747478246688843e-01
0.133132 -2.472805827856063843e-01
0.134644 2.580752670764923096e-01
0.136157 -4.743621870875358582e-02
0.13767 3.618350327014923096e-01
0.139183 3.507876694202423096e-01
0.140696 -4.543881118297576904e-01
0.142209 2.181277424097061157e-01
0.143722 9.065581858158111572e-02
0.145234 -1.779599040746688843e-01
0.146747 3.638949692249298096e-01
0.14826 -1.605343669652938843e-01
0.149773 -1.206021159887313843e-01
0.151286 -5.362973213195800781e-01
0.152799 2.878604233264923096e-01
0.154312 1.008181720972061157e-01
0.155825 3.092837631702423096e-01
0.157337 2.218814045190811157e-01
0.15885 -1.139950603246688843e-01
0.160363 8.674956858158111572e-02
0.161876 -1.953549236059188843e-01
0.163389 1.230349689722061157e-01
0.164902 3.510318100452423096e-01
0.166415 3.933139145374298096e-01
0.167927 -2.244992107152938843e-01
0.16944 -5.428128242492675781e-01
0.170953 -6.280182301998138428e-02
0.172466 2.024111896753311157e-01
0.173979 4.989959672093391418e-02
0.175492 4.955020248889923096e-01
0.177005 2.484011799097061157e-01
0.178517 -1.438107341527938843e-01
0.18003 2.551150619983673096e-01
0.181543 2.272369153797626495e-02
0.183056 -2.866329848766326904e-01
0.184569 -2.654080092906951904e-01
0.186082 3.537478744983673096e-01
0.187595 1.744876056909561157e-01
0.189107 2.042727619409561157e-01
0.19062 4.005923569202423096e-01
0.192133 8.537627756595611572e-02
0.193646 2.815582044422626495e-02
0.195159 3.653598129749298096e-01
0.196672 -4.011196792125701904e-01
0.198185 2.000308185815811157e-01
0.199697 -1.248288005590438843e-01
0.20121 3.826022446155548096e-01
0.202723 4.279971420764923096e-01
0.204236 1.147341877222061157e-01
0.205749 8.388091623783111572e-02
0.207262 -1.247372478246688843e-01
0.208775 3.167758285999298096e-01
0.210287 3.950991928577423096e-01
0.2118 8.333159983158111572e-02
0.213313 2.168002277612686157e-01
0.214826 -1.102719157934188843e-01
0.216339 8.562041819095611572e-02
0.217852 -1.773342937231063843e-01
0.219365 -1.511044353246688843e-01
0.220877 -4.337738081812858582e-02
0.22239 2.587008774280548096e-01
0.223903 1.695590168237686157e-01
0.225416 2.878299057483673096e-01
0.226929 -5.374112129211425781e-01
0.228442 -2.531857192516326904e-01
0.229955 4.208865463733673096e-01
0.231467 -3.563351333141326904e-01
0.23298 -1.951565593481063843e-01
0.234493 1.729769855737686157e-01
0.236006 1.534915119409561157e-01
0.237519 -4.203915297985076904e-01
0.239032 -1.561093181371688843e-01
0.240545 -2.214169353246688843e-01
0.242057 -2.783779799938201904e-01
0.24357 -2.279782146215438843e-01
0.245083 -5.325741767883300781e-01
0.246596 4.494509994983673096e-01
0.248109 1.217837482690811157e-01
0.249622 2.144961506128311157e-01
0.251135 -2.973602525889873505e-02
0.252648 5.174591019749641418e-02
0.25416 8.134795725345611572e-02
0.255673 -2.930264174938201904e-01
0.257186 1.744415052235126495e-02
0.258699 -3.873870894312858582e-02
0.260212 -1.010250896215438843e-01
0.261725 9.798003733158111572e-02
0.263238 -5.988430976867675781e-01
0.26475 -1.470761150121688843e-01
0.266263 3.642608597874641418e-02
0.267776 2.565951645374298096e-01
0.269289 -2.006195299327373505e-02
0.270802 1.564361341297626495e-02
0.272315 -4.591793715953826904e-01
0.273828 -3.174099624156951904e-01
0.27534 -3.387722671031951904e-01
0.276853 -8.021969795227050781e-01
0.278366 -4.420590102672576904e-01
0.279879 -4.916046187281608582e-02
0.281392 1.980319172143936157e-01
0.282905 1.771121174097061157e-01
0.284418 -3.572506606578826904e-01
0.28593 3.632083237171173096e-01
0.287443 -1.331600993871688843e-01
0.288956 1.896548420190811157e-01
0.290469 5.908999443054199219e-01
0.291982 -8.851288259029388428e-02
0.293495 2.091555744409561157e-01
0.295008 2.570224106311798096e-01
0.29652 -8.640716969966888428e-02
0.298033 -3.063629381358623505e-02
0.299546 -2.600826919078826904e-01
0.301059 -7.732850965112447739e-03
0.302572 -1.748471111059188843e-01
0.304085 4.862551987171173096e-01
0.305598 9.845305979251861572e-02
0.30711 2.559695541858673096e-01
0.308623 -6.055264472961425781e-01
0.310136 -3.344998061656951904e-01
0.311649 4.319644272327423096e-01
0.313162 -6.454132497310638428e-02
0.314675 -4.450192153453826904e-01
0.316188 7.753325998783111572e-02
0.3177 -4.987762495875358582e-02
0.319213 8.752017021179199219e-01
0.320726 5.173220634460449219e-01
0.322239 -2.494015544652938843e-01
0.323752 1.230960041284561157e-01
0.325265 -9.647797048091888428e-02
0.326778 -3.889129683375358582e-02
0.32829 -4.109615981578826904e-01
0.329803 -1.529812663793563843e-01
0.331316 -1.905487291514873505e-02
0.332829 -1.702999919652938843e-01
0.334342 1.723666340112686157e-01
0.335855 3.070371458306908607e-03
0.337368 -4.317440688610076904e-01
0.33888 3.517486527562141418e-02
0.340393 3.957400619983673096e-01
0.341906 -3.175930678844451904e-01
0.343419 -2.738461196422576904e-01
0.344932 -3.373837172985076904e-01
0.346445 6.357607841491699219e-01
0.347958 3.008761703968048096e-01
0.34947 -4.359097182750701904e-01
0.350983 1.415286213159561157e-01
0.352496 5.387759208679199219e-01
0.354009 1.170382648706436157e-01
0.355522 -6.342743337154388428e-02
0.357035 1.412844806909561157e-01
0.358548 2.987551987171173096e-01
0.360061 -2.051815837621688843e-01
0.361573 -5.351376533508300781e-01
0.363086 -4.094509780406951904e-01
0.364599 2.774539291858673096e-01
0.366112 4.532351791858673096e-01
0.367625 -3.827023208141326904e-01
0.369138 2.467837482690811157e-01
0.370651 4.136538803577423096e-01
0.372163 -3.116879165172576904e-01
0.373676 -1.160397380590438843e-01
0.375189 7.278777658939361572e-02
0.376702 3.110843002796173096e-01
0.378215 1.875491291284561157e-01
0.379728 9.082334116101264954e-03
0.381241 -4.102444350719451904e-01
0.382753 4.628326371312141418e-02
0.384266 4.951358139514923096e-01
0.385779 -2.170990221202373505e-02
0.387292 -3.608822524547576904e-01
0.388805 -2.636837661266326904e-01
0.390318 -7.740292549133300781e-01
0.391831 4.486270248889923096e-01
0.393343 4.833865463733673096e-01
0.394856 -5.051849409937858582e-02
0.396369 -4.746823012828826904e-01
0.397882 -1.959500163793563843e-01
0.399395 2.947573959827423096e-01
0.400908 -1.375851482152938843e-01
0.402421 1.057162433862686157e-01
0.403933 3.502227738499641418e-02
0.405446 -7.471893727779388428e-02
0.406959 2.506289780139923096e-01
0.408472 2.939029037952423096e-01
0.409985 1.531863361597061157e-01
0.411498 -7.828949391841888428e-02
0.413011 7.696868479251861572e-02
0.414523 -9.909634590148925781e-01
0.416036 3.225283920764923096e-01
0.417549 -2.201962321996688843e-01
0.419062 -4.249237105250358582e-02
0.420575 4.434695541858673096e-01
0.422088 -5.463070869445800781e-01
0.423601 -5.816464424133300781e-01
0.425113 -3.551449477672576904e-01
0.426626 2.721438705921173096e-01
0.428139 1.878543049097061157e-01
0.429652 1.735415607690811157e-01
0.431165 5.263091996312141418e-02
0.432678 -3.357205092906951904e-01
0.434191 -1.972625963389873505e-02
0.435703 -3.028683364391326904e-01
0.437216 -2.514345338568091393e-03
0.438729 -5.545468330383300781e-01
0.440242 5.563235282897949219e-01
0.441755 -3.858608901500701904e-01
0.443268 4.277835190296173096e-01
0.444781 2.210574299097061157e-01
0.446293 -1.100430339574813843e-01
0.447806 1.382327228784561157e-01
0.449319 -2.858395278453826904e-01
0.450832 5.043365433812141418e-02
0.452345 5.568118095397949219e-01
0.453858 9.096099436283111572e-02
0.455371 -7.808346748352050781e-01
0.456884 -4.650543257594108582e-02
0.458396 1.724429279565811157e-01
0.459909 4.504697863012552261e-03
0.461422 5.904421806335449219e-01
0.462935 2.344241291284561157e-01
0.464448 2.927584946155548096e-01
0.465961 -3.308376967906951904e-01
0.467474 1.755862385034561157e-01
0.468986 -5.631683394312858582e-02
0.470499 5.296661332249641418e-02
0.472012 -3.438229262828826904e-01
0.473525 5.657229423522949219e-01
0.475038 -2.556576430797576904e-01
0.476551 4.282718002796173096e-01
0.478064 3.095584213733673096e-01
0.479576 1.003756672143936157e-01
0.481089 -1.447110027074813843e-01
0.482602 1.250186115503311157e-01
0.484115 -1.092343181371688843e-01
0.485628 -1.052975505590438843e-01
0.487141 -1.848568767309188843e-01
0.488654 2.389712482690811157e-01
0.490166 3.371005356311798096e-01
0.491679 -1.031002849340438843e-01
0.493192 -8.359955251216888428e-02
0.494705 8.659698069095611572e-02
0.496218 -3.898129165172576904e-01
0.497731 1.747164875268936157e-01
0.499244 -3.011898696422576904e-01
0.500756 3.427615463733673096e-01
0.502269 6.280852854251861572e-02
0.503782 -1.004147380590438843e-01
0.505295 -3.533138930797576904e-01
0.506808 -3.490907838568091393e-03
0.508321 2.607760727405548096e-01
0.509834 -3.915069624781608582e-02
0.511346 -1.421933025121688843e-01
0.512859 -9.090883657336235046e-03
0.514372 2.305178791284561157e-01
0.515885 -5.082364082336425781e-01
0.517398 -7.909820973873138428e-02
0.518911 1.501650959253311157e-01
0.520424 3.788333237171173096e-01
0.521936 5.250277519226074219e-01
0.523449 -3.804440200328826904e-01
0.524962 7.291750907897949219e-01
0.526475 3.469424545764923096e-01
0.527988 5.326113700866699219e-01
0.529501 6.306033134460449219e-01
0.531014 3.966861069202423096e-01
0.532526 -1.585812419652938843e-01
0.534039 3.513369858264923096e-01
0.535552 7.762481272220611572e-02
0.537065 3.123965561389923096e-01
0.538578 -2.109341472387313843e-01
0.540091 -1.471676677465438843e-01
0.541604 1.040988117456436157e-01
0.543116 9.249758720397949219e-01
0.544629 -5.464901924133300781e-01
0.546142 7.433047294616699219e-01
0.547655 1.376071125268936157e-01
0.549168 -3.668484389781951904e-01
0.550681 3.830447494983673096e-01
0.552194 4.596250597387552261e-03
0.553707 -1.341671794652938843e-01
0.555219 4.125399887561798096e-01
0.556732 2.303042560815811157e-01
0.558245 1.092410236597061157e-01
0.559758 3.313784897327423096e-01
0.561271 -2.560444700066000223e-04
0.562784 2.575564682483673096e-01
0.564297 9.566070139408111572e-02
0.565809 1.323733478784561157e-01
0.567322 1.990847736597061157e-01
0.568835 -2.768673598766326904e-01
0.570348 3.943667709827423096e-01
0.571861 -3.414425551891326904e-01
0.573374 2.770266830921173096e-01
0.574887 -1.334957927465438843e-01
0.576399 -9.319729804992675781e-01
0.577912 -1.166043132543563843e-01
0.579425 -1.926083415746688843e-01
0.580938 -5.010342597961425781e-01
0.582451 -3.504757583141326904e-01
0.583964 4.718814194202423096e-01
0.585477 -3.342865034937858582e-02
0.586989 5.107452347874641418e-02
0.588502 2.917361557483673096e-01
0.590015 9.724761545658111572e-02
0.591528 3.499636948108673096e-01
0.593041 1.005435138940811157e-01
0.594554 4.138486925512552261e-03
0.596067 1.813388019800186157e-01
0.597579 5.551943778991699219e-01
0.599092 -3.311276137828826904e-01
0.600605 -4.098324477672576904e-01
0.602118 -4.572720229625701904e-01
0.603631 4.569888412952423096e-01
0.605144 1.932098157703876495e-02
0.606657 -2.872128188610076904e-01
0.608169 3.499942123889923096e-01
0.609682 -1.091122478246688843e-01
0.611195 6.851992607116699219e-01
0.612708 2.523989975452423096e-01
0.614221 -5.530362129211425781e-01
0.615734 -1.592831462621688843e-01
0.617247 -4.968380630016326904e-01
0.618759 4.501834213733673096e-01
0.620272 9.543181955814361572e-02
0.621785 3.620791733264923096e-01
0.623298 3.950836136937141418e-02
0.624811 2.457461506128311157e-01
0.626324 2.868686020374298096e-01
0.627837 4.660830795764923096e-01
0.629349 -2.562374770641326904e-01
0.630862 1.911654621362686157e-01
0.632375 -9.285550117492675781e-01
0.633888 -3.752255141735076904e-01
0.635401 -1.430783122777938843e-01
0.636914 2.905154526233673096e-01
0.638427 -2.594875991344451904e-01
0.639939 1.091189533472061157e-01
0.641452 -9.751556813716888428e-02
0.642965 -2.623104751110076904e-01
0.644478 3.253207504749298096e-01
0.645991 5.452761650085449219e-01
0.647504 1.631350666284561157e-01
0.649017 -4.194607436656951904e-01
0.65053 1.392245441675186157e-01
0.652042 -6.161313056945800781e-01
0.653555 7.438994944095611572e-02
0.655068 2.330352552235126495e-02
0.656581 2.394290119409561157e-01
0.658094 -1.057858318090438843e-01
0.659607 -1.438412517309188843e-01
0.66112 -3.516659438610076904e-01
0.662632 -1.447262614965438843e-01
0.664145 3.346588090062141418e-02
0.665658 3.976779282093048096e-01
0.667171 -8.666656911373138428e-02
0.668684 -4.923675581812858582e-02
0.670197 1.076080091297626495e-02
0.67171 5.028414726257324219e-01
0.673222 -3.913693130016326904e-01
0.674735 2.341342121362686157e-01
0.676248 2.787661850452423096e-01
0.677761 -4.042324721813201904e-01
0.679274 -5.413482710719108582e-02
0.680787 5.188937187194824219e-01
0.6823 1.178317219018936157e-01
0.683812 1.524688489735126495e-02
0.685325 -7.996796071529388428e-02
0.686838 2.520938217639923096e-01
0.688351 -2.778439223766326904e-01
0.689864 -3.350033462047576904e-01
0.691377 5.237765312194824219e-01
0.69289 6.997408866882324219e-01
0.694402 -4.022183120250701904e-01
0.695915 -1.815304607152938843e-01
0.697428 -1.175045818090438843e-01
0.698941 7.246734201908111572e-02
0.700454 -4.723477065563201904e-01
0.701967 7.988311350345611572e-02
0.70348 4.295535385608673096e-01
0.704992 2.206301838159561157e-01
0.706505 2.490115314722061157e-01
0.708018 3.450656235218048096e-01
0.709531 1.743655353784561157e-01
0.711044 -6.240658760070800781e-01
0.712557 -4.850430190563201904e-01
0.71407 -2.346920818090438843e-01
0.715582 3.385653793811798096e-01
0.717095 -2.235077135264873505e-02
0.718608 5.787994340062141418e-02
0.720121 -2.946438491344451904e-01
0.721634 -4.186520278453826904e-01
0.723147 1.527285724878311157e-01
0.72466 -4.145477339625358582e-02
0.726172 1.754489094018936157e-01
0.727685 2.923159897327423096e-01
0.729198 -3.209042251110076904e-01
0.730711 2.019534260034561157e-01
0.732224 -4.050869643688201904e-01
0.733737 5.741763114929199219e-01
0.73525 3.319122269749641418e-02
0.736762 -2.972683608531951904e-01
0.738275 3.661074936389923096e-01
0.739788 -1.043972820043563843e-01
0.741301 2.495608478784561157e-01
0.742814 -1.393856853246688843e-01
0.744327 3.695559799671173096e-01
0.74584 7.920718193054199219e-01
0.747352 -7.597015798091888428e-02
0.748865 4.764895737171173096e-01
0.750378 4.956390336155891418e-02
0.751891 3.800998032093048096e-01
0.753404 -1.044994831085205078e+00
0.754917 2.637820541858673096e-01
0.75643 2.768283188343048096e-01
0.757943 -4.295773208141326904e-01
0.759455 7.016024589538574219e-01
0.760968 2.654452621936798096e-01
0.762481 -3.428314253687858582e-02
0.763994 -3.877224624156951904e-01
0.765507 4.390445053577423096e-01
0.76702 -5.097470283508300781e-01
0.768533 -1.919979900121688843e-01
0.770045 -3.462032973766326904e-01
0.771558 3.052249252796173096e-01
0.773071 -1.125607341527938843e-01
0.774584 2.652468979358673096e-01
0.776097 -4.021115005016326904e-01
0.77761 -3.488125503063201904e-01
0.779123 -6.848416328430175781e-01
0.780635 2.214846760034561157e-01
0.782148 7.060576975345611572e-02
0.783661 -6.199310347437858582e-02
0.785174 -3.081478774547576904e-01
0.786687 2.293582111597061157e-01
0.7882 9.675933420658111572e-02
0.789713 6.517519950866699219e-01
0.791225 -1.568722575902938843e-01
0.792738 -7.095761299133300781e-01
0.794251 -2.395443767309188843e-01
0.795764 3.541446030139923096e-01
0.797277 -4.657711684703826904e-01
0.79879 1.879763752222061157e-01
0.800303 1.452822834253311157e-01
0.801815 3.004791028797626495e-02
0.803328 2.681460678577423096e-01
0.804841 3.135257065296173096e-01
0.806354 4.084658920764923096e-01
0.807867 2.643161118030548096e-01
0.80938 2.543975599110126495e-02
0.810893 -6.084901746362447739e-03
0.812405 -8.387421071529388428e-02
0.813918 -4.002651870250701904e-01
0.815431 -5.820431709289550781e-01
0.816944 3.027679212391376495e-02
0.818457 -3.648800551891326904e-01
0.81997 5.208315849304199219e-01
0.821483 3.952517807483673096e-01
0.822995 4.800296127796173096e-01
0.824508 5.377532914280891418e-02
0.826021 1.917147785425186157e-01
0.827534 -1.799130290746688843e-01
0.829047 -1.299099773168563843e-01
0.83056 -1.107296794652938843e-01
0.832073 6.237673759460449219e-01
0.833585 3.365512192249298096e-01
0.835098 -6.510590016841888428e-02
0.836611 -4.041561782360076904e-01
0.838124 -2.909515611827373505e-02
0.839637 9.668304026126861572e-02
0.84115 -2.861752212047576904e-01
0.842663 4.505496323108673096e-01
0.844175 -3.007321059703826904e-01
0.845688 2.591738998889923096e-01
0.847201 -1.399350017309188843e-01
0.848714 -1.852993816137313843e-01
0.850227 -1.649594157934188843e-01
0.85174 7.112456858158111572e-02
0.853253 2.824740707874298096e-01
0.854766 2.178988605737686157e-01
0.856278 5.918765068054199219e-01
0.857791 4.180484116077423096e-01
0.859304 4.448123276233673096e-01
0.860817 2.783389389514923096e-01
0.86233 1.078677326440811157e-01
0.863843 -4.816708266735076904e-01
0.865356 -1.265072673559188843e-01
0.866868 1.304202228784561157e-01
0.868381 -5.596620496362447739e-03
0.869894 4.019351303577423096e-01
0.871407 3.045840561389923096e-01
0.87292 3.404574692249298096e-01
0.874433 2.809478528797626495e-02
0.875946 2.450747638940811157e-01
0.877458 -1.884884685277938843e-01
0.878971 -1.344265788793563843e-01
0.880484 -3.100094497203826904e-01
0.881997 -5.466122627258300781e-01
0.88351 9.962798655033111572e-02
0.885023 4.924502670764923096e-01
0.886536 -1.551483385264873505e-02
0.888048 2.988620102405548096e-01
0.889561 4.890777543187141418e-02
0.891074 -3.565643355250358582e-02
0.892587 1.978030353784561157e-01
0.8941 3.053775131702423096e-01
0.895613 -1.090667955577373505e-02
0.897126 -4.192928969860076904e-01
0.898638 3.733096420764923096e-01
0.900151 -5.426449775695800781e-01
0.901664 -2.157406657934188843e-01
0.903177 -2.928890883922576904e-01
0.90469 -4.189266860485076904e-01
0.906203 -4.708981215953826904e-01
0.907716 4.690887406468391418e-02
0.909228 -1.531185954809188843e-01
0.910741 -1.002011150121688843e-01
0.912254 3.437381088733673096e-01
0.913767 -1.538510173559188843e-01
0.91528 9.965850412845611572e-02
0.916793 -4.708065688610076904e-01
0.918306 -1.895871013402938843e-01
0.919818 9.181548655033111572e-02
0.921331 -4.707455337047576904e-01
0.922844 -1.583371013402938843e-01
0.924357 2.291751056909561157e-01
0.92587 1.251559406518936157e-01
0.927383 -3.241543471813201904e-01
0.928896 -1.723446696996688843e-01
0.930408 -4.818234145641326904e-01
0.931921 -7.804837226867675781e-01
0.933434 1.599307209253311157e-01
0.934947 -2.323727458715438843e-01
0.93646 3.661685287952423096e-01
0.937973 -2.260861247777938843e-01
0.939486 -2.126431316137313843e-01
0.940998 -2.995419204235076904e-01
0.942511 -1.298187486827373505e-02
0.944024 6.354861259460449219e-01
0.945537 1.518584974110126495e-02
0.94705 3.486972153186798096e-01
0.948563 6.993438303470611572e-02
0.950076 -3.395046889781951904e-01
0.951589 5.798983573913574219e-01
0.953101 -4.986268933862447739e-03
0.954614 2.138091810047626495e-02
0.956127 2.937503159046173096e-01
0.95764 -3.086517564952373505e-02
0.959153 1.425357013940811157e-01
0.960666 5.376620292663574219e-01
0.962179 -3.635833784937858582e-02
0.963691 2.183868177235126495e-02
0.965204 1.568179279565811157e-01
0.966717 -1.625485271215438843e-01
0.96823 2.572665512561798096e-01
0.969743 -6.730316579341888428e-02
0.971256 -3.606075942516326904e-01
0.972769 4.519992172718048096e-01
0.974281 2.780486829578876495e-02
0.975794 3.666568100452423096e-01
0.977307 1.084170490503311157e-01
0.97882 -6.071136519312858582e-02
0.980333 -3.913235366344451904e-01
0.981846 -4.354522749781608582e-02
0.983359 4.007449448108673096e-01
0.984871 -4.455230757594108582e-02
0.986384 1.738311536610126495e-02
0.987897 7.414580881595611572e-02
0.98941 7.694277763366699219e-01
0.990923 3.334842026233673096e-01
0.992436 3.654361069202423096e-01
0.993949 5.058624222874641418e-02
0.995461 6.662478446960449219e-01
0.996974 8.568911552429199219e-01
0.998487 1.010028362274169922e+00
1 1.124652385711669922e+00
1.00151 2.521152019500732422e+00
1.00303 2.382495403289794922e+00
1.00454 1.665637493133544922e+00
1.00605 1.429828166961669922e+00
1.00756 1.866107463836669922e+00
1.00908 9.597048759460449219e-01
1.01059 1.321597248315811157e-01
1.0121 9.804263114929199219e-01
1.01362 9.233889579772949219e-01
1.01513 4.588198959827423096e-01
1.01664 1.115752942860126495e-02
1.01815 6.136660575866699219e-01
1.01967 2.258486896753311157e-01
1.02118 3.504519760608673096e-01
1.02269 3.509857133030891418e-02
1.02421 1.940188556909561157e-01
1.02572 -7.883881032466888428e-02
1.02723 -1.327328532934188843e-01
1.02874 1.850924640893936157e-01
1.03026 3.128390610218048096e-01
1.03177 1.803892082534730434e-03
1.03328 6.814761161804199219e-01
1.0348 1.751895099878311157e-01
1.03631 -4.101681411266326904e-01
1.03782 -4.903839156031608582e-02
1.03933 -2.943386733531951904e-01
1.04085 3.721804916858673096e-01
1.04236 -3.946957290172576904e-01
1.04387 3.523590043187141418e-02
1.04539 1.319766193628311157e-01
1.0469 1.546816974878311157e-01
1.04841 -3.806881606578826904e-01
1.04992 2.337981946766376495e-02
1.05144 -2.277801744639873505e-02
1.05295 -5.054901167750358582e-02
1.05446 3.401065170764923096e-01
1.05598 -5.199398994445800781e-01
1.05749 -1.234555095434188843e-01
1.059 1.562075763940811157e-01
1.06051 4.655032455921173096e-01
1.06203 4.960967972874641418e-02
1.06354 -2.797054946422576904e-01
1.06505 2.452422864735126495e-02
1.06657 -2.197689861059188843e-01
1.06808 5.254549980163574219e-01
1.06959 1.400027424097061157e-01
1.0711 -1.652191393077373505e-02
1.07262 -2.172665446996688843e-01
1.07413 4.184603989124298096e-01
1.07564 9.006838798522949219e-01
1.07716 4.341922104358673096e-01
1.07867 3.802371323108673096e-01
1.08018 -2.982757799327373505e-02
1.08169 1.841006428003311157e-01
1.08321 2.522158920764923096e-01
1.08472 4.283633530139923096e-01
1.08623 1.549102552235126495e-02
1.08775 2.680239975452423096e-01
1.08926 1.426730304956436157e-01
1.09077 3.669314682483673096e-01
1.09228 -7.312741279602050781e-01
1.0938 -1.984371989965438843e-01
1.09531 2.480349689722061157e-01
1.09682 -6.958432197570800781e-01
1.09834 7.799102365970611572e-02
1.09985 1.751742511987686157e-01
1.10136 -4.574281629174947739e-03
1.10287 2.353396564722061157e-01
1.10439 3.880191147327423096e-01
1.1059 2.029757648706436157e-01
1.10741 -1.382260173559188843e-01
1.10893 -2.076535075902938843e-01
1.11044 3.483462631702423096e-01
1.11195 -4.181027114391326904e-01
1.11346 1.932864338159561157e-01
1.11498 -1.821102946996688843e-01
1.11649 1.031375080347061157e-01
1.118 1.356841810047626495e-02
1.11952 -1.717953532934188843e-01
1.12103 8.639829233288764954e-03
1.12254 3.069033920764923096e-01
1.12405 -7.340668141841888428e-02
1.12557 -1.890683025121688843e-01
1.12708 1.166567951440811157e-01
1.12859 4.592929184436798096e-01
1.13011 2.185549885034561157e-01
1.13162 -5.329403877258300781e-01
1.13313 2.007022053003311157e-01
1.13464 -1.044891588389873505e-02
1.13616 -3.245052993297576904e-01
1.13767 3.199038803577423096e-01
1.13918 -2.327694743871688843e-01
1.1407 -1.783871501684188843e-01
1.14221 -2.687649428844451904e-01
1.14372 -3.427548110485076904e-01
1.14523 -1.230435222387313843e-01
1.14675 3.681674301624298096e-01
1.14826 -2.113766521215438843e-01
1.14977 3.524356186389923096e-01
1.15129 1.015200763940811157e-01
1.1528 3.942141830921173096e-01
1.15431 2.025637775659561157e-01
1.15582 4.850802719593048096e-01
1.15734 -1.415712409652769566e-03
1.15885 -1.659970134496688843e-01
1.16036 -6.349911689758300781e-01
1.16188 -4.145321547985076904e-01
1.16339 -3.253750503063201904e-01
1.1649 -3.341793715953826904e-01
1.16641 9.285308420658111572e-02
1.16793 4.268679916858673096e-01
1.16944 -4.908416792750358582e-02
1.17095 1.808047443628311157e-01
1.17247 -1.962094157934188843e-01
1.17398 -8.616147041320800781e-01
1.17549 2.363921888172626495e-02
1.177 -9.135708808898925781e-01
1.17852 -5.593228340148925781e-01
1.18003 2.156253010034561157e-01
1.18154 3.825564682483673096e-01
1.18306 5.328555107116699219e-01
1.18457 -5.027737617492675781e-01
1.18608 6.834902763366699219e-01
1.18759 2.788116224110126495e-02
1.18911 -2.652096450328826904e-01
1.19062 -2.523922622203826904e-01
1.19213 3.518252670764923096e-01
1.19365 -4.778717085719108582e-02
1.19516 -3.325466811656951904e-01
1.19667 3.233673050999641418e-02
1.19818 -2.624325454235076904e-01
1.1997 -4.009706433862447739e-03
1.20121 -1.008114665746688843e-01
1.20272 -1.003537029027938843e-01
1.20424 -4.211090132594108582e-02
1.20575 -2.753875963389873505e-02
1.20726 2.298464924097061157e-01
1.20877 7.208587229251861572e-02
1.21029 -1.111416667699813843e-01
1.2118 -6.448636054992675781e-01
1.21331 1.228667981922626495e-02
1.21483 2.442965656518936157e-01
1.21634 -3.937496840953826904e-01
1.21785 -1.221737712621688843e-01
1.21936 -1.532711833715438843e-01
1.22088 -1.045956462621688843e-01
1.22239 -4.430355727672576904e-01
1.2239 -5.164914131164550781e-01
1.22542 -2.969174087047576904e-01
1.22693 2.794986069202423096e-01
1.22844 -2.542538344860076904e-01
1.22995 5.846285820007324219e-01
1.23147 -3.386044204235076904e-01
1.23298 -2.117428630590438843e-01
1.23449 3.632541000843048096e-01
1.23601 3.340484574437141418e-02
1.23752 -3.286862075328826904e-01
1.23903 -9.951446950435638428e-02
1.24054 -1.537289470434188843e-01
1.24206 3.552737534046173096e-01
1.24357 3.000369369983673096e-01
1.24508 -1.530728191137313843e-01
1.2466 2.437625080347061157e-01
1.24811 -1.153683513402938843e-01
1.24962 3.361087143421173096e-01
1.25113 -4.286923110485076904e-01
1.25265 -2.107052654027938843e-01
1.25416 -4.465450942516326904e-01
1.25567 3.143801987171173096e-01
1.25719 3.119693100452423096e-01
1.2587 1.010165363550186157e-01
1.26021 2.039981037378311157e-01
1.26172 1.151003986597061157e-01
1.26324 -6.104855537414550781e-01
1.26475 -3.796083619818091393e-03
1.26626 -2.164883464574813843e-01
1.26778 -1.667599529027938843e-01
1.26929 5.849184989929199219e-01
1.2708 1.945376545190811157e-01
1.27231 -4.252743422985076904e-01
1.27383 -3.986785933375358582e-02
1.27534 1.239352375268936157e-01
1.27685 6.230044364929199219e-01
1.27837 -5.106781050562858582e-02
1.27988 2.185244709253311157e-01
1.28139 2.511172592639923096e-01
1.2829 -1.931881755590438843e-01
1.28442 -2.528500258922576904e-01
1.28593 1.268496662378311157e-01
1.28744 -4.196591079235076904e-01
1.28896 8.299590647220611572e-02
1.29047 -1.462368816137313843e-01
1.29198 -1.513485759496688843e-01
1.29349 4.999881088733673096e-01
1.29501 -1.657070964574813843e-01
1.29652 -2.969174087047576904e-01
1.29803 -1.937374919652938843e-01
1.29955 9.239532053470611572e-02
1.30106 -3.635983169078826904e-01
1.30257 5.503115653991699219e-01
1.30408 -4.932980239391326904e-01
1.3056 -4.991268813610076904e-01
1.30711 5.176882743835449219e-01
1.30862 5.782656669616699219e-01
1.31014 -6.612823903560638428e-02
1.31165 3.269839584827423096e-01
1.31316 3.083072006702423096e-01
1.31467 6.339907646179199219e-01
1.31619 -5.713315010070800781e-01
1.3177 -1.349911540746688843e-01
1.31921 -1.620144695043563843e-01
1.32073 -2.350277751684188843e-01
1.32224 5.665621757507324219e-01
1.32375 8.919097483158111572e-02
1.32526 9.848357737064361572e-02
1.32678 -3.917813003063201904e-01
1.32829 -1.074490398168563843e-01
1.3298 -8.115814626216888428e-02
1.33132 8.159209787845611572e-02
1.33283 -4.480557143688201904e-01
1.33434 2.876162827014923096e-01
1.33585 1.076235920190811157e-01
1.33737 3.977847397327423096e-01
1.33888 -4.293331801891326904e-01
1.34039 3.628573715686798096e-01
1.34191 6.579893175512552261e-03
1.34342 3.310122787952423096e-01
1.34493 4.112429916858673096e-01
1.34644 3.957705795764923096e-01
1.34796 1.085391193628311157e-01
1.34947 -3.588833510875701904e-01
1.35098 3.814883530139923096e-01
1.3525 5.030398368835449219e-01
1.35401 1.394988782703876495e-02
1.35552 5.333132743835449219e-01
1.35703 3.293948471546173096e-01
1.35855 7.220339775085449219e-01
1.36006 -2.516598403453826904e-01
1.36157 2.846099622547626495e-02
1.36309 6.148101761937141418e-02
1.3646 -4.264950454235076904e-01
1.36611 3.786959946155548096e-01
1.36762 -5.082366988062858582e-02
1.36914 6.003603935241699219e-01
1.37065 -3.332943618297576904e-01
1.37216 -1.932953111827373505e-02
1.37368 3.984866440296173096e-01
1.37519 -4.240231215953826904e-01
1.3767 -2.377133220434188843e-01
1.37821 -8.811615407466888428e-02
1.37973 -2.364010661840438843e-01
1.38124 1.917605549097061157e-01
1.38275 8.250002861022949219e-01
1.38427 6.019778251647949219e-01
1.38578 1.851687580347061157e-01
1.38729 -1.493499986827373505e-02
1.3888 -4.450497329235076904e-01
1.39032 7.309295237064361572e-02
1.39183 -5.012326240539550781e-01
1.39334 -5.372283980250358582e-02
1.39486 -1.023831218481063843e-01
1.39637 -7.882504463195800781e-01
1.39788 2.795901596546173096e-01
1.39939 -1.728939861059188843e-01
1.40091 2.040133625268936157e-01
1.40242 -1.777005046606063843e-01
1.40393 5.239443778991699219e-01
1.40545 2.145266681909561157e-01
1.40696 -6.174896284937858582e-02
1.40847 -3.520626723766326904e-01
1.40998 3.887057602405548096e-01
1.4115 2.148318439722061157e-01
1.41301 1.533694416284561157e-01
1.41452 1.766848713159561157e-01
1.41604 2.366366535425186157e-01
1.41755 -1.243100017309188843e-01
1.41906 2.481570392847061157e-01
1.42057 7.762481272220611572e-02
1.42209 4.758026078343391418e-02
1.4236 -8.282167837023735046e-03
1.42511 -4.278073012828826904e-01
1.42663 -1.488461345434188843e-01
1.42814 -2.315640300512313843e-01
1.42965 6.498599052429199219e-01
1.43116 -2.171749919652938843e-01
1.43268 -1.286434978246688843e-01
1.43419 4.516787827014923096e-01
1.4357 4.863311722874641418e-02
1.43722 2.990145981311798096e-01
1.43873 -4.613461196422576904e-01
1.44024 4.944491684436798096e-01
1.44175 2.207522541284561157e-01
1.44327 -5.182614326477050781e-01
1.44478 2.710452377796173096e-01
1.44629 -1.613583415746688843e-01
1.44781 -2.478756755590438843e-01
1.44932 -1.016354411840438843e-01
1.45083 2.850677259266376495e-02
1.45234 1.012759357690811157e-01
1.45386 -1.042599529027938843e-01
1.45537 -4.157684370875358582e-02
1.45688 -9.458588063716888428e-02
1.4584 1.416201740503311157e-01
1.45991 -3.399929702281951904e-01
1.46142 2.472872883081436157e-01
1.46293 5.660433769226074219e-01
1.46445 8.288909494876861572e-02
1.46596 6.717222277075052261e-03
1.46747 3.860049545764923096e-01
1.46899 5.408358573913574219e-01
1.4705 7.889590263366699219e-01
1.47201 -1.106991618871688843e-01
1.47352 -8.617828786373138428e-02
1.47504 -2.176327556371688843e-01
1.47655 1.031832844018936157e-01
1.47806 1.208682209253311157e-01
1.47958 4.008819535374641418e-02
1.48109 -1.501278728246688843e-01
1.4826 4.376101791858673096e-01
1.48411 -6.000485420227050781e-01
1.48563 4.906649887561798096e-01
1.48714 -2.174038738012313843e-01
1.48865 1.519351154565811157e-01
1.49017 -1.704220622777938843e-01
1.49168 4.223513901233673096e-01
1.49319 4.593692123889923096e-01
1.4947 1.009249836206436157e-01
1.49622 -2.555050551891326904e-01
1.49773 1.149783283472061157e-01
1.49924 3.190799057483673096e-01
1.50076 -4.423794448375701904e-01
1.50227 3.627349808812141418e-02
1.50378 2.906375229358673096e-01
1.5053 2.901339828968048096e-01
1.50681 -5.107846260070800781e-01
1.50832 -4.252896010875701904e-01
1.50983 3.127322494983673096e-01
1.51135 1.916384845972061157e-01
1.51286 4.436831772327423096e-01
1.51437 -5.290341377258300781e-01
1.51589 1.318240314722061157e-01
1.5174 -1.333889812231063843e-01
1.51891 7.976104319095611572e-02
1.52042 4.740786850452423096e-01
1.52194 -9.258730337023735046e-03
1.52345 -6.863099988549947739e-03
1.52496 2.256961017847061157e-01
1.52648 -7.276581227779388428e-02
1.52799 -2.342190593481063843e-01
1.5295 -3.560299575328826904e-01
1.53101 1.098818928003311157e-01
1.53253 3.043093979358673096e-01
1.53404 1.971011310815811157e-01
1.53555 6.270632743835449219e-01
1.53707 1.654388196766376495e-02
1.53858 -2.070278972387313843e-01
1.54009 -2.833221666514873505e-02
1.5416 4.587893784046173096e-01
1.54312 5.983920097351074219e-01
1.54463 -2.682192018255591393e-03
1.54614 5.685000419616699219e-01
1.54766 -3.711666762828826904e-01
1.54917 -2.451596111059188843e-01
1.55068 1.236148029565811157e-01
1.55219 1.170840412378311157e-01
1.55371 -5.355954170227050781e-01
1.55522 -3.186459243297576904e-01
1.55673 7.899050712585449219e-01
1.55825 -5.510525703430175781e-01
1.55976 -1.446957439184188843e-01
1.56127 5.996432304382324219e-01
1.56278 -8.488129079341888428e-02
1.5643 4.341616928577423096e-01
1.56581 -4.374359175562858582e-02
1.56732 5.553774833679199219e-01
1.56884 7.233001291751861572e-02
1.57035 -1.033291667699813843e-01
1.57186 -9.293793141841888428e-02
1.57337 -3.320126235485076904e-01
1.57489 -2.244232408702373505e-02
1.5764 1.547274738550186157e-01
1.57791 -2.635006606578826904e-01
1.57943 3.825869858264923096e-01
1.58094 1.047549396753311157e-01
1.58245 1.499514728784561157e-01
1.58396 2.506442368030548096e-01
1.58548 -5.206418037414550781e-01
1.58699 2.427859455347061157e-01
1.5885 1.991305500268936157e-01
1.59002 5.364260673522949219e-01
1.59153 3.572418168187141418e-02
1.59304 5.774722099304199219e-01
1.59455 1.412539631128311157e-01
1.59607 1.248660236597061157e-01
1.59758 2.611880600452423096e-01
1.59909 -2.382778972387313843e-01
1.60061 -2.637142837047576904e-01
1.60212 3.393130600452423096e-01
1.60363 -1.572845689952373505e-02
1.60514 2.269320636987686157e-01
1.60666 4.742007553577423096e-01
1.60817 -4.899563491344451904e-01
1.60968 -1.175656169652938843e-01
1.6112 2.731356918811798096e-01
1.61271 -1.336788982152938843e-01
1.61422 -2.763333022594451904e-01
1.61573 -5.033538863062858582e-02
1.61725 -1.739621013402938843e-01
1.61876 1.434207111597061157e-01
1.62027 -8.744476735591888428e-02
1.62179 -6.031308174133300781e-01
1.6233 -5.260927136987447739e-03
1.62481 -1.343963854014873505e-02
1.62632 6.611208915710449219e-01
1.62784 -2.336239665746688843e-01
1.62935 1.079898029565811157e-01
1.63086 -1.603970378637313843e-01
1.63238 -1.021237224340438843e-01
1.63389 -8.254669606685638428e-02
1.6354 2.011904865503311157e-01
1.63691 3.021121323108673096e-01
1.63843 5.835299491882324219e-01
1.63994 3.295474350452423096e-01
1.64145 1.556582599878311157e-01
1.64297 2.147097736597061157e-01
1.64448 8.726836740970611572e-02
1.64599 -5.108339246362447739e-03
1.6475 9.831573069095611572e-02
1.64902 -4.520843550562858582e-02
1.65053 -8.228729665279388428e-02
1.65204 -2.982757799327373505e-02
1.65356 1.651797443628311157e-01
1.65507 -3.863339126110076904e-01
1.65658 2.769046127796173096e-01
1.65809 2.715945541858673096e-01
1.65961 -7.545135915279388428e-02
1.66112 1.952548176050186157e-01
1.66263 -9.838564321398735046e-03
1.66415 1.101412922143936157e-01
1.66566 -6.004757881164550781e-01
1.66717 3.543887436389923096e-01
1.66868 4.080691635608673096e-01
1.6702 -3.212399184703826904e-01
1.67171 9.173919260501861572e-02
1.67322 -3.673214614391326904e-01
1.67474 3.932376205921173096e-01
1.67625 -4.511688277125358582e-02
1.67776 4.117465317249298096e-01
1.67927 7.185699045658111572e-02
1.68079 5.833770707249641418e-02
1.6823 1.532168537378311157e-01
1.68381 6.698943674564361572e-02
1.68533 2.342105060815811157e-01
1.68684 -1.130795329809188843e-01
1.68835 -3.370785415172576904e-01
1.68986 1.958038099110126495e-02
1.69138 3.799472153186798096e-01
1.69289 -3.225826919078826904e-01
1.6944 5.772735550999641418e-02
1.69592 -2.596859633922576904e-01
1.69743 3.153262436389923096e-01
1.69894 8.311797678470611572e-02
1.70045 -5.629086494445800781e-01
1.70197 7.861630991101264954e-03
1.70348 4.259524643421173096e-01
1.70499 -6.388519704341888428e-02
1.70651 1.205325275659561157e-01
1.70802 1.654388196766376495e-02
1.70953 3.930545151233673096e-01
1.71104 3.894839584827423096e-01
1.71256 -1.869320720434188843e-01
1.71407 1.338076740503311157e-01
1.71558 -1.471371501684188843e-01
1.7171 2.241091877222061157e-01
1.71861 7.759429514408111572e-02
1.72012 -6.222553784027695656e-04
1.72163 4.032779037952423096e-01
1.72315 4.149200394749641418e-02
1.72466 -4.172943159937858582e-02
1.72617 -1.532711833715438843e-01
1.72769 -9.125946462154388428e-02
1.7292 3.718753159046173096e-01
1.73071 5.384249687194824219e-01
1.73222 -6.345795094966888428e-02
1.73374 4.557986557483673096e-01
1.73525 6.792941093444824219e-01
1.73676 -2.425656169652938843e-01
1.73828 -2.478909343481063843e-01
1.73979 -5.460784956812858582e-02
1.7413 -4.191253706812858582e-02
1.74281 -7.606171071529388428e-02
1.74433 -2.422146648168563843e-01
1.74584 -2.859158217906951904e-01
1.74735 4.423858597874641418e-02
1.74887 9.048953056335449219e-01
1.75038 2.236819416284561157e-01
1.75189 7.381472587585449219e-01
1.7534 1.325411945581436157e-01
1.75492 9.078402519226074219e-01
1.75643 -2.555355727672576904e-01
1.75794 4.435305893421173096e-01
1.75946 -3.669247329235076904e-01
1.76097 -8.862001821398735046e-03
1.76248 -1.496548503637313843e-01
1.76399 6.876711845397949219e-01
1.76551 -2.633328139781951904e-01
1.76702 4.103579819202423096e-01
1.76853 -1.406826823949813843e-01
1.77005 4.845001175999641418e-02
1.77156 2.687869369983673096e-01
1.77307 6.340362131595611572e-02
1.77458 1.357913166284561157e-01
1.7761 3.044009506702423096e-01
1.77761 1.719546467065811157e-01
1.77912 4.150726273655891418e-02
1.78064 4.450106918811798096e-01
1.78215 2.942385971546173096e-01
1.78366 3.190493881702423096e-01
1.78517 9.932281076908111572e-02
1.78669 2.778201401233673096e-01
1.7882 1.754336506128311157e-01
1.78971 -4.615139663219451904e-01
1.79123 8.031035959720611572e-02
1.79274 7.743258476257324219e-01
1.79425 7.270083427429199219e-01
1.79576 5.425753593444824219e-01
1.79728 -5.311248824000358582e-02
1.79879 -1.307492107152938843e-01
1.8003 -5.037198066711425781e-01
1.80182 -4.240688979625701904e-01
1.80333 -1.713986247777938843e-01
1.80484 4.704928696155548096e-01
1.80635 5.253176689147949219e-01
1.80787 7.377959787845611572e-02
1.80938 -7.413754463195800781e-01
1.81089 -1.501583904027938843e-01
1.81241 7.322573661804199219e-01
1.81392 1.458315998315811157e-01
1.81543 -2.457852214574813843e-01
1.81694 3.926272690296173096e-01
1.81846 4.551272690296173096e-01
1.81997 -4.455990493297576904e-01
1.82148 2.255740314722061157e-01
1.823 -5.596737861633300781e-01
1.82451 2.007479816675186157e-01
1.82602 -3.789333999156951904e-01
1.82753 8.034087717533111572e-02
1.82905 -1.618771404027938843e-01
1.83056 -2.058834880590438843e-01
1.83207 6.380034983158111572e-02
1.83359 3.117556869983673096e-01
1.8351 3.157840073108673096e-01
1.83661 1.197695881128311157e-01
1.83812 3.398013412952423096e-01
1.83964 -1.309933513402938843e-01
1.84115 1.262087970972061157e-01
1.84266 -3.063661744818091393e-03
1.84418 -1.070523113012313843e-01
1.84569 2.853427231311798096e-01
1.8472 -1.425442546606063843e-01
1.84871 -2.482724040746688843e-01
1.85023 3.061248548328876495e-02
1.85174 -6.040618941187858582e-02
1.85325 4.629702866077423096e-01
1.85477 -2.341885417699813843e-01
1.85628 3.278537094593048096e-01
1.85779 -3.370480239391326904e-01
1.8593 1.593203693628311157e-01
1.86082 -2.797665297985076904e-01
1.86233 3.568606674671173096e-01
1.86384 -2.353634685277938843e-01
1.86536 5.161013603210449219e-01
1.86687 6.386138498783111572e-02
1.86838 2.345614582300186157e-01
1.86989 4.167514145374298096e-01
1.87141 3.599883988499641418e-02
1.87292 3.293182328343391418e-02
1.87443 6.713137626647949219e-01
1.87595 1.158023029565811157e-01
1.87746 5.970950126647949219e-01
1.87897 -3.632321059703826904e-01
1.88048 1.831393390893936157e-01
1.882 -8.602602407336235046e-03
1.88351 -3.464169204235076904e-01
1.88502 -4.523895308375358582e-02
1.88654 6.231875419616699219e-01
1.88805 4.946475327014923096e-01
1.88956 1.456484943628311157e-01
1.89107 -3.461422622203826904e-01
1.89259 7.563509941101074219e-01
1.8941 -3.535732924938201904e-01
1.89561 -6.211517378687858582e-02
1.89713 1.072268635034561157e-01
1.89864 -2.909359633922576904e-01
1.90015 9.860564768314361572e-02
1.90166 1.770510822534561157e-01
1.90318 -2.002377361059188843e-01
1.90469 -2.729461900889873505e-02
1.9062 -5.158660933375358582e-02
1.90772 7.515444755554199219e-01
1.90923 7.097198069095611572e-02
1.91074 2.269320636987686157e-01
1.91225 3.286624252796173096e-01
1.91377 -1.551937907934188843e-01
1.91528 -1.420864909887313843e-01
1.91679 -1.062283366918563843e-01
1.91831 -1.180844157934188843e-01
1.91982 -5.456357002258300781e-01
1.92133 -1.244625896215438843e-01
1.92284 6.229434013366699219e-01
1.92436 -1.464962810277938843e-01
1.92587 4.790069535374641418e-02
1.92738 3.732180893421173096e-01
1.9289 3.743472397327423096e-01
1.93041 -3.357662856578826904e-01
1.93192 4.012027084827423096e-01
1.93343 1.845126301050186157e-01
1.93495 3.020049817860126495e-02
1.93646 -2.609982192516326904e-01
1.93797 -7.539032399654388428e-02
1.93949 -6.031918525695800781e-01
1.941 2.067446857690811157e-01
1.94251 -2.548336684703826904e-01
1.94402 3.532290756702423096e-01
1.94554 5.054507255554199219e-01
1.94705 1.316714435815811157e-01
1.94856 6.385836601257324219e-01
1.95008 -2.278256267309188843e-01
1.95159 5.788149833679199219e-01
1.9531 2.651553452014923096e-01
1.95461 -1.448178142309188843e-01
1.95613 1.902957111597061157e-01
1.95764 2.670016586780548096e-01
1.95915 1.244998127222061157e-01
1.96067 3.332400619983673096e-01
1.96218 3.777041733264923096e-01
1.96369 -1.065945476293563843e-01
1.9652 3.849063217639923096e-01
1.96672 1.364627033472061157e-01
1.96823 3.222995102405548096e-01
1.96974 -1.734588854014873505e-02
1.97126 2.338748127222061157e-01
1.97277 4.591705277562141418e-02
1.97428 1.704287678003311157e-01
1.97579 9.422637522220611572e-02
1.97731 2.020602375268936157e-01
1.97882 -3.069576919078826904e-01
1.98033 -1.304291002452373505e-02
1.98185 5.343661308288574219e-01
1.98336 5.938601493835449219e-01
1.98487 -4.012875258922576904e-01
1.98638 -4.232452437281608582e-02
1.9879 -5.171322822570800781e-01
1.98941 1.920962482690811157e-01
1.99092 -1.810882799327373505e-02
1.99244 -2.217221111059188843e-01
1.99395 2.147097736597061157e-01
1.99546 -2.915619127452373505e-02
1.99697 3.893008530139923096e-01
1.99849 -4.833648726344108582e-02
2 9.721709787845611572e-02
