-1.3330078125 0.0184179404798
-1.328125 -0.00513428832363
-1.3232421875 0.00725955072421
-1.318359375 0.0279112174402
-1.3134765625 0.00245442656233
-1.30859375 0.0117968830589
-1.3037109375 -0.0187743897031
-1.298828125 0.0391762132845
-1.2939453125 0.0107742172332
-1.2890625 0.0306864530668
-1.2841796875 -0.0203832461129
-1.279296875 -0.0307969175528
-1.2744140625 -0.0240978823985
-1.26953125 -0.0143504751955
-1.2646484375 -0.0104045256093
-1.259765625 0.0206762937704
-1.2548828125 0.0156294624525
-1.25 -0.0238552320787
-1.2451171875 0.0117531069215
-1.240234375 0.00126725487104
-1.2353515625 0.00702890430715
-1.23046875 0.00769569252401
-1.2255859375 0.00894852842139
-1.220703125 0.0044279491526
-1.2158203125 0.0234440031406
-1.2109375 0.0401763479752
-1.2060546875 0.0172517041665
-1.201171875 0.0206953475843
-1.1962890625 0.0141317850467
-1.19140625 0.0146583371934
-1.1865234375 0.00812449860546
-1.181640625 0.0307344210433
-1.1767578125 -0.00379537205857
-1.171875 0.0106386493474
-1.1669921875 -0.016761068459
-1.162109375 0.0334991770723
-1.1572265625 -0.00357187558517
-1.15234375 -0.0242820375097
-1.1474609375 -0.00021740735083
-1.142578125 0.0395943492301
-1.1376953125 0.0350022371806
-1.1328125 -0.0211524962139
-1.1279296875 0.0192756955463
-1.123046875 0.00421461312545
-1.1181640625 0.0237450534
-1.11328125 0.00297025141179
-1.1083984375 -0.0012216305137
-1.103515625 -0.00560963334549
-1.0986328125 0.0245234493316
-1.09375 0.0207289775658
-1.0888671875 0.016215510133
-1.083984375 -0.0106447942024
-1.0791015625 0.0418734711778
-1.07421875 0.014600223061
-1.0693359375 0.0141430744314
-1.064453125 -0.00410301493753
-1.0595703125 0.0260679991196
-1.0546875 -0.0130762513921
-1.0498046875 -0.00459664685727
-1.044921875 0.0335218511109
-1.0400390625 0.0453109697406
-1.03515625 -0.00412998561109
-1.0302734375 -0.0130521959521
-1.025390625 0.00543405245055
-1.0205078125 0.00614923735467
-1.015625 0.011789499706
-1.0107421875 0.0106856169986
-1.005859375 0.00846556187398
-1.0009765625 0.0130546253133
-0.99609375 0.0440073554292
-0.9912109375 -0.000644871567439
-0.986328125 0.0137511374798
-0.9814453125 0.0351983961945
-0.9765625 0.0158815920447
-0.9716796875 -0.0241904362995
-0.966796875 -0.020003313064
-0.9619140625 -0.0378027191106
-0.95703125 0.034194450741
-0.9521484375 0.00172333172361
-0.947265625 0.0538937125699
-0.9423828125 0.00904427383616
-0.9375 0.00742884386057
-0.9326171875 0.026797283846
-0.927734375 0.0103008728618
-0.9228515625 0.0210899997043
-0.91796875 -0.0169474147588
-0.9130859375 0.0497228327108
-0.908203125 -0.0258698870897
-0.9033203125 0.0324310679006
-0.8984375 0.00827040318527
-0.8935546875 -0.000293668811863
-0.888671875 0.0284767346362
-0.8837890625 0.0311486985917
-0.87890625 -0.01589845467
-0.8740234375 -0.00399745204516
-0.869140625 -0.0149715818936
-0.8642578125 0.0154164884478
-0.859375 0.00133288573296
-0.8544921875 0.0326993456
-0.849609375 0.0159256539893
-0.8447265625 -0.0112043094471
-0.83984375 0.0341198550596
-0.8349609375 0.00543176599288
-0.830078125 0.0533516315649
-0.8251953125 0.0095558211044
-0.8203125 -0.00153405113649
-0.8154296875 0.0208231986754
-0.810546875 0.0360249506408
-0.8056640625 -0.0114459118071
-0.80078125 -0.00959140410183
-0.7958984375 0.0131559439686
-0.791015625 0.0267919487781
-0.7861328125 0.00437103064707
-0.78125 -0.00386673335502
-0.7763671875 0.00852396181353
-0.771484375 -0.00357425254845
-0.7666015625 -0.0241299880749
-0.76171875 0.0217162032976
-0.7568359375 0.00944530898387
-0.751953125 -0.00632181727392
-0.7470703125 0.00412122562015
-0.7421875 0.0103216415189
-0.7373046875 0.037774424197
-0.732421875 0.0219714767691
-0.7275390625 0.0170048620077
-0.72265625 0.00321639810645
-0.7177734375 -0.0266919162552
-0.712890625 0.024554125972
-0.7080078125 0.0133969747143
-0.703125 -0.00030802014448
-0.6982421875 -0.00497885683687
-0.693359375 0.0260203169503
-0.6884765625 0.0208581624239
-0.68359375 -0.002370870825
-0.6787109375 -0.00449466608191
-0.673828125 -0.00296433996603
-0.6689453125 -0.000302213971045
-0.6640625 0.0121713381362
-0.6591796875 -0.000766916008817
-0.654296875 -0.00610565175541
-0.6494140625 -0.000289588913965
-0.64453125 -0.0125931419411
-0.6396484375 -0.0252957480429
-0.634765625 0.00600938236077
-0.6298828125 0.0237037542584
-0.625 0.015147829672
-0.6201171875 -0.0215825407932
-0.615234375 0.0110132473284
-0.6103515625 -0.0107545918049
-0.60546875 -0.00301498976679
-0.6005859375 -0.00037444983755
-0.595703125 -0.00793191218163
-0.5908203125 0.0185913301862
-0.5859375 0.00727598463868
-0.5810546875 0.00764505701361
-0.576171875 0.0541747563247
-0.5712890625 0.030102691844
-0.56640625 0.00940124703927
-0.5615234375 0.0154821288366
-0.556640625 -0.00990102857744
-0.5517578125 -0.00233149611861
-0.546875 0.00114239522866
-0.5419921875 -0.012855131882
-0.537109375 -0.0218302403737
-0.5322265625 0.0101078100926
-0.52734375 0.00741507748003
-0.5224609375 0.0192662162739
-0.517578125 -0.00991955841144
-0.5126953125 -0.00798269059563
-0.5078125 0.00694259053025
-0.5029296875 0.0103503651433
-0.498046875 0.026194087733
-0.4931640625 0.0399968134139
-0.48828125 0.0170883177125
-0.4833984375 -0.0142239102368
-0.478515625 -0.00688152305676
-0.4736328125 -0.0131830956534
-0.46875 0.0143398050598
-0.4638671875 -0.00557714659282
-0.458984375 -0.00334414916508
-0.4541015625 -0.000486944031064
-0.44921875 -0.00179284003666
-0.4443359375 -0.0100915190817
-0.439453125 0.0275990206997
-0.4345703125 -0.0205912661259
-0.4296875 0.0327839921682
-0.4248046875 0.00494246405235
-0.419921875 0.0155825900703
-0.4150390625 -0.00395190866653
-0.41015625 -0.00525747123038
-0.4052734375 0.0193637241665
-0.400390625 0.00171731548188
-0.3955078125 0.0233174381819
-0.390625 -0.00145742622396
-0.3857421875 0.0196697284174
-0.380859375 0.0010567435718
-0.3759765625 0.024913766709
-0.37109375 0.0362072003706
-0.3662109375 0.0106261690993
-0.361328125 -0.013259310909
-0.3564453125 -0.0120107621197
-0.3515625 -0.0179904205308
-0.3466796875 -0.00918050860543
-0.341796875 0.00274088636371
-0.3369140625 -0.00102720539683
-0.33203125 -0.00600914418809
-0.3271484375 -0.0283486930069
-0.322265625 -0.00437493191547
-0.3173828125 0.000498014296931
-0.3125 0.00371521742701
-0.3076171875 -0.0273409844251
-0.302734375 -0.00905032342206
-0.2978515625 0.00295542754459
-0.29296875 -0.00237173777353
-0.2880859375 0.0212317124451
-0.283203125 0.00392391861393
-0.2783203125 -0.00131605645185
-0.2734375 -0.0129870319086
-0.2685546875 0.0250659114129
-0.263671875 -0.000833613884317
-0.2587890625 0.0342582810175
-0.25390625 0.0062055413747
-0.2490234375 0.0196328592876
-0.244140625 -0.0227519209858
-0.2392578125 -0.0223517908942
-0.234375 0.0219804320617
-0.2294921875 0.0412548891101
-0.224609375 -0.0122865660757
-0.2197265625 0.0188764705109
-0.21484375 -0.0283723673707
-0.2099609375 0.00634282410373
-0.205078125 0.0153348428553
-0.2001953125 -0.0226801833765
-0.1953125 0.00350475852576
-0.1904296875 0.0117646344789
-0.185546875 -0.00863847523497
-0.1806640625 0.0063289148196
-0.17578125 -0.0377751863496
-0.1708984375 0.0175989599246
-0.166015625 -0.00926053462374
-0.1611328125 0.0227692123219
-0.15625 -0.015689815408
-0.1513671875 0.0464258083909
-0.146484375 -0.016941460442
-0.1416015625 -0.0403233005148
-0.13671875 -0.0373834399361
-0.1318359375 0.0148063853272
-0.126953125 0.02690436628
-0.1220703125 0.0117795440882
-0.1171875 0.0159227006482
-0.1123046875 0.0214997996064
-0.107421875 0.0150339354996
-0.1025390625 0.010185263846
-0.09765625 0.0322086146235
-0.0927734375 0.0171596742455
-0.087890625 -0.00467056612823
-0.0830078125 -0.00867153360206
-0.078125 0.00884111254562
-0.0732421875 8.09887122578e-05
-0.068359375 -0.00174563421277
-0.0634765625 0.0026504283823
-0.05859375 -0.0182201142572
-0.0537109375 -0.0458257085226
-0.048828125 0.0287667336835
-0.0439453125 -0.0059828022904
-0.0390625 0.0113782231333
-0.0341796875 0.00833613884317
-0.029296875 0.00609069451152
-0.0244140625 -0.0115477544423
-0.01953125 0.0332861554331
-0.0146484375 0.0193420504532
-0.009765625 8.09858541858e-05
-0.0048828125 0.0457294867625
0.0 0.145
0.0048828125 0.118165561217
0.009765625 0.0879909888601
0.0146484375 0.0450723207217
0.01953125 0.0404344795188
0.0244140625 0.0365066310557
0.029296875 -0.00241586164303
0.0341796875 0.0252727881971
0.0390625 0.00997529081705
0.0439453125 0.0265646367785
0.048828125 -0.014807433287
0.0537109375 -0.00696726521923
0.05859375 0.0316470510938
0.0634765625 -0.0213278865707
0.068359375 0.0198860844741
0.0732421875 0.0148766462659
0.078125 -0.0193551499502
0.0830078125 0.0227429180587
0.087890625 -0.00545982273383
0.0927734375 0.0219152680182
0.09765625 -0.0217127736111
0.1025390625 -0.0068563243879
0.107421875 -0.00882853702846
0.1123046875 0.01252516746
0.1171875 0.0316709636302
0.1220703125 -0.0147927618503
0.126953125 0.0174079454404
0.1318359375 0.0206876307896
0.13671875 0.00558996028265
0.1416015625 -0.0104587337098
0.146484375 0.0169161665041
0.1513671875 -0.00943421013729
0.15625 -0.01364567462
0.1611328125 0.0136670148915
0.166015625 -0.00625027020279
0.1708984375 -0.00272047496559
0.17578125 0.00520855056324
0.1806640625 0.00670351280055
0.185546875 -0.0152106119888
0.1904296875 9.2363362801e-05
0.1953125 0.0242806561082
0.2001953125 0.0177231907911
0.205078125 -0.00342860995857
0.2099609375 -0.0193577222151
0.21484375 0.0143252288922
0.2197265625 -0.00396552261655
0.224609375 0.0212741548155
0.2294921875 -0.00620020630681
0.234375 -0.00307154624985
0.2392578125 -0.00554875641013
0.244140625 -0.00486077082533
0.2490234375 0.0267346920674
0.25390625 0.0045662893683
0.2587890625 -0.0102368520471
0.263671875 0.013884514177
0.2685546875 0.033620121156
0.2734375 0.0209038915772
0.2783203125 -0.00245585559837
0.283203125 -0.00568870667311
0.2880859375 0.0277291582485
0.29296875 0.00732909714488
0.2978515625 0.00891275488582
0.302734375 -0.000524056097056
0.3076171875 0.000373052240301
0.3125 0.00384692691548
0.3173828125 -0.0111077542452
0.322265625 0.0083947769554
0.3271484375 0.00125857109536
0.33203125 0.00110409706276
0.3369140625 0.0114729205883
0.341796875 0.0145850276445
0.3466796875 0.0130626755497
0.3515625 -0.0147884271077
0.3564453125 0.0140186053922
0.361328125 -0.00196275718542
0.3662109375 -0.0123198149809
0.37109375 -0.0165207045969
0.3759765625 -0.0077773381165
0.380859375 0.00210160232719
0.3857421875 -0.00356480185676
0.390625 0.0078176845674
0.3955078125 0.00459737566565
0.400390625 0.038203897162
0.4052734375 -0.00480513368879
0.41015625 0.0276712822888
0.4150390625 0.0433186553264
0.419921875 0.0216361296448
0.4248046875 -0.00486253330311
0.4296875 0.0414210860017
0.4345703125 -0.0102541433832
0.439453125 0.00214274427482
0.4443359375 0.00218487702077
0.44921875 0.0143995387663
0.4541015625 -0.0102324696699
0.458984375 0.00145333918088
0.4638671875 0.0201101573254
0.46875 -0.0111944490984
0.4736328125 -0.00838077240219
0.478515625 -0.00107426831712
0.4833984375 0.0227922674367
0.48828125 0.0136714449033
0.4931640625 -0.00331638775825
0.498046875 -0.0184077943239
0.5029296875 -0.000662948873361
0.5078125 0.0174356211051
0.5126953125 -0.0157314479913
0.517578125 0.00942687441894
0.5224609375 -0.0160507422775
0.52734375 0.00799893397196
0.5322265625 -0.0251757566499
0.537109375 -0.0200262729097
0.5419921875 0.0357561965959
0.546875 -0.00734148212391
0.5517578125 -0.0286876603559
0.556640625 -0.0127382367338
0.5615234375 -0.0214775066442
0.56640625 0.0195520711167
0.5712890625 -0.00292698496391
0.576171875 0.0103678946521
0.5810546875 -0.0037788857461
0.5859375 -0.0152512442469
0.5908203125 0.00270846153593
0.595703125 0.0118365626263
0.6005859375 -0.000949718299217
0.60546875 -0.0208816938841
0.6103515625 0.0260330353711
0.615234375 0.000334695007572
0.6201171875 0.00363072328935
0.625 -0.00280483572656
0.6298828125 0.0131896215847
0.634765625 0.0086140863532
0.6396484375 -0.0253402386983
0.64453125 0.00206922513395
0.6494140625 -0.0131855726492
0.654296875 0.0177089956998
0.6591796875 -0.0167457777734
0.6640625 0.0129085301954
0.6689453125 0.00136189040115
0.673828125 -0.0342472298054
0.6787109375 0.000381481171218
0.68359375 -0.00427072660734
0.6884765625 0.00103109713831
0.693359375 -0.00772941777458
0.6982421875 -0.00500962874629
0.703125 0.0151181057224
0.7080078125 0.0126560671614
0.712890625 -0.00365733194043
0.7177734375 -0.026811097861
0.72265625 0.0173418287062
0.7275390625 0.00521836327739
0.732421875 -0.00597451388136
0.7373046875 0.00804718775562
0.7421875 0.00531034556391
0.7470703125 -0.0272194687271
0.751953125 0.0125258343435
0.7568359375 0.00871211822563
0.76171875 0.0318752681496
0.7666015625 0.00806552705149
0.771484375 -0.00478064953795
0.7763671875 -0.0060324851101
0.78125 0.00480313303833
0.7861328125 -0.0347501075883
0.791015625 0.00628494814406
0.7958984375 -0.0010382851896
0.80078125 0.0344798292384
0.8056640625 0.00657013610336
0.810546875 -0.00797182992172
0.8154296875 0.00701385179418
0.8203125 0.0181050292213
0.8251953125 0.0247127489726
0.830078125 0.043434073804
0.8349609375 0.0287556348369
0.83984375 0.0258595503957
0.8447265625 0.0281932138856
0.849609375 8.31513201336e-05
0.8544921875 -0.0104345353662
0.859375 0.00830246122713
0.8642578125 0.00122854228468
0.869140625 0.00324395468477
0.8740234375 0.0134732376043
0.87890625 0.00208312012773
0.8837890625 0.00819899901774
0.888671875 -0.0145746909504
0.8935546875 0.0188637044556
0.8984375 0.0192332531759
0.9033203125 0.0176433553109
0.908203125 0.00319477202769
0.9130859375 0.0413139082986
0.91796875 0.016758305656
0.9228515625 0.00674514538389
0.927734375 0.0113861304661
0.9326171875 0.00984615359345
0.9375 -0.00116220643165
0.9423828125 0.00258161553346
0.947265625 -0.00195207275929
0.9521484375 -0.00252272972165
0.95703125 -0.00242757021166
0.9619140625 0.01427425994
0.966796875 0.0116996609735
0.9716796875 -0.00117663016876
0.9765625 0.00452862474171
0.9814453125 -0.0201275915651
0.986328125 0.0479017644489
0.9912109375 0.0321934668414
0.99609375 -0.028281528313
1.0009765625 0.0233586896889
1.005859375 -0.0159599032198
1.0107421875 0.0211043376993
1.015625 0.0138223987438
1.0205078125 0.00588281740205
1.025390625 0.012261653214
1.0302734375 -0.00483604850181
1.03515625 0.0411318967415
1.0400390625 0.0253994007904
1.044921875 -0.00374012552521
1.0498046875 -0.0213785220811
1.0546875 0.0339825723306
1.0595703125 -0.00892775976426
1.064453125 0.0196601062414
1.0693359375 -0.0101084293416
1.07421875 -0.00851629265344
1.0791015625 -0.00361658535944
1.083984375 -0.000796620904662
1.0888671875 0.010459734035
1.09375 -0.00693920847829
1.0986328125 0.00892756922612
1.103515625 0.0035678790477
1.1083984375 0.0217881790796
1.11328125 0.047185531585
1.1181640625 0.0531858633842
1.123046875 0.00504506884012
1.1279296875 0.00906232732481
1.1328125 0.00958702172463
1.1376953125 -0.0242958991593
1.142578125 -0.0114792083469
1.1474609375 0.0108997342321
1.15234375 -0.043627565284
1.1572265625 0.0225734343842
1.162109375 0.0233009089983
