0.00139082 -6.394256591796875000e+01
0.00278164 9.636858701705932617e-01
0.00417246 1.081524848937988281e+01
0.00556328 1.239246215820312500e+02
0.0069541 1.513946723937988281e+01
0.00834492 3.124493598937988281e+01
0.00973574 6.817462158203125000e+01
0.0111266 1.323712348937988281e+01
0.0125174 -4.461444091796875000e+01
0.0139082 1.233087348937988281e+01
0.015299 -6.081756591796875000e+01
0.0166898 -7.566912841796875000e+01
0.0180807 9.908998489379882812e+00
0.0194715 -5.034881591796875000e+01
0.0208623 1.374102973937988281e+01
0.0222531 1.275274848937988281e+01
0.0236439 3.947149658203125000e+01
0.0250348 1.013777465820312500e+02
0.0264256 -1.536314129829406738e+00
0.0278164 2.490899848937988281e+01
0.0292072 3.692852783203125000e+01
0.0305981 2.157696723937988281e+01
0.0319889 -3.893475341796875000e+01
0.0333797 -3.559881591796875000e+01
0.0347705 8.003790283203125000e+01
0.0361613 4.726055908203125000e+01
0.0375522 -1.131365776062011719e+01
0.038943 -7.080975341796875000e+01
0.0403338 2.845196723937988281e+01
0.0417246 -1.678631401062011719e+01
0.0431154 5.290899658203125000e+01
0.0445063 1.073191528320312500e+02
0.0458971 5.033087158203125000e+01
0.0472879 -2.522772026062011719e+01
0.0486787 -8.781365966796875000e+01
0.0500695 6.369935989379882812e+00
0.0514604 -8.836444091796875000e+01
0.0528512 -8.021600341796875000e+01
0.054242 5.129962158203125000e+01
0.0556328 4.668243408203125000e+01
0.0570236 -4.891131591796875000e+01
0.0584145 5.455743408203125000e+01
0.0598053 7.469024658203125000e+01
0.0611961 6.324493408203125000e+01
0.0625869 -3.042303276062011719e+01
0.0639777 -4.895689010620117188e+00
0.0653686 2.533087348937988281e+01
0.0667594 -9.438657760620117188e+00
0.0681502 1.401121215820312500e+02
0.069541 2.986993598937988281e+01
0.0709318 -1.720818901062011719e+01
0.0723227 4.525274658203125000e+01
0.0737135 1.824358701705932617e-01
0.0751043 1.630743598937988281e+01
0.0764951 1.742462348937988281e+01
0.077886 3.753399658203125000e+01
0.0792768 7.358087158203125000e+01
0.0806676 -4.130975341796875000e+01
0.0820584 7.035430908203125000e+01
0.0834492 1.072605590820312500e+02
0.0848401 1.036316528320312500e+02
0.0862309 3.313555908203125000e+01
0.0876217 2.583868598937988281e+01
0.0890125 2.936993598937988281e+01
0.0904033 -3.738787841796875000e+01
0.0917942 7.715118408203125000e+01
0.093185 6.576837158203125000e+01
0.0945758 9.346498489379882812e+00
0.0959666 3.739337158203125000e+01
0.0973574 -8.362225341796875000e+01
0.0987483 -8.637876510620117188e+00
0.100139 5.236993408203125000e+01
0.10153 2.105743598937988281e+01
0.102921 3.358477783203125000e+01
0.104312 1.183087348937988281e+01
0.105702 -6.020689010620117188e+00
0.107093 1.036668090820312500e+02
0.108484 -5.870037841796875000e+01
0.109875 2.150665473937988281e+01
0.111266 1.439337348937988281e+01
0.112656 -5.899725341796875000e+01
0.114047 -3.353631591796875000e+01
0.115438 2.784649848937988281e+01
0.116829 -5.438787841796875000e+01
0.11822 3.565118408203125000e+01
0.119611 3.189727973937988281e+01
0.121001 -2.333709526062011719e+01
0.122392 -1.261443901062011719e+01
0.123783 4.053009033203125000e+01
0.125174 -3.801939010620117188e+00
0.126565 -9.645689010620117188e+00
0.127955 -1.085636596679687500e+02
0.129346 1.783868598937988281e+01
0.130737 3.630352783203125000e+01
0.132128 1.951837348937988281e+01
0.133519 -2.306756401062011719e+01
0.13491 -1.626287651062011719e+01
0.1363 -1.363006401062011719e+01
0.137691 2.795587348937988281e+01
0.139082 4.239727783203125000e+01
0.140473 6.105352783203125000e+01
0.141864 3.113556098937988281e+01
0.143255 -7.505064010620117188e+00
0.144645 1.045977973937988281e+01
0.146036 7.668634033203125000e+01
0.147427 -2.330584526062011719e+01
0.148818 -2.284100151062011719e+01
0.150209 6.482696533203125000e+01
0.151599 -5.806756591796875000e+01
0.15299 1.233087348937988281e+01
0.154381 5.380743408203125000e+01
0.155772 6.136993408203125000e+01
0.157163 8.570977783203125000e+01
0.158554 -3.833189010620117188e+00
0.159944 3.664337158203125000e+01
0.161335 5.762774658203125000e+01
0.162726 7.164337158203125000e+01
0.164117 2.600274848937988281e+01
0.165508 1.121629028320312500e+02
0.166898 9.537774658203125000e+01
0.168289 -1.965350151062011719e+01
0.16968 5.719805908203125000e+01
0.171071 2.537774848937988281e+01
0.172462 3.968243408203125000e+01
0.173853 6.374102783203125000e+01
0.175243 1.232696723937988281e+01
0.176634 2.521368598937988281e+01
0.178025 7.274493408203125000e+01
0.179416 -1.079022026062011719e+01
0.180807 -5.325897216796875000e+01
0.182197 -9.505064010620117188e+00
0.183588 1.061212348937988281e+01
0.184979 2.182306098937988281e+01
0.18637 -1.707147026062011719e+01
0.187761 -6.731626510620117188e+00
0.189152 3.835430908203125000e+01
0.190542 8.315899658203125000e+01
0.191933 -5.020689010620117188e+00
0.193324 4.731134033203125000e+01
0.194715 4.744024658203125000e+01
0.196106 -4.768475341796875000e+01
0.197497 8.741290283203125000e+01
0.198887 -1.793475151062011719e+01
0.200278 -5.969907760620117188e+00
0.201669 2.455743598937988281e+01
0.20306 5.324493408203125000e+01
0.204451 2.568243598937988281e+01
0.205841 -3.284100341796875000e+01
0.207232 2.861602973937988281e+01
0.208623 4.943243408203125000e+01
0.210014 1.315248370170593262e+00
0.211405 1.615899848937988281e+01
0.212796 -8.313657760620117188e+00
0.214186 2.360431098937988281e+01
0.215577 -6.988006591796875000e+01
0.216968 -2.773162651062011719e+01
0.218359 2.379181098937988281e+01
0.21975 -3.907928466796875000e+01
0.22114 1.560431098937988281e+01
0.222531 -6.972381591796875000e+01
0.223922 -5.245953798294067383e-01
0.225313 5.868243408203125000e+01
0.226704 -2.051939010620117188e+00
0.228095 4.411993408203125000e+01
0.229485 4.520587158203125000e+01
0.230876 4.658998489379882812e+00
0.232267 8.510430908203125000e+01
0.233658 3.297540283203125000e+01
0.235049 -3.105193901062011719e+01
0.236439 5.406915283203125000e+01
0.23783 2.323321723937988281e+01
0.239221 1.448060870170593262e+00
0.240612 1.653399848937988281e+01
0.242003 7.798712158203125000e+01
0.243394 -2.342693901062011719e+01
0.244784 -1.543865776062011719e+01
0.246175 4.532305908203125000e+01
0.247566 9.682305908203125000e+01
0.248957 4.198712158203125000e+01
0.250348 7.330873489379882812e+00
0.251739 -5.812225341796875000e+01
0.253129 -5.011444091796875000e+01
0.25452 -4.349725341796875000e+01
0.255911 8.773712158203125000e+01
0.257302 -8.991912841796875000e+01
0.258693 -6.200115966796875000e+01
0.260083 1.090899848937988281e+01
0.261474 -1.073019409179687500e+02
0.262865 9.663555908203125000e+01
0.264256 1.068738403320312500e+02
0.265647 1.928399848937988281e+01
0.267038 -3.817564010620117188e+00
0.268428 -5.173944091796875000e+01
0.269819 9.387774658203125000e+01
0.27121 2.957171201705932617e-01
0.272601 8.741029739379882812e+00
0.273992 -1.705193901062011719e+01
0.275382 -7.416131591796875000e+01
0.276773 2.423712348937988281e+01
0.278164 7.139467239379882812e+00
0.279555 3.655092239379882812e+00
0.280946 -1.489568901062011719e+01
0.282337 -9.216912841796875000e+01
0.283727 3.521368408203125000e+01
0.285118 -6.476287841796875000e+01
0.286509 2.946759223937988281e+01
0.2879 8.373842239379882812e+00
0.289291 2.657306098937988281e+01
0.290682 -1.654412651062011719e+01
0.292072 -2.903631401062011719e+01
0.293463 1.450274848937988281e+01
0.294854 1.536212348937988281e+01
0.296245 7.690899658203125000e+01
0.297636 5.778399658203125000e+01
0.299026 2.008477973937988281e+01
0.300417 5.127227783203125000e+01
0.301808 8.251055908203125000e+01
0.303199 3.953399658203125000e+01
0.30459 -3.320819091796875000e+01
0.305981 -2.020818901062011719e+01
0.307371 6.080873489379882812e+00
0.308762 5.315248489379882812e+00
0.310153 -2.731626510620117188e+00
0.311544 9.459649658203125000e+01
0.312935 3.909649658203125000e+01
0.314325 -1.260662651062011719e+01
0.315716 8.471498489379882812e+00
0.317107 -1.680975151062011719e+01
0.318498 3.031524848937988281e+01
0.319889 -2.414178276062011719e+01
0.32128 3.107306098937988281e+01
0.32267 3.499884033203125000e+01
0.324061 -6.188397216796875000e+01
0.325452 2.091290473937988281e+01
0.326843 8.264337158203125000e+01
0.328234 2.250665473937988281e+01
0.329624 6.198712158203125000e+01
0.331015 7.545977783203125000e+01
0.332406 9.640899658203125000e+01
0.333797 4.869935989379882812e+00
0.335188 -3.636444091796875000e+01
0.336579 -7.500506591796875000e+01
0.337969 -1.233318901062011719e+01
0.33936 1.056087110191583633e-02
0.340751 1.036993598937988281e+01
0.342142 -6.023553466796875000e+01
0.343533 -7.317694091796875000e+01
0.344924 1.249402465820312500e+02
0.346314 4.163555908203125000e+01
0.347705 3.348712158203125000e+01
0.349096 -9.223814010620117188e+00
0.350487 -5.426939010620117188e+00
0.351878 4.869805908203125000e+01
0.353268 1.984259223937988281e+01
0.354659 2.007306098937988281e+01
0.35605 1.184649848937988281e+01
0.357441 7.019024658203125000e+01
0.358832 6.006134033203125000e+01
0.360223 5.815248489379882812e+00
0.361613 1.863165473937988281e+01
0.363004 5.332305908203125000e+01
0.364395 -5.151287841796875000e+01
0.365786 -2.913006401062011719e+01
0.367177 6.017462158203125000e+01
0.368567 4.504180908203125000e+01
0.369958 -3.994256591796875000e+01
0.371349 3.565899658203125000e+01
0.37274 -2.039568901062011719e+01
0.374131 6.806524658203125000e+01
0.375522 -1.251287651062011719e+01
0.376912 3.133868598937988281e+01
0.378303 7.132305908203125000e+01
0.379694 1.182306098937988281e+01
0.381085 4.259649658203125000e+01
0.382476 -9.269391298294067383e-01
0.383866 -1.430193901062011719e+01
0.385257 8.424623489379882812e+00
0.386648 6.117462158203125000e+01
0.388039 -3.398944091796875000e+01
0.38943 3.377748489379882812e+00
0.390821 -4.077069091796875000e+01
0.392211 -3.396600341796875000e+01
0.393602 -4.207147216796875000e+01
0.394993 3.455873489379882812e+00
0.396384 -1.320818901062011719e+01
0.397775 -3.255975341796875000e+01
0.399166 3.260821533203125000e+01
0.400556 -3.872251510620117188e+00
0.401947 -1.404894409179687500e+02
0.403338 -7.518475341796875000e+01
0.404729 1.148074340820312500e+02
0.40612 -7.513006591796875000e+01
0.40751 -4.143084716796875000e+01
0.408901 -1.344256401062011719e+01
0.410292 4.025274658203125000e+01
0.411683 -9.655975341796875000e+01
0.413074 -2.688006401062011719e+01
0.414465 3.374102783203125000e+01
0.415855 4.871368408203125000e+01
0.417246 9.045587158203125000e+01
0.418637 -5.512615966796875000e+01
0.420028 2.624493598937988281e+01
0.421419 -4.130194091796875000e+01
0.422809 -2.184751510620117188e+00
0.4242 4.594024658203125000e+01
0.425591 3.224493408203125000e+01
0.426982 2.976056098937988281e+01
0.428373 -7.622251510620117188e+00
0.429764 9.637774658203125000e+01
0.431154 1.179962348937988281e+01
0.432545 -2.720037651062011719e+01
0.433936 4.451967239379882812e+00
0.435327 1.618243598937988281e+01
0.436718 -3.908319091796875000e+01
0.438108 -4.909881591796875000e+01
0.439499 4.268243408203125000e+01
0.44089 3.090899848937988281e+01
0.442281 -2.616522026062011719e+01
0.443672 7.119415283203125000e+01
0.445063 1.769806098937988281e+01
0.446453 2.997540473937988281e+01
0.447844 1.724493598937988281e+01
0.449235 4.240899658203125000e+01
0.450626 6.543243408203125000e+01
0.452017 8.752748489379882812e+00
0.453408 7.924884033203125000e+01
0.454798 2.196368598937988281e+01
0.456189 -1.016131401062011719e+01
0.45758 7.058868408203125000e+01
0.458971 2.614337348937988281e+01
0.460362 4.399102783203125000e+01
0.461752 -2.313657760620117188e+00
0.463143 1.338685870170593262e+00
0.464534 4.081524658203125000e+01
0.465925 4.184649658203125000e+01
0.467316 7.154962158203125000e+01
0.468707 -2.160016298294067383e-01
0.470097 -2.706891298294067383e-01
0.471488 1.872931098937988281e+01
0.472879 1.258868598937988281e+01
0.47427 -7.089569091796875000e+01
0.475661 -8.145689010620117188e+00
0.477051 6.727618408203125000e+01
0.478442 -1.471600151062011719e+01
0.479833 -3.918475341796875000e+01
0.481224 -2.822381401062011719e+01
0.482615 6.161212158203125000e+01
0.484006 6.570587158203125000e+01
0.485396 3.169415473937988281e+01
0.486787 -1.952068901062011719e+01
0.488178 5.320587158203125000e+01
0.489569 1.751837348937988281e+01
0.49096 5.218243408203125000e+01
0.49235 2.476837348937988281e+01
0.493741 4.679962158203125000e+01
0.495132 -1.591912651062011719e+01
0.496523 6.619805908203125000e+01
0.497914 2.878790473937988281e+01
0.499305 7.411993408203125000e+01
0.500695 -3.779022216796875000e+01
0.502086 -6.168084716796875000e+01
0.503477 -3.651678466796875000e+01
0.504868 2.304962348937988281e+01
0.506259 1.768373370170593262e+00
0.50765 4.804180908203125000e+01
0.50904 7.251055908203125000e+01
0.510431 6.948321533203125000e+01
0.511822 6.219415283203125000e+01
0.513213 2.015118598937988281e+01
0.514604 2.197931098937988281e+01
0.515994 2.005352973937988281e+01
0.517385 5.622149658203125000e+01
0.518776 1.069949340820312500e+02
0.520167 -7.473814010620117188e+00
0.521558 -4.857537841796875000e+01
0.522949 -2.865350151062011719e+01
0.524339 4.386993408203125000e+01
0.52573 -2.493475151062011719e+01
0.527121 2.947931098937988281e+01
0.528512 -4.424725341796875000e+01
0.529903 7.314727783203125000e+01
0.531293 7.372930908203125000e+01
0.532684 1.728790473937988281e+01
0.534075 1.058868598937988281e+01
0.535466 -4.938657760620117188e+00
0.536857 2.855743598937988281e+01
0.538248 -2.415740776062011719e+01
0.539638 5.551055908203125000e+01
0.541029 4.283998489379882812e+00
0.54242 9.295977783203125000e+01
0.543811 1.185431098937988281e+01
0.545202 2.644024848937988281e+01
0.546592 4.163946533203125000e+01
0.547983 -6.309751510620117188e+00
0.549374 3.436212158203125000e+01
0.550765 1.194024848937988281e+01
0.552156 5.002748489379882812e+00
0.553547 -2.430193901062011719e+01
0.554937 -4.687225341796875000e+01
0.556328 -2.332147026062011719e+01
0.557719 4.405743408203125000e+01
0.55911 1.282306098937988281e+01
0.560501 -1.694647026062011719e+01
0.561892 -4.804803466796875000e+01
0.563282 5.157305908203125000e+01
0.564673 2.408998489379882812e+00
0.566064 1.801056098937988281e+01
0.567455 4.232305908203125000e+01
0.568846 -2.926939010620117188e+00
0.570236 3.044806098937988281e+01
0.571627 6.712774658203125000e+01
0.573018 7.010430908203125000e+01
0.574409 -5.380975341796875000e+01
0.5758 7.747930908203125000e+01
0.577191 3.680743408203125000e+01
0.578581 3.981915283203125000e+01
0.579972 2.337774848937988281e+01
0.581363 6.737123489379882812e+00
0.582754 -1.842303276062011719e+01
0.584145 -4.221990966796875000e+01
0.585535 -1.212120971679687500e+02
0.586926 -9.889569091796875000e+01
0.588317 1.575274848937988281e+01
0.589708 -1.579412651062011719e+01
0.591099 1.931524848937988281e+01
0.59249 3.104962348937988281e+01
0.59388 -4.321990966796875000e+01
0.595271 5.526055908203125000e+01
0.596662 6.561212158203125000e+01
0.598053 -3.966001510620117188e+00
0.599444 8.104180908203125000e+01
0.600834 1.717071723937988281e+01
0.602225 -8.981626510620117188e+00
0.603616 7.744935989379882812e+00
0.605007 -9.953631591796875000e+01
0.606398 1.019011840820312500e+02
0.607789 2.153009223937988281e+01
0.609179 1.013855590820312500e+02
0.61057 -1.841001629829406738e+00
0.611961 6.626837158203125000e+01
0.613352 1.091668090820312500e+02
0.614743 -7.561834716796875000e+01
0.616134 -2.686443901062011719e+01
0.617524 6.589983701705932617e-01
0.618915 2.724493598937988281e+01
0.620306 -1.067564129829406738e+00
0.621697 2.252227973937988281e+01
0.623088 -2.357537651062011719e+01
0.624478 -4.570037841796875000e+01
0.625869 2.899102973937988281e+01
0.62726 2.679181098937988281e+01
0.628651 -9.570037841796875000e+01
0.630042 7.598712158203125000e+01
0.631433 5.634649658203125000e+01
0.632823 -3.515350341796875000e+01
0.634214 -3.643084716796875000e+01
0.635605 7.051837158203125000e+01
0.636996 5.562774658203125000e+01
0.638387 -4.324725341796875000e+01
0.639777 2.490118598937988281e+01
0.641168 -3.141522026062011719e+01
0.642559 5.074493408203125000e+01
0.64395 3.463685989379882812e+00
0.645341 7.465118408203125000e+01
0.646732 1.959649848937988281e+01
0.648122 6.122930908203125000e+01
0.649513 2.426446723937988281e+01
0.650904 1.264480590820312500e+02
0.652295 1.951056098937988281e+01
0.653686 -3.429803466796875000e+01
0.655076 8.928009033203125000e+01
0.656467 2.005743598937988281e+01
0.657858 -8.059751510620117188e+00
0.659249 4.032305908203125000e+01
0.66064 1.341681098937988281e+01
0.662031 2.179962348937988281e+01
0.663421 6.737123489379882812e+00
0.664812 6.018373489379882812e+00
0.666203 6.460430908203125000e+01
0.667594 1.553529620170593262e+00
0.668985 -1.009100151062011719e+01
0.670376 1.558087348937988281e+01
0.671766 -3.260662841796875000e+01
0.673157 -6.938006591796875000e+01
0.674548 -6.476678466796875000e+01
0.675939 -2.662615776062011719e+01
0.67733 6.847930908203125000e+01
0.67872 -2.708189010620117188e+00
0.680111 8.029180908203125000e+01
0.681502 -2.502068901062011719e+01
0.682893 1.567462348937988281e+01
0.684284 6.984649658203125000e+01
0.685675 1.767462348937988281e+01
0.687065 4.407305908203125000e+01
0.688456 -1.095037651062011719e+01
0.689847 1.426668090820312500e+02
0.691238 6.329962158203125000e+01
0.692629 9.483087158203125000e+01
0.694019 -5.832537841796875000e+01
0.69541 -6.144391298294067383e-01
0.696801 -4.630975341796875000e+01
0.698192 6.504180908203125000e+01
0.699583 4.091680908203125000e+01
0.700974 2.501056098937988281e+01
0.702364 -3.589569091796875000e+01
0.703755 6.267852783203125000e+01
0.705146 1.250274848937988281e+01
0.706537 3.880743408203125000e+01
0.707928 1.919806098937988281e+01
0.709318 -3.193475151062011719e+01
0.710709 -6.544126510620117188e+00
0.7121 -6.187225341796875000e+01
0.713491 -1.013787651062011719e+01
0.714882 3.843243408203125000e+01
0.716273 1.092071723937988281e+01
0.717663 -8.887615966796875000e+01
0.719054 -3.171990776062011719e+01
0.720445 -1.053631401062011719e+01
0.721836 1.147931098937988281e+01
0.723227 4.393243408203125000e+01
0.724618 -7.834881591796875000e+01
0.726008 7.134649658203125000e+01
0.727399 -9.989439010620117188e+00
0.72879 -2.108318901062011719e+01
0.730181 -1.930975151062011719e+01
0.731572 2.553399848937988281e+01
0.732962 -5.881365966796875000e+01
0.734353 1.065118598937988281e+01
0.735744 -6.614439010620117188e+00
0.737135 3.904180908203125000e+01
0.738526 3.648321533203125000e+01
0.739917 7.217462158203125000e+01
0.741307 7.369024658203125000e+01
0.742698 6.620977783203125000e+01
0.744089 9.170587158203125000e+01
0.74548 2.184649848937988281e+01
0.746871 -3.045818901062011719e+01
0.748261 -3.663787841796875000e+01
0.749652 1.891290473937988281e+01
0.751043 3.533998489379882812e+00
0.752434 8.887384033203125000e+01
0.753825 -5.055975341796875000e+01
0.755216 -8.263787841796875000e+01
0.756606 -1.550897026062011719e+01
0.757997 5.545587158203125000e+01
0.759388 8.432435989379882812e+00
0.760779 -2.913787651062011719e+01
0.76217 -2.429803276062011719e+01
0.763561 -3.358709716796875000e+01
0.764951 2.400274848937988281e+01
0.766342 1.583777465820312500e+02
0.767733 3.815118408203125000e+01
0.769124 5.560430908203125000e+01
0.770515 -2.377068901062011719e+01
0.771905 3.353399658203125000e+01
0.773296 1.240118598937988281e+01
0.774687 -4.701287841796875000e+01
0.776078 3.770196533203125000e+01
0.777469 5.290118408203125000e+01
0.77886 1.361863403320312500e+02
0.78025 -3.070818901062011719e+01
0.781641 1.874493598937988281e+01
0.783032 5.385560989379882812e+00
0.784423 8.753009033203125000e+01
0.785814 1.366029620170593262e+00
0.787204 -9.064569091796875000e+01
0.788595 -8.520689010620117188e+00
0.789986 3.875274658203125000e+01
0.791377 9.580352783203125000e+01
0.792768 6.377618408203125000e+01
0.794159 -1.754412651062011719e+01
0.795549 4.246233701705932617e-01
0.79694 4.292071533203125000e+01
0.798331 1.334259223937988281e+01
0.799722 7.551055908203125000e+01
0.801113 5.163555908203125000e+01
0.802503 2.365118598937988281e+01
0.803894 -1.841912651062011719e+01
0.805285 3.262774658203125000e+01
0.806676 1.899493598937988281e+01
0.808067 -3.483319091796875000e+01
0.809458 5.597930908203125000e+01
0.810848 -2.171990776062011719e+01
0.812239 7.502618408203125000e+01
0.81363 1.117371215820312500e+02
0.815021 4.826967239379882812e+00
0.816412 6.050274658203125000e+01
0.817803 1.257293090820312500e+02
0.819193 8.826837158203125000e+01
0.820584 4.766680908203125000e+01
0.821975 4.378399658203125000e+01
0.823366 2.201056098937988281e+01
0.824757 6.913555908203125000e+01
0.826147 1.319024848937988281e+01
0.827538 2.365899848937988281e+01
0.828929 1.836212348937988281e+01
0.83032 1.068074340820312500e+02
0.831711 1.351837348937988281e+01
0.833102 -2.664959526062011719e+01
0.834492 -3.232537841796875000e+01
0.835883 -6.589569091796875000e+01
0.837274 3.558868408203125000e+01
0.838665 1.371668090820312500e+02
0.840056 -7.098814010620117188e+00
0.841446 8.398712158203125000e+01
0.842837 -1.136443901062011719e+01
0.844228 -8.652850341796875000e+01
0.845619 6.705873489379882812e+00
0.84701 6.612123489379882812e+00
0.848401 -1.013006401062011719e+01
0.849791 3.346368408203125000e+01
0.851182 3.051446723937988281e+01
0.852573 -1.179816284179687500e+02
0.853964 -1.290350151062011719e+01
0.855355 5.311993408203125000e+01
0.856745 1.909649848937988281e+01
0.858136 -6.055975341796875000e+01
0.859527 -5.730194091796875000e+01
0.860918 4.650274658203125000e+01
0.862309 1.266681098937988281e+01
0.8637 -7.927850341796875000e+01
0.86509 1.038543090820312500e+02
0.866481 8.740899658203125000e+01
0.867872 1.389337348937988281e+01
0.869263 7.502618408203125000e+01
0.870654 4.976055908203125000e+01
0.872045 1.165261840820312500e+02
0.873435 -6.734881591796875000e+01
0.874826 -2.794647026062011719e+01
0.876217 -4.734100341796875000e+01
0.877608 -3.616912841796875000e+01
0.878999 2.777618598937988281e+01
0.880389 1.147839965820312500e+02
0.88178 4.426837158203125000e+01
0.883171 2.458087348937988281e+01
0.884562 -1.707537651062011719e+01
0.885953 -9.919126510620117188e+00
0.887344 -6.435662841796875000e+01
0.888734 -7.461444091796875000e+01
0.890125 2.106524848937988281e+01
0.891516 5.291810989379882812e+00
0.892907 3.492462158203125000e+01
0.894298 6.549623489379882812e+00
0.895688 -3.402850341796875000e+01
0.897079 8.007305908203125000e+01
0.89847 5.526837158203125000e+01
0.899861 7.083868408203125000e+01
0.901252 5.495196533203125000e+01
0.902643 4.344024658203125000e+01
0.904033 2.525665473937988281e+01
0.905424 -4.741522216796875000e+01
0.906815 -1.530193901062011719e+01
0.908206 -2.376678276062011719e+01
0.909597 -6.929412841796875000e+01
0.910987 -2.413006401062011719e+01
0.912378 -3.466001510620117188e+00
0.913769 4.687774658203125000e+01
0.91516 9.432435989379882812e+00
0.916551 -4.280584716796875000e+01
0.917942 -7.477850341796875000e+01
0.919332 1.200274848937988281e+01
0.920723 -4.767303466796875000e+01
0.922114 -2.552850151062011719e+01
0.923505 4.423712158203125000e+01
0.924896 6.638946533203125000e+01
0.926287 -7.573944091796875000e+01
0.927677 8.773712158203125000e+01
0.929068 -1.823162651062011719e+01
0.930459 2.844024848937988281e+01
0.93185 -1.215350151062011719e+01
0.933241 -4.744256591796875000e+01
0.934631 7.819805908203125000e+01
0.936022 -5.466131591796875000e+01
0.937413 7.154962158203125000e+01
0.938804 1.702449340820312500e+02
0.940195 -1.375506401062011719e+01
0.941586 2.956524848937988281e+01
0.942976 8.804962158203125000e+01
0.944367 -1.916912651062011719e+01
0.945758 -6.542694091796875000e+01
0.947149 -3.184751510620117188e+00
0.94854 -3.308709716796875000e+01
0.94993 1.696629028320312500e+02
0.951321 -2.663787651062011719e+01
0.952712 -5.061444091796875000e+01
0.954103 1.913556098937988281e+01
0.955494 -1.883318901062011719e+01
0.956885 1.223269653320312500e+02
0.958275 4.490899658203125000e+01
0.959666 -2.675506401062011719e+01
0.961057 8.895977783203125000e+01
0.962448 4.322930908203125000e+01
0.963839 -4.902850341796875000e+01
0.965229 -1.157537651062011719e+01
0.96662 -8.755064010620117188e+00
0.968011 -4.845819091796875000e+01
0.969402 -7.355975341796875000e+01
0.970793 -1.780584526062011719e+01
0.972184 1.167462348937988281e+01
0.973574 3.143634223937988281e+01
0.974965 -2.916131401062011719e+01
0.976356 1.908998370170593262e+00
0.977747 2.291681098937988281e+01
0.979138 -4.961053466796875000e+01
0.980529 2.418243598937988281e+01
0.981919 -1.013006401062011719e+01
0.98331 5.174102783203125000e+01
0.984701 2.662904739379882812e+00
0.986092 2.677618598937988281e+01
0.987483 6.304180908203125000e+01
0.988873 -5.021990966796875000e+01
0.990264 -8.136578798294067383e-01
0.991655 3.768243408203125000e+01
0.993046 1.043243598937988281e+01
0.994437 -1.867693901062011719e+01
0.995828 8.477962017059326172e-02
0.997218 4.369805908203125000e+01
0.998609 5.349884033203125000e+01
1 5.375496215820312500e+02
1.00139 9.836941528320312500e+02
1.00278 4.762839965820312500e+02
1.00417 1.334129028320312500e+02
1.00556 4.268373489379882812e+00
1.00695 8.875274658203125000e+01
1.00834 5.096368408203125000e+01
1.00974 6.010560989379882812e+00
1.01113 1.177618598937988281e+01
1.01252 -2.895818901062011719e+01
1.01391 3.614337158203125000e+01
1.0153 -3.061053276062011719e+01
1.01669 -8.403501510620117188e+00
1.01808 -1.513006401062011719e+01
1.01947 -1.327850151062011719e+01
1.02086 1.400274848937988281e+01
1.02225 7.565899658203125000e+01
1.02364 -1.588787651062011719e+01
1.02503 4.949493408203125000e+01
1.02643 3.330873489379882812e+00
1.02782 3.005743598937988281e+01
1.02921 3.764727783203125000e+01
1.0306 1.018308715820312500e+02
1.03199 4.766680908203125000e+01
1.03338 1.186863403320312500e+02
1.03477 3.358087158203125000e+01
1.03616 3.311602783203125000e+01
1.03755 2.599493598937988281e+01
1.03894 1.478399848937988281e+01
1.04033 -5.691912841796875000e+01
1.04172 -3.106626510620117188e+00
1.04312 -4.848814010620117188e+00
1.04451 5.432696533203125000e+01
1.0459 5.079962158203125000e+01
1.04729 -4.617694091796875000e+01
1.04868 -3.669256591796875000e+01
1.05007 8.799623489379882812e+00
1.05146 2.299623489379882812e+00
1.05285 1.062774848937988281e+01
1.05424 -2.058318901062011719e+01
1.05563 -1.302850151062011719e+01
1.05702 2.808087348937988281e+01
1.05841 3.961602783203125000e+01
1.05981 1.711993598937988281e+01
1.0612 1.193634223937988281e+01
1.06259 6.403790283203125000e+01
1.06398 2.027618598937988281e+01
1.06537 2.124102973937988281e+01
1.06676 6.541810989379882812e+00
1.06815 3.724884033203125000e+01
1.06954 2.349493598937988281e+01
1.07093 6.203399658203125000e+01
1.07232 -1.309100151062011719e+01
1.07371 -5.144256591796875000e+01
1.0751 -5.774725341796875000e+01
1.0765 9.832305908203125000e+01
1.07789 -1.996209526062011719e+01
1.07928 4.847540283203125000e+01
1.08067 -5.551287841796875000e+01
1.08206 -1.753631401062011719e+01
1.08345 -5.145037841796875000e+01
1.08484 -3.725506591796875000e+01
1.08623 4.179962158203125000e+01
1.08762 -2.782537651062011719e+01
1.08901 3.979180908203125000e+01
1.0904 -4.761444091796875000e+01
1.09179 1.723712348937988281e+01
1.09318 6.958868408203125000e+01
1.09458 2.836212348937988281e+01
1.09597 1.199793090820312500e+02
1.09736 8.344805908203125000e+01
1.09875 2.026056098937988281e+01
1.10014 8.432435989379882812e+00
1.10153 -1.156365776062011719e+01
1.10292 7.926055908203125000e+01
1.10431 9.385560989379882812e+00
1.1057 5.890118408203125000e+01
1.10709 7.509649658203125000e+01
1.10848 -4.263787841796875000e+01
1.10987 6.913555908203125000e+01
1.11127 3.341680908203125000e+01
1.11266 -2.113787651062011719e+01
1.11405 5.393373489379882812e+00
1.11544 -3.929412841796875000e+01
1.11683 -5.192564010620117188e+00
1.11822 4.891680908203125000e+01
1.11961 -3.128631401062011719e+01
1.121 -2.880975151062011719e+01
1.12239 -8.356626510620117188e+00
1.12378 7.358477783203125000e+01
1.12517 4.817462158203125000e+01
1.12656 4.829571533203125000e+01
1.12796 -8.434751510620117188e+00
1.12935 -4.803287982940673828e-02
1.13074 8.967462158203125000e+01
1.13213 -8.498944091796875000e+01
1.13352 -3.866131591796875000e+01
1.13491 6.956134033203125000e+01
1.1363 -4.214569091796875000e+01
1.13769 -3.733319091796875000e+01
1.13908 5.207305908203125000e+01
1.14047 1.507306098937988281e+01
1.14186 2.192852973937988281e+01
1.14325 3.736993408203125000e+01
1.14465 6.877748489379882812e+00
1.14604 -4.121209716796875000e+01
1.14743 9.927618408203125000e+01
1.14882 -1.520689129829406738e+00
1.15021 4.621368408203125000e+01
1.1516 4.446759033203125000e+01
1.15299 1.417852973937988281e+01
1.15438 -6.754412841796875000e+01
1.15577 -1.073943901062011719e+01
1.15716 -5.872381591796875000e+01
1.15855 -1.605193901062011719e+01
1.15994 4.510560989379882812e+00
1.16134 1.445196723937988281e+01
1.16273 1.116589965820312500e+02
1.16412 6.790899658203125000e+01
1.16551 3.264467239379882812e+00
1.1669 4.683868408203125000e+01
1.16829 1.886993598937988281e+01
1.16968 1.291681098937988281e+01
1.17107 3.796368408203125000e+01
1.17246 6.858217239379882812e+00
1.17385 1.316511840820312500e+02
1.17524 -5.605975341796875000e+01
1.17663 9.002748489379882812e+00
1.17803 -2.013787651062011719e+01
1.17942 -2.676939010620117188e+00
1.18081 -2.338787651062011719e+01
1.1822 -2.305975151062011719e+01
1.18359 -1.160662651062011719e+01
1.18498 -3.603631591796875000e+01
1.18637 9.074102783203125000e+01
1.18776 2.856134223937988281e+01
1.18915 -3.825376510620117188e+00
1.19054 6.597149658203125000e+01
1.19193 3.582305908203125000e+01
1.19332 2.549623489379882812e+00
1.19471 5.804962158203125000e+01
1.19611 2.830743598937988281e+01
1.1975 1.797931098937988281e+01
1.19889 -6.184881591796875000e+01
1.20028 7.420717239379882812e+00
1.20167 4.883477783203125000e+01
1.20306 -4.755064010620117188e+00
1.20445 -7.353240966796875000e+01
1.20584 -7.258970260620117188e+00
1.20723 -1.580584526062011719e+01
1.20862 4.424493408203125000e+01
1.21001 -1.107928276062011719e+01
1.2114 5.908868408203125000e+01
1.2128 4.362384033203125000e+01
1.21419 9.303399658203125000e+01
1.21558 4.395587158203125000e+01
1.21697 5.412384033203125000e+01
1.21836 -4.308319091796875000e+01
1.21975 -3.710662841796875000e+01
1.22114 -1.862225151062011719e+01
1.22253 1.258855590820312500e+02
1.22392 7.767462158203125000e+01
1.22531 8.261993408203125000e+01
1.2267 1.085027465820312500e+02
1.22809 2.009259223937988281e+01
1.22949 1.459649848937988281e+01
1.23088 7.078790283203125000e+01
1.23227 1.117527465820312500e+02
1.23366 6.846498489379882812e+00
1.23505 6.788165283203125000e+01
1.23644 5.385821533203125000e+01
1.23783 2.893373489379882812e+00
1.23922 2.505743598937988281e+01
1.24061 6.092462158203125000e+01
1.242 8.994935989379882812e+00
1.24339 -6.677069091796875000e+01
1.24478 -4.917694091796875000e+01
1.24618 5.688165283203125000e+01
1.24757 5.373712158203125000e+01
1.24896 9.348712158203125000e+01
1.25035 9.722930908203125000e+01
1.25174 9.482305908203125000e+01
1.25313 -1.371600151062011719e+01
1.25452 7.893243408203125000e+01
1.25591 1.280574340820312500e+02
1.2573 3.071368598937988281e+01
1.25869 -2.125506401062011719e+01
1.26008 4.643373489379882812e+00
1.26147 1.578790473937988281e+01
1.26287 1.890118598937988281e+01
1.26426 4.435040283203125000e+01
1.26565 8.065118408203125000e+01
1.26704 4.018243408203125000e+01
1.26843 7.002618408203125000e+01
1.26982 1.388556098937988281e+01
1.27121 8.360430908203125000e+01
1.2726 8.373712158203125000e+01
1.27399 2.281134223937988281e+01
1.27538 -3.606626510620117188e+00
1.27677 -1.403631401062011719e+01
1.27816 4.609649658203125000e+01
1.27955 7.533868408203125000e+01
1.28095 1.218230590820312500e+02
1.28234 2.910431098937988281e+01
1.28373 -3.418475341796875000e+01
1.28512 5.836993408203125000e+01
1.28651 8.563555908203125000e+01
1.2879 1.423321723937988281e+01
1.28929 4.380743408203125000e+01
1.29068 9.442071533203125000e+01
1.29207 5.023712158203125000e+01
1.29346 -4.655194091796875000e+01
1.29485 6.776185989379882812e+00
1.29624 -6.698162841796875000e+01
1.29764 5.940899658203125000e+01
1.29903 1.164597778320312500e+02
1.30042 -1.588787651062011719e+01
1.30181 7.882305908203125000e+01
1.3032 5.515899658203125000e+01
1.30459 9.487123489379882812e+00
1.30598 3.190899848937988281e+01
1.30737 -5.129412841796875000e+01
1.30876 -2.575376510620117188e+00
1.31015 -5.786314010620117188e+00
1.31154 3.184649848937988281e+01
1.31293 -3.234881591796875000e+01
1.31433 9.901055908203125000e+01
1.31572 2.310821723937988281e+01
1.31711 9.690118408203125000e+01
1.3185 -2.155975151062011719e+01
1.31989 7.565899658203125000e+01
1.32128 3.619024658203125000e+01
1.32267 -8.758970260620117188e+00
1.32406 6.093634033203125000e+01
1.32545 6.588555908203125000e+01
1.32684 7.101055908203125000e+01
1.32823 -5.733319091796875000e+01
1.32962 -4.978240966796875000e+01
1.33102 4.330873489379882812e+00
1.33241 8.166810989379882812e+00
1.3338 7.008087158203125000e+01
1.33519 -3.716001510620117188e+00
1.33658 -7.880975341796875000e+01
1.33797 1.552618598937988281e+01
1.33936 -2.706756401062011719e+01
1.34075 2.880743598937988281e+01
1.34214 6.854310989379882812e+00
1.34353 6.454962158203125000e+01
1.34492 4.672540283203125000e+01
1.34631 -9.151678466796875000e+01
1.34771 1.061589965820312500e+02
1.3491 -3.812225341796875000e+01
1.35049 -6.274595260620117188e+00
1.35188 -2.375506401062011719e+01
1.35327 -1.886443901062011719e+01
1.35466 1.069806098937988281e+01
1.35605 5.788946533203125000e+01
1.35744 8.893243408203125000e+01
1.35883 3.800274658203125000e+01
1.36022 1.432996215820312500e+02
1.36161 5.317462158203125000e+01
1.363 -1.134881401062011719e+01
1.36439 7.647279739379882812e+00
1.36579 3.444415283203125000e+01
1.36718 5.783998489379882812e+00
1.36857 -6.905194091796875000e+01
1.36996 5.172930908203125000e+01
1.37135 1.311121215820312500e+02
1.37274 1.249168090820312500e+02
1.37413 4.601055908203125000e+01
1.37552 2.048712348937988281e+01
1.37691 6.355743408203125000e+01
1.3783 -5.350115966796875000e+01
1.37969 4.432305908203125000e+01
1.38108 2.820587348937988281e+01
1.38248 -4.252069091796875000e+01
1.38387 -4.301939010620117188e+00
1.38526 4.557305908203125000e+01
1.38665 4.587774658203125000e+01
1.38804 -9.200376510620117188e+00
1.38943 -8.423032760620117188e+00
1.39082 -1.990350151062011719e+01
1.39221 4.254180908203125000e+01
1.3936 4.994935989379882812e+00
1.39499 2.499493598937988281e+01
1.39638 -7.863141298294067383e-01
1.39777 5.489337158203125000e+01
1.39917 5.591680908203125000e+01
1.40056 7.362123489379882812e+00
1.40195 -1.073943901062011719e+01
1.40334 -2.289568901062011719e+01
1.40473 3.263946533203125000e+01
1.40612 1.102058715820312500e+02
1.40751 -4.123162841796875000e+01
1.4089 -8.033319091796875000e+01
1.41029 1.467592120170593262e+00
1.41168 4.810430908203125000e+01
1.41307 9.494024658203125000e+01
1.41446 -2.664568901062011719e+01
1.41586 -1.403631401062011719e+01
1.41725 -4.864439010620117188e+00
1.41864 -1.504022026062011719e+01
1.42003 -2.438397026062011719e+01
1.42142 4.928399658203125000e+01
1.42281 -3.184100151062011719e+01
1.4242 3.598712158203125000e+01
1.42559 7.537774658203125000e+01
1.42698 4.265118408203125000e+01
1.42837 1.058087348937988281e+01
1.42976 8.919805908203125000e+01
1.43115 1.062774848937988281e+01
1.43255 2.737774848937988281e+01
1.43394 -3.841912841796875000e+01
1.43533 1.738556098937988281e+01
1.43672 -1.223553276062011719e+01
1.43811 4.431524658203125000e+01
1.4395 5.017462158203125000e+01
1.44089 -2.146600151062011719e+01
1.44228 7.821759033203125000e+01
1.44367 1.082171201705932617e-01
1.44506 2.029181098937988281e+01
1.44645 6.355608701705932617e-01
1.44784 5.219805908203125000e+01
1.44924 -1.791912651062011719e+01
1.45063 5.844805908203125000e+01
1.45202 2.182435989379882812e+00
1.45341 4.740899658203125000e+01
1.4548 1.181511840820312500e+02
1.45619 3.667462158203125000e+01
1.45758 4.617462158203125000e+01
1.45897 -6.550506591796875000e+01
1.46036 9.017071533203125000e+01
1.46175 7.362123489379882812e+00
1.46314 8.545587158203125000e+01
1.46453 3.934259033203125000e+01
1.46592 6.686602783203125000e+01
1.46732 -1.232537651062011719e+01
1.46871 -1.916912651062011719e+01
1.4701 -4.930194091796875000e+01
1.47149 5.350274658203125000e+01
1.47288 3.980743408203125000e+01
1.47427 2.498712348937988281e+01
1.47566 3.359649658203125000e+01
1.47705 -2.261443901062011719e+01
1.47844 1.176199340820312500e+02
1.47983 8.094805908203125000e+01
1.48122 -1.038488159179687500e+02
1.48261 1.177996215820312500e+02
1.48401 1.894806098937988281e+01
1.4854 -1.411314129829406738e+00
1.48679 3.511993408203125000e+01
1.48818 5.038555908203125000e+01
1.48957 -1.199725151062011719e+01
1.49096 -3.206756591796875000e+01
1.49235 -3.622251510620117188e+00
1.49374 2.182306098937988281e+01
1.49513 5.985821533203125000e+01
1.49652 6.244935989379882812e+00
1.49791 -1.369256401062011719e+01
1.4993 1.038699340820312500e+02
1.5007 2.693243598937988281e+01
1.50209 1.045261840820312500e+02
1.50348 1.320964965820312500e+02
1.50487 4.219024658203125000e+01
1.50626 -5.426939010620117188e+00
1.50765 5.717462158203125000e+01
1.50904 -6.333189010620117188e+00
1.51043 -1.615350151062011719e+01
1.51182 -5.947381591796875000e+01
1.51321 -6.485662841796875000e+01
1.5146 2.943243598937988281e+01
1.51599 8.127748489379882812e+00
1.51739 5.267462158203125000e+01
1.51878 -6.020689010620117188e+00
1.52017 1.543777465820312500e+02
1.52156 2.250665473937988281e+01
1.52295 8.040899658203125000e+01
1.52434 1.313556098937988281e+01
1.52573 9.361993408203125000e+01
1.52712 -3.135272026062011719e+01
1.52851 8.494935989379882812e+00
1.5299 3.893634033203125000e+01
1.53129 3.104962348937988281e+01
1.53268 3.168243598937988281e+01
1.53408 1.300665473937988281e+01
1.53547 5.349493408203125000e+01
1.53686 4.835430908203125000e+01
1.53825 -3.856626510620117188e+00
1.53964 2.188165473937988281e+01
1.54103 -8.000506591796875000e+01
1.54242 9.058087158203125000e+01
1.54381 1.139337348937988281e+01
1.5452 7.056134033203125000e+01
1.54659 -6.235532760620117188e+00
1.54798 3.590509033203125000e+01
1.54937 3.819805908203125000e+01
1.55076 5.405743408203125000e+01
1.55216 1.942852973937988281e+01
1.55355 3.504962158203125000e+01
1.55494 -9.505064010620117188e+00
1.55633 8.035296201705932617e-01
1.55772 6.033868408203125000e+01
1.55911 -5.294126510620117188e+00
1.5605 1.744024848937988281e+01
1.56189 1.013386840820312500e+02
1.56328 -7.466001510620117188e+00
1.56467 -2.945037651062011719e+01
1.56606 -2.546600151062011719e+01
1.56745 -2.852068901062011719e+01
1.56885 1.354962348937988281e+01
1.57024 4.632305908203125000e+01
1.57163 4.044024658203125000e+01
1.57302 5.323060989379882812e+00
1.57441 5.083087158203125000e+01
1.5758 9.138946533203125000e+01
1.57719 -8.462615966796875000e+01
1.57858 5.114337158203125000e+01
1.57997 -3.868084716796875000e+01
1.58136 4.970587158203125000e+01
1.58275 2.808868598937988281e+01
1.58414 8.094415283203125000e+01
1.58554 1.208868598937988281e+01
1.58693 1.193243598937988281e+01
1.58832 8.147930908203125000e+01
1.58971 -1.709881401062011719e+01
1.5911 6.845587158203125000e+01
1.59249 5.574102783203125000e+01
1.59388 2.285431098937988281e+01
1.59527 6.599493408203125000e+01
1.59666 -3.244647216796875000e+01
1.59805 1.096863403320312500e+02
1.59944 7.885040283203125000e+01
1.60083 -9.765740966796875000e+01
1.60223 4.924493408203125000e+01
1.60362 5.680352783203125000e+01
1.60501 6.524102783203125000e+01
1.6064 7.541680908203125000e+01
1.60779 2.983087348937988281e+01
1.60918 -2.179412651062011719e+01
1.61057 1.126160278320312500e+02
1.61196 7.340899658203125000e+01
1.61335 7.979310989379882812e+00
1.61474 1.778399848937988281e+01
1.61613 2.807696723937988281e+01
1.61752 3.758868408203125000e+01
1.61892 5.244805908203125000e+01
1.62031 -1.845037651062011719e+01
1.6217 1.301355590820312500e+02
1.62309 5.335430908203125000e+01
1.62448 6.994935989379882812e+00
1.62587 1.445196723937988281e+01
1.62726 -1.836443901062011719e+01
1.62865 2.753399848937988281e+01
1.63004 8.236993408203125000e+01
1.63143 -1.650115776062011719e+01
1.63282 6.705873489379882812e+00
1.63421 3.195587348937988281e+01
1.63561 4.412384033203125000e+01
1.637 4.815899658203125000e+01
1.63839 7.565899658203125000e+01
1.63978 1.417462348937988281e+01
1.64117 -3.772772216796875000e+01
1.64256 6.728399658203125000e+01
1.64395 -2.863787651062011719e+01
1.64534 8.895977783203125000e+01
1.64673 8.010560989379882812e+00
1.64812 1.223738403320312500e+02
1.64951 1.158868598937988281e+01
1.6509 2.018373489379882812e+00
1.65229 7.506134033203125000e+01
1.65369 7.759649658203125000e+01
1.65508 8.662774658203125000e+01
1.65647 -4.465350341796875000e+01
1.65786 2.748321723937988281e+01
1.65925 4.174623489379882812e+00
1.66064 -1.093865776062011719e+01
1.66203 -1.769256401062011719e+01
1.66342 6.597149658203125000e+01
1.66481 8.157696533203125000e+01
1.6662 3.081915473937988281e+01
1.66759 -7.893865966796875000e+01
1.66898 -4.720819091796875000e+01
1.67038 2.467462348937988281e+01
1.67177 2.572149848937988281e+01
1.67316 -4.446470260620117188e+00
1.67455 -4.554412841796875000e+01
1.67594 -7.955975341796875000e+01
1.67733 -2.470037651062011719e+01
1.67872 7.554962158203125000e+01
1.68011 2.722931098937988281e+01
1.6815 -4.278501510620117188e+00
1.68289 -4.286444091796875000e+01
1.68428 -6.333189010620117188e+00
1.68567 -7.323944091796875000e+01
1.68707 4.899493408203125000e+01
1.68846 5.467462158203125000e+01
1.68985 7.865509033203125000e+01
1.69124 4.721498489379882812e+00
1.69263 -4.358319091796875000e+01
1.69402 3.370587158203125000e+01
1.69541 -3.605584716796875000e+01
1.6968 5.397149658203125000e+01
1.69819 1.678529620170593262e+00
1.69958 2.449493598937988281e+01
1.70097 3.375274658203125000e+01
1.70236 1.682306098937988281e+01
1.70376 2.367462348937988281e+01
1.70515 3.874493408203125000e+01
1.70654 2.732306098937988281e+01
1.70793 4.995977783203125000e+01
1.70932 9.711993408203125000e+01
1.71071 3.074493598937988281e+01
1.7121 -6.036314010620117188e+00
1.71349 -4.580194091796875000e+01
1.71488 1.247683715820312500e+02
1.71627 -3.448944091796875000e+01
1.71766 2.393243598937988281e+01
1.71905 1.146824340820312500e+02
1.72045 -4.167694091796875000e+01
1.72184 1.125665473937988281e+01
1.72323 2.265899848937988281e+01
1.72462 6.033087158203125000e+01
1.72601 -4.101287841796875000e+01
1.7274 1.347214965820312500e+02
1.72879 3.747149658203125000e+01
1.73018 3.819415283203125000e+01
1.73157 1.025665473937988281e+01
1.73296 8.727618408203125000e+01
1.73435 2.890899848937988281e+01
1.73574 5.836212158203125000e+01
1.73713 -4.637876510620117188e+00
1.73853 8.382305908203125000e+01
1.73992 5.036602783203125000e+01
1.74131 7.608868408203125000e+01
1.7427 4.423712158203125000e+01
1.74409 2.339727973937988281e+01
1.74548 3.661212158203125000e+01
1.74687 2.657306098937988281e+01
1.74826 -6.244256591796875000e+01
1.74965 -1.462225151062011719e+01
1.75104 1.197931098937988281e+01
1.75243 -1.568865776062011719e+01
1.75382 8.140899658203125000e+01
1.75522 6.362123489379882812e+00
1.75661 -9.038006591796875000e+01
1.758 9.722149658203125000e+01
1.75939 6.513946533203125000e+01
1.76078 4.328399658203125000e+01
1.76217 1.011993598937988281e+01
1.76356 3.055743598937988281e+01
1.76495 1.968634223937988281e+01
1.76634 -1.654803276062011719e+01
1.76773 1.799884223937988281e+01
1.76912 6.151185989379882812e+00
1.77051 2.144415473937988281e+01
1.77191 -1.579022026062011719e+01
1.7733 -2.223943901062011719e+01
1.77469 1.522149848937988281e+01
1.77608 -1.800897026062011719e+01
1.77747 -1.618475151062011719e+01
1.77886 -1.121209526062011719e+01
1.78025 1.126277465820312500e+02
1.78164 -2.994256401062011719e+01
1.78303 -6.113006591796875000e+01
1.78442 5.020196533203125000e+01
1.78581 5.144024658203125000e+01
1.7872 -1.240740776062011719e+01
1.7886 -2.215350151062011719e+01
1.78999 -7.661444091796875000e+01
1.79138 1.359649848937988281e+01
1.79277 6.796368408203125000e+01
1.79416 7.588685989379882812e+00
1.79555 -6.222516298294067383e-01
1.79694 -3.759881591796875000e+01
1.79833 -5.816912841796875000e+01
1.79972 6.916810989379882812e+00
1.80111 -5.302850341796875000e+01
1.8025 -6.446990966796875000e+01
1.80389 9.264337158203125000e+01
1.80529 6.103009033203125000e+01
1.80668 4.407305908203125000e+01
1.80807 4.623321533203125000e+01
1.80946 -7.785016298294067383e-01
1.81085 -2.732147026062011719e+01
1.81224 6.204180908203125000e+01
1.81363 3.602618408203125000e+01
1.81502 1.983087348937988281e+01
1.81641 2.333477973937988281e+01
1.8178 -1.334100151062011719e+01
1.81919 -1.093488159179687500e+02
1.82058 -2.559881401062011719e+01
1.82197 -1.426939129829406738e+00
1.82337 -2.336443901062011719e+01
1.82476 -8.575376510620117188e+00
1.82615 -3.584881591796875000e+01
1.82754 3.761212158203125000e+01
1.82893 7.401185989379882812e+00
1.83032 -2.895689010620117188e+00
1.83171 7.859649658203125000e+01
1.8331 6.497540283203125000e+01
1.83449 2.436212348937988281e+01
1.83588 4.827618408203125000e+01
1.83727 1.648321723937988281e+01
1.83866 2.084649848937988281e+01
1.84006 7.829962158203125000e+01
1.84145 -1.571600151062011719e+01
1.84284 3.075274848937988281e+01
1.84423 -4.749725341796875000e+01
1.84562 7.073060989379882812e+00
1.84701 -2.768084526062011719e+01
1.8484 -1.577850151062011719e+01
1.84979 -3.608709716796875000e+01
1.85118 -4.233319091796875000e+01
1.85257 -6.334881591796875000e+01
1.85396 2.488556098937988281e+01
1.85535 -3.018475151062011719e+01
1.85675 -2.255064010620117188e+00
1.85814 3.652618408203125000e+01
1.85953 2.623712348937988281e+01
1.86092 1.145027465820312500e+02
1.86231 3.699884033203125000e+01
1.8637 5.509259033203125000e+01
1.86509 1.411993598937988281e+01
1.86648 5.808733701705932617e-01
1.86787 1.334324340820312500e+02
1.86926 8.610430908203125000e+01
1.87065 4.938555908203125000e+01
1.87204 -6.126287841796875000e+01
1.87344 1.409649848937988281e+01
1.87483 1.808868598937988281e+01
1.87622 5.018634033203125000e+01
1.87761 1.199493598937988281e+01
1.879 9.586212158203125000e+01
1.88039 -2.929803276062011719e+01
1.88178 7.951055908203125000e+01
1.88317 5.808868408203125000e+01
1.88456 9.116029739379882812e+00
1.88595 7.729962158203125000e+01
1.88734 1.525925903320312500e+02
1.88873 2.418243598937988281e+01
1.89013 -1.063097534179687500e+02
1.89152 -2.771600151062011719e+01
1.89291 6.451837158203125000e+01
1.8943 4.960430908203125000e+01
1.89569 -1.418084526062011719e+01
1.89708 -2.465350151062011719e+01
1.89847 -1.855193901062011719e+01
1.89986 -2.468475151062011719e+01
1.90125 -9.425641298294067383e-01
1.90264 1.540899848937988281e+01
1.90403 8.009259033203125000e+01
1.90542 -4.067564010620117188e+00
1.90682 2.459779739379882812e+00
1.90821 -1.025506401062011719e+01
1.9096 1.153399848937988281e+01
1.91099 -3.464178466796875000e+01
1.91238 -2.550506401062011719e+01
1.91377 5.881654739379882812e+00
1.91516 5.738165283203125000e+01
1.91655 1.812774848937988281e+01
1.91794 2.592071723937988281e+01
1.91933 -5.527069091796875000e+01
1.92072 6.330873489379882812e+00
1.92211 -2.304412651062011719e+01
1.9235 2.466681098937988281e+01
1.9249 8.392462158203125000e+01
1.92629 6.501446533203125000e+01
1.92768 -1.012667846679687500e+02
1.92907 3.174623489379882812e+00
1.93046 -3.267303466796875000e+01
1.93185 -3.493345260620117188e+00
1.93324 -4.306365966796875000e+01
1.93463 3.765118408203125000e+01
1.93602 -2.407537651062011719e+01
1.93741 2.967462348937988281e+01
1.9388 1.384649848937988281e+01
1.94019 -3.543475341796875000e+01
1.94159 4.295587158203125000e+01
1.94298 6.985040283203125000e+01
1.94437 -1.815350151062011719e+01
1.94576 2.422931098937988281e+01
1.94715 3.716680908203125000e+01
1.94854 8.883087158203125000e+01
1.94993 3.782305908203125000e+01
1.95132 8.114337158203125000e+01
1.95271 -5.231756591796875000e+01
1.9541 7.395587158203125000e+01
1.95549 9.221498489379882812e+00
1.95688 6.800665283203125000e+01
1.95828 -6.149595260620117188e+00
1.95967 -1.274191284179687500e+02
1.96106 1.365964965820312500e+02
1.96245 -1.526287651062011719e+01
1.96384 6.540118408203125000e+01
1.96523 2.866029739379882812e+00
1.96662 -6.243345260620117188e+00
1.96801 -1.041912651062011719e+01
1.9694 6.418243408203125000e+01
1.97079 6.326055908203125000e+01
1.97218 -1.605193901062011719e+01
1.97357 1.434480590820312500e+02
1.97497 4.097930908203125000e+01
1.97636 -8.048162841796875000e+01
1.97775 -2.119256401062011719e+01
1.97914 4.353399658203125000e+01
1.98053 2.392462348937988281e+01
1.98192 2.509649848937988281e+01
1.98331 1.110027465820312500e+02
1.9847 3.917462158203125000e+01
1.98609 2.228790473937988281e+01
1.98748 -3.164959526062011719e+01
1.98887 7.303009033203125000e+01
1.99026 7.974102783203125000e+01
1.99166 -1.052068901062011719e+01
1.99305 6.637774658203125000e+01
1.99444 7.170587158203125000e+01
1.99583 7.721498489379882812e+00
1.99722 3.126056098937988281e+01
1.99861 5.673712158203125000e+01
2 2.705873489379882812e+00
