0 0.0965034
0.00097 -0.0319125
0.00194 -0.0936152
0.00291 0.0333498
0.00388 0.0768665
0.00485 0.0194553
0.00582 0.0373874
0.00679 0.0939548
0.00776 0.00430308
0.00873 -0.104192
0.0097 -0.0261916
0.01067 0.0691839
0.01164 -0.0448686
0.01261 0.0351679
0.01358 0.0559636
0.01455 -0.00898837
0.01552 -0.00664298
0.01649 0.0562813
0.01746 -0.0627029
0.01843 0.030026
0.0194 -0.0201256
0.02037 0.0848457
0.02134 0.030722
0.02231 0.124265
0.02328 -0.00997426
0.02425 -0.00478114
0.02522 0.0638533
0.02619 -0.0438714
0.02716 0.0399295
0.02813 -0.038427
0.0291 0.09329
0.03007 0.0430981
0.03104 0.0670163
0.03201 0.0759312
0.03298 -0.0140661
0.03395 -0.036274
0.03492 -0.0317386
0.03589 0.0644287
0.03686 0.0660164
0.03783 0.0612217
0.0388 -0.0342875
0.03977 -0.00633342
0.04074 -0.0241885
0.04171 0.0675659
0.04268 -0.0331246
0.04365 0.148588
0.04462 0.12186
0.04559 -0.0693313
0.04656 -0.00610371
0.04753 -0.0856625
0.0485 -0.0357938
0.04947 0.173411
0.05044 -0.0751715
0.05141 -0.023366
0.05238 -0.0813491
0.05335 -0.00178538
0.05432 -0.0119171
0.05529 -0.0349307
0.05626 -0.103286
0.05723 0.0426723
0.0582 -0.00957823
0.05917 0.0201509
0.06014 0.0890077
0.06111 0.0483143
0.06208 0.0794173
0.06305 0.0361723
0.06402 0.0822322
0.06499 -0.00375775
0.06596 0.168838
0.06693 -0.102517
0.0679 -0.0596319
0.06887 0.0705631
0.06984 -0.0876914
0.07081 0.122521
0.07178 0.121612
0.07275 -0.0274204
0.07372 0.169109
0.07469 0.0922709
0.07566 0.0120174
0.07663 0.00915062
0.0776 -0.0148387
0.07857 -0.077666
0.07954 0.0156497
0.08051 0.0314382
0.08148 0.0229354
0.08245 0.0246106
0.08342 0.107348
0.08439 -0.0420385
0.08536 -0.0939662
0.08633 0.0118534
0.0873 0.0228763
0.08827 0.0538155
0.08924 0.00486601
0.09021 -0.0164114
0.09118 0.00735635
0.09215 -0.0219121
0.09312 -0.0659366
0.09409 -0.0391917
0.09506 -0.00933651
0.09603 -0.0399244
0.097 0.043737
0.09797 0.0372868
0.09894 0.0242473
0.09991 0.167916
0.10088 0.130238
0.10185 -0.00229838
0.10282 -0.028716
0.10379 0.117385
0.10476 0.00364687
0.10573 0.00712072
0.1067 -0.0892305
0.10767 -0.00991591
0.10864 0.0325233
0.10961 -0.00711393
0.11058 0.0870214
0.11155 0.0465836
0.11252 0.0603192
0.11349 0.0314526
0.11446 0.0386347
0.11543 -0.00326114
0.1164 -0.0292868
0.11737 -0.0161825
0.11834 -0.00959332
0.11931 0.129197
0.12028 0.0427948
0.12125 -0.0357627
0.12222 -0.0991202
0.12319 0.101991
0.12416 0.116579
0.12513 -0.0207186
0.1261 -0.00712929
0.12707 -0.0432238
0.12804 -0.0624782
0.12901 0.00675311
0.12998 0.0965478
0.13095 -0.0866129
0.13192 0.030331
0.13289 -0.0594848
0.13386 0.00173436
0.13483 0.21236
0.1358 -0.102557
0.13677 0.0729584
0.13774 -0.100128
0.13871 -0.0230372
0.13968 0.0753242
0.14065 -0.00406044
0.14162 0.0350643
0.14259 0.0309945
0.14356 -0.0967184
0.14453 -0.0331925
0.1455 -0.0394715
0.14647 0.0251263
0.14744 0.0134761
0.14841 0.0338016
0.14938 -0.056071
0.15035 -0.00651496
0.15132 0.118265
0.15229 -0.053235
0.15326 -0.0268075
0.15423 -0.114578
0.1552 -0.0207971
0.15617 0.0807162
0.15714 0.146271
0.15811 0.016036
0.15908 0.0210604
0.16005 0.0192005
0.16102 -0.0504579
0.16199 0.00344192
0.16296 0.060698
0.16393 -0.00218288
0.1649 0.187257
0.16587 -0.023335
0.16684 0.0614083
0.16781 -0.0116975
0.16878 -0.0206418
0.16975 0.120596
0.17072 0.000210323
0.17169 -0.0420904
0.17266 0.0631806
0.17363 -0.0243314
0.1746 0.0771845
0.17557 0.118398
0.17654 -0.0593396
0.17751 0.053398
0.17848 0.0709176
0.17945 -0.0300798
0.18042 0.0120841
0.18139 0.0727067
0.18236 -0.0359944
0.18333 0.0525222
0.1843 0.0185509
0.18527 0.00134007
0.18624 0.0790009
0.18721 0.0214949
0.18818 0.105175
0.18915 -0.0445157
0.19012 0.020708
0.19109 0.0393596
0.19206 0.24955
0.19303 0.0642073
0.194 0.0715024
0.19497 0.0461191
0.19594 0.0388888
0.19691 0.114546
0.19788 -0.0197026
0.19885 -0.0344568
0.19982 -0.0278308
0.20079 0.00460804
0.20176 0.00806342
0.20273 -0.0164257
0.2037 -0.00420704
0.20467 0.0458693
0.20564 0.0592042
0.20661 0.0513001
0.20758 0.00134487
0.20855 -0.0301582
0.20952 0.0437035
0.21049 0.0194102
0.21146 -0.0433969
0.21243 0.0150271
0.2134 0.0314501
0.21437 -0.0355304
0.21534 0.0525322
0.21631 0.0693407
0.21728 -0.0815141
0.21825 -0.00556313
0.21922 0.0114212
0.22019 -0.0958488
0.22116 0.0386982
0.22213 0.0551541
0.2231 0.0422621
0.22407 -0.00213912
0.22504 0.0595154
0.22601 -0.00702195
0.22698 -0.00233976
0.22795 -0.117448
0.22892 -0.0174075
0.22989 -0.0172182
0.23086 0.0634421
0.23183 0.127003
0.2328 0.0210566
0.23377 0.0463292
0.23474 -0.0759726
0.23571 0.0650514
0.23668 -0.0755451
0.23765 0.0155757
0.23862 0.0366339
0.23959 0.00970534
0.24056 -0.0540683
0.24153 -0.111901
0.2425 -0.0797798
0.24347 -0.0618844
0.24444 -0.00262626
0.24541 6.15586e-05
0.24638 0.0123342
0.24735 -0.044344
0.24832 0.0734059
0.24929 -0.0426782
0.25026 0.025788
0.25123 -0.00019499
0.2522 0.0351781
0.25317 -0.113853
0.25414 0.0658212
0.25511 -0.113923
0.25608 0.0930493
0.25705 0.0759778
0.25802 0.132016
0.25899 0.0434959
0.25996 0.140194
0.26093 -0.0807224
0.2619 -0.0330335
0.26287 0.0972878
0.26384 0.0717474
0.26481 0.0335291
0.26578 0.0475789
0.26675 -0.0544428
0.26772 -0.0487247
0.26869 -0.0666558
0.26966 -0.0260936
0.27063 -0.0465974
0.2716 0.0137305
0.27257 0.13894
0.27354 0.00100765
0.27451 0.0219254
0.27548 -0.0976242
0.27645 0.0477124
0.27742 0.00503124
0.27839 0.114609
0.27936 0.0430697
0.28033 0.0171658
0.2813 0.0632466
0.28227 -0.00411782
0.28324 0.0135211
0.28421 -0.0328823
0.28518 -0.100648
0.28615 0.0410267
0.28712 -0.0485222
0.28809 0.130843
0.28906 0.11635
0.29003 0.0482619
0.291 -0.105493
0.29197 -0.0674462
0.29294 0.169605
0.29391 -0.0776114
0.29488 -0.0444552
0.29585 0.063743
0.29682 0.0388953
0.29779 -0.058379
0.29876 0.0604793
0.29973 0.146837
0.3007 0.108108
0.30167 0.042874
0.30264 0.0253418
0.30361 -0.0791052
0.30458 -0.0601375
0.30555 0.00601526
0.30652 0.015423
0.30749 0.00362361
0.30846 -0.000721851
0.30943 0.00315699
0.3104 -0.0795627
0.31137 0.136406
0.31234 0.0890574
0.31331 0.0562405
0.31428 0.0326371
0.31525 0.0336362
0.31622 0.0310248
0.31719 -0.0841254
0.31816 -0.0332782
0.31913 -0.0738058
0.3201 0.127459
0.32107 -0.0361631
0.32204 0.102588
0.32301 -0.0227974
0.32398 0.018272
0.32495 -0.16234
0.32592 0.123317
0.32689 -0.0223818
0.32786 -0.0146846
0.32883 0.169373
0.3298 -0.0412985
0.33077 0.00859908
0.33174 0.10228
0.33271 0.156788
0.33368 0.0208352
0.33465 -0.0480331
0.33562 -0.0140713
0.33659 -0.0335407
0.33756 0.0710295
0.33853 0.141094
0.3395 -0.0565604
0.34047 -0.0153599
0.34144 0.0207248
0.34241 0.0675481
0.34338 0.137051
0.34435 -0.032875
0.34532 -0.0496362
0.34629 0.0881735
0.34726 0.112466
0.34823 -0.0452314
0.3492 -0.0417849
0.35017 -0.00842357
0.35114 -0.0108851
0.35211 -0.108178
0.35308 0.0708484
0.35405 -0.019414
0.35502 -0.0140201
0.35599 0.0463316
0.35696 0.0642843
0.35793 0.124261
0.3589 0.0638801
0.35987 0.0179331
0.36084 0.162273
0.36181 -0.00643955
0.36278 0.0567845
0.36375 0.0139652
0.36472 -0.0266272
0.36569 0.0509297
0.36666 0.0956152
0.36763 0.0347263
0.3686 0.153793
0.36957 -0.208104
0.37054 0.0800113
0.37151 -0.0607099
0.37248 0.112315
0.37345 0.0212421
0.37442 0.0174913
0.37539 0.0563827
0.37636 0.0216823
0.37733 0.0466747
0.3783 -0.0487677
0.37927 -0.0722919
0.38024 0.0318762
0.38121 0.0814162
0.38218 -0.018978
0.38315 -0.107341
0.38412 0.0748154
0.38509 0.0459801
0.38606 0.0729346
0.38703 0.280504
0.388 0.311962
0.38897 0.491925
0.38994 0.445584
0.39091 0.53
0.39188 0.509703
0.39285 0.462543
0.39382 0.421696
0.39479 0.264421
0.39576 0.127064
0.39673 0.0459336
0.3977 0.139576
0.39867 0.107408
0.39964 0.0990147
0.40061 0.0324643
0.40158 -0.037219
0.40255 0.00760102
0.40352 0.097344
0.40449 0.12068
0.40546 0.0108376
0.40643 -0.000824582
0.4074 -0.0281842
0.40837 0.00327693
0.40934 -0.138833
0.41031 0.0183665
0.41128 -0.0935976
0.41225 -0.0320217
0.41322 0.0290743
0.41419 0.100933
0.41516 -0.0721224
0.41613 0.00715622
0.4171 -0.00948636
0.41807 -0.0310878
0.41904 -0.0248206
0.42001 0.0189068
0.42098 -0.0889925
0.42195 0.0441196
0.42292 -0.106205
0.42389 -0.105482
0.42486 -0.014683
0.42583 -0.0472998
0.4268 0.0115345
0.42777 -0.0358479
0.42874 -0.080153
0.42971 0.0562129
0.43068 0.0782041
0.43165 0.00223025
0.43262 -0.0398495
0.43359 0.0479109
0.43456 0.105599
0.43553 0.0927178
0.4365 0.0550038
0.43747 -0.0441191
0.43844 0.0175751
0.43941 0.00933746
0.44038 -0.194268
0.44135 -0.0203885
0.44232 0.0425341
0.44329 -0.0393198
0.44426 0.0593667
0.44523 -0.13899
0.4462 -0.0216271
0.44717 0.0375967
0.44814 -0.0325952
0.44911 0.0158389
0.45008 0.0512477
0.45105 -0.0138145
0.45202 0.149966
0.45299 0.0666477
0.45396 0.00593856
0.45493 -0.0780973
0.4559 -0.0834202
0.45687 -0.00106014
0.45784 -0.110102
0.45881 -0.0206543
0.45978 -0.013658
0.46075 -0.0413187
0.46172 -0.0653256
0.46269 -0.0224184
0.46366 0.0514664
0.46463 -0.0241848
0.4656 -0.060025
0.46657 0.134812
0.46754 0.021
0.46851 0.0239882
0.46948 -0.0388588
0.47045 0.0424508
0.47142 0.0468994
0.47239 0.0717939
0.47336 0.00454253
0.47433 -0.0366449
0.4753 -0.0799724
0.47627 -0.000916539
0.47724 -0.0855176
0.47821 0.00909325
0.47918 0.093878
0.48015 0.0111191
0.48112 0.102975
0.48209 0.00849071
0.48306 0.0577598
0.48403 -0.0609413
0.485 -0.011401
0.48597 0.0391646
0.48694 -0.0580842
0.48791 0.0884912
0.48888 -0.108505
0.48985 0.0911658
0.49082 0.0143638
0.49179 -0.0208888
0.49276 -0.029873
0.49373 0.00412917
0.4947 -0.160855
0.49567 -0.089682
0.49664 0.0908414
0.49761 -0.0742314
0.49858 0.121161
0.49955 0.0417135
0.50052 -0.0583132
0.50149 0.0187176
0.50246 -0.0378092
0.50343 0.0369256
0.5044 0.0289959
0.50537 -0.0642946
0.50634 -0.0759269
0.50731 -0.00659858
0.50828 0.140364
0.50925 0.0426398
0.51022 0.0427891
0.51119 0.0121556
0.51216 0.0276137
0.51313 -0.0176984
0.5141 0.0529092
0.51507 0.025128
0.51604 -0.0517092
0.51701 0.0985699
0.51798 0.0617317
0.51895 0.112235
0.51992 -0.0207432
0.52089 0.0401634
0.52186 -0.000122761
0.52283 -0.0915522
0.5238 -0.0445866
0.52477 0.10834
0.52574 0.126016
0.52671 -0.0613396
0.52768 -0.0298303
0.52865 0.0632155
0.52962 -0.0417473
0.53059 0.0867795
0.53156 0.015322
0.53253 0.0200868
0.5335 0.0248963
0.53447 0.0653072
0.53544 0.0449432
0.53641 -0.042549
0.53738 0.100741
0.53835 0.0468767
0.53932 -0.0126136
0.54029 -0.0206051
0.54126 0.0798845
0.54223 -0.0591622
0.5432 0.0877215
0.54417 -0.0673277
0.54514 0.0285982
0.54611 0.00922809
0.54708 0.026178
0.54805 -0.0463008
0.54902 0.150172
0.54999 0.0420152
0.55096 0.0521983
0.55193 0.0828554
0.5529 0.00795373
0.55387 0.0948463
0.55484 0.0312254
0.55581 0.0801906
0.55678 -0.00960595
0.55775 -0.00345103
0.55872 0.0495202
0.55969 -0.0491687
0.56066 0.00551995
0.56163 -0.118741
0.5626 -0.0241951
0.56357 -0.070907
0.56454 -0.0101935
0.56551 -0.045992
0.56648 -0.0308934
0.56745 0.0854205
0.56842 -0.117519
0.56939 -0.064701
0.57036 0.0506699
0.57133 0.0624655
0.5723 0.014822
0.57327 -0.0656844
0.57424 0.191827
0.57521 0.0903309
0.57618 0.0274444
0.57715 0.0312563
0.57812 -0.009609
0.57909 0.0037869
0.58006 -0.0349278
0.58103 0.0982179
0.582 -0.0344797
0.58297 -0.0415048
0.58394 -0.122183
0.58491 -0.114081
0.58588 -0.0218218
0.58685 0.00777109
0.58782 0.0499282
0.58879 -0.0269638
0.58976 0.0157976
0.59073 0.0920811
0.5917 -0.0693183
0.59267 -0.011285
0.59364 -0.0440761
0.59461 -0.00526382
0.59558 -0.106637
0.59655 0.0581437
0.59752 0.0403954
0.59849 0.0205323
0.59946 -0.157176
0.60043 0.00846018
0.6014 -0.0146081
0.60237 0.113186
0.60334 -0.0292035
0.60431 0.0273614
0.60528 0.00227439
0.60625 -0.0886153
0.60722 -0.0353915
0.60819 -0.0598731
0.60916 0.0279317
0.61013 0.0353423
0.6111 -0.122022
0.61207 -0.00947562
0.61304 -0.0863839
0.61401 0.0431609
0.61498 0.00106802
0.61595 0.0174422
0.61692 -0.0645125
0.61789 0.00833846
0.61886 -0.0498271
0.61983 -0.109723
0.6208 0.0342826
0.62177 -0.129488
0.62274 -0.0620656
0.62371 0.132653
0.62468 -0.127862
0.62565 -8.33286e-05
0.62662 0.00834989
0.62759 -0.0380133
0.62856 0.0674878
0.62953 -0.0796447
0.6305 0.0508037
0.63147 -0.0309321
0.63244 0.126283
0.63341 0.000653821
0.63438 0.0575097
0.63535 0.013818
0.63632 -0.0849703
0.63729 0.0990718
0.63826 -0.00445395
0.63923 -0.0295932
0.6402 -0.0568056
0.64117 -0.0173674
0.64214 -0.00710146
0.64311 -0.00855638
0.64408 -0.0310018
0.64505 -0.00336521
0.64602 -0.0120048
0.64699 -0.0493428
0.64796 0.0246956
0.64893 -0.202127
0.6499 -0.0449194
0.65087 0.0297289
0.65184 -0.025576
0.65281 0.0616676
0.65378 -0.0487785
0.65475 0.0833767
0.65572 0.0995801
0.65669 0.072751
0.65766 0.00747856
0.65863 0.0687226
0.6596 -0.0164064
0.66057 0.0593153
0.66154 -0.12352
0.66251 0.0104578
0.66348 0.0974092
0.66445 -0.120884
0.66542 0.0741135
0.66639 -0.0714773
0.66736 0.104447
0.66833 0.0997331
0.6693 -0.114214
0.67027 0.0884245
0.67124 0.017747
0.67221 -0.0164837
0.67318 -0.0366882
0.67415 0.0684533
0.67512 0.0211223
0.67609 -0.0633415
0.67706 -0.103995
0.67803 0.055949
0.679 0.0715459
0.67997 0.0916241
0.68094 -0.036549
0.68191 -0.0978488
0.68288 -0.0535608
0.68385 -0.0473993
0.68482 0.0606061
0.68579 -0.0734486
0.68676 0.0427261
0.68773 -0.022121
0.6887 -0.0150777
0.68967 0.0180226
0.69064 0.151745
0.69161 -0.18972
0.69258 0.0209993
0.69355 0.103316
0.69452 -0.0674189
0.69549 0.128127
0.69646 -0.029621
0.69743 -0.00620861
0.6984 -0.0325895
0.69937 0.0612785
0.70034 -0.0149927
0.70131 -0.00907687
0.70228 -0.0790144
0.70325 0.0979232
0.70422 0.0950042
0.70519 -0.0580429
0.70616 0.0198803
0.70713 0.00222937
0.7081 -0.0209706
0.70907 -0.101097
0.71004 -0.102557
0.71101 0.0179949
0.71198 0.0584119
0.71295 0.100414
0.71392 0.0405363
0.71489 -0.0361512
0.71586 0.0869666
0.71683 -0.0298792
0.7178 0.111153
0.71877 0.0370916
0.71974 -0.00256943
0.72071 -0.0934608
0.72168 0.0650614
0.72265 -0.0573058
0.72362 0.0730533
0.72459 0.0895949
0.72556 0.0133123
0.72653 -0.0171509
0.7275 -0.0567664
0.72847 0.0105113
0.72944 -0.0744723
0.73041 0.0506098
0.73138 -0.0049975
0.73235 -0.0506125
0.73332 -0.019329
0.73429 0.000879718
0.73526 0.0552582
0.73623 0.0648889
0.7372 0.0622132
0.73817 -0.00487504
0.73914 -0.0130728
0.74011 -0.082187
0.74108 -0.0108559
0.74205 -0.0242894
0.74302 0.024598
0.74399 -0.190698
0.74496 -0.0596762
0.74593 -0.0497646
0.7469 -0.0320996
0.74787 -0.00365114
0.74884 0.0272184
0.74981 -0.148963
0.75078 0.031568
0.75175 -0.114111
0.75272 0.0526896
0.75369 0.0406636
0.75466 -0.00729887
0.75563 -0.0202554
0.7566 0.11236
0.75757 -0.084114
0.75854 -0.00650579
0.75951 -0.0389018
0.76048 0.160673
0.76145 0.0433877
0.76242 0.0912524
0.76339 -0.00150429
0.76436 -0.0117993
0.76533 -0.0703219
0.7663 -0.061531
0.76727 0.0972102
0.76824 -0.0358825
0.76921 0.0799045
0.77018 0.033438
0.77115 0.0460318
0.77212 0.03908
0.77309 0.108172
0.77406 -0.0307139
0.77503 0.0245409
0.776 -0.0755973
0.77697 0.0122804
0.77794 0.0700021
0.77891 0.0320458
0.77988 -0.0326303
0.78085 0.036629
0.78182 0.0293379
0.78279 0.0493088
0.78376 0.0873516
0.78473 -0.0934846
0.7857 0.0410554
0.78667 -0.0360239
0.78764 -0.0490665
0.78861 0.00553931
0.78958 -0.0395605
0.79055 0.0656316
0.79152 0.000945261
0.79249 -0.0564387
0.79346 0.00125171
0.79443 -0.0080867
0.7954 -0.0678363
0.79637 -0.0404919
0.79734 0.050638
0.79831 -0.0437254
0.79928 0.0563781
0.80025 -0.0109167
0.80122 0.0188553
0.80219 -0.0310194
0.80316 0.0414777
0.80413 -0.0800424
0.8051 0.0720375
0.80607 0.0536735
0.80704 -0.0149026
0.80801 -0.00923277
0.80898 0.0383365
0.80995 0.116317
0.81092 0.0866307
0.81189 -0.00214825
0.81286 0.0542072
0.81383 -0.0626542
0.8148 -0.0160617
0.81577 0.0726507
0.81674 0.0291438
0.81771 -0.0739953
0.81868 0.0178768
0.81965 0.00158053
0.82062 -0.0303778
0.82159 0.0404176
0.82256 -0.0498003
0.82353 -0.00718461
0.8245 0.0788243
0.82547 0.0308785
0.82644 0.0929295
0.82741 -0.0777487
0.82838 0.0762151
0.82935 -0.0410024
0.83032 -0.0627916
0.83129 0.0237605
0.83226 0.0168566
0.83323 0.0183466
0.8342 -0.0126561
0.83517 0.0196507
0.83614 0.0150376
0.83711 0.0687307
0.83808 0.0668159
0.83905 -0.00991012
0.84002 -0.0335364
0.84099 -0.0161017
0.84196 0.0317681
0.84293 -0.006761
0.8439 0.0322167
0.84487 -0.0722862
0.84584 0.0794246
0.84681 -0.106986
0.84778 -0.00158378
0.84875 -0.0489708
0.84972 0.0366996
0.85069 -0.082773
0.85166 -0.00890461
0.85263 0.0643876
0.8536 -0.00746943
0.85457 0.0349621
0.85554 0.0788392
0.85651 -0.0668119
0.85748 0.0407804
0.85845 0.0506604
0.85942 0.0857009
0.86039 0.0454585
0.86136 0.0576032
0.86233 -0.096846
0.8633 0.0345892
0.86427 0.00404095
0.86524 -0.0313439
0.86621 -0.0108248
0.86718 0.0933846
0.86815 -0.085258
0.86912 0.0136461
0.87009 0.0164904
0.87106 0.10157
0.87203 -0.108359
0.873 0.0152134
0.87397 0.0835603
0.87494 -0.0693253
0.87591 0.0884196
0.87688 0.020426
0.87785 0.0781221
0.87882 -0.0238429
0.87979 0.0170661
0.88076 -0.0827965
0.88173 -0.017134
0.8827 0.0363462
0.88367 0.118682
0.88464 0.00437957
0.88561 0.0514756
0.88658 0.0142512
0.88755 -0.065852
0.88852 0.0472998
0.88949 0.0584019
0.89046 0.134887
0.89143 0.0704025
0.8924 -0.0400869
0.89337 -0.114954
0.89434 -0.0239381
0.89531 0.0876006
0.89628 -0.0567218
0.89725 -0.0370716
0.89822 0.0638688
0.89919 0.0458582
0.90016 0.0549567
0.90113 -0.0274901
0.9021 0.0940649
0.90307 0.0938066
0.90404 0.0249984
0.90501 0.0888092
0.90598 0.0211212
0.90695 0.00796452
0.90792 -0.0677787
0.90889 0.0351606
0.90986 0.0590822
0.91083 -0.0419685
0.9118 0.0681243
0.91277 -0.00066831
0.91374 0.169055
0.91471 0.0509821
0.91568 0.0105707
0.91665 0.0374945
0.91762 0.0407455
0.91859 0.00849717
0.91956 -0.0544998
0.92053 -0.159219
0.9215 -0.0118784
0.92247 0.149552
0.92344 -0.0212697
0.92441 0.00477035
0.92538 0.146867
0.92635 0.0427747
0.92732 0.0161105
0.92829 0.0201482
0.92926 -0.0736133
0.93023 0.0653621
0.9312 -0.103036
0.93217 0.056755
0.93314 -0.142242
0.93411 -0.0366833
0.93508 0.0728184
0.93605 -0.0336213
0.93702 0.0817593
0.93799 0.0363505
0.93896 0.181013
0.93993 0.00949098
0.9409 0.00875579
0.94187 0.0317457
0.94284 -0.00994571
0.94381 -0.0570763
0.94478 0.0645866
0.94575 0.0662949
0.94672 0.0671796
0.94769 0.0730906
0.94866 -0.0435167
0.94963 -0.0437879
0.9506 0.0384314
0.95157 -0.0854616
0.95254 -0.0521213
0.95351 -0.0745699
0.95448 0.0204024
0.95545 -0.0259967
0.95642 0.0581064
0.95739 0.0164564
0.95836 -0.163014
0.95933 0.0475808
0.9603 0.0156594
0.96127 0.0820756
0.96224 -0.0162268
0.96321 -0.0588354
0.96418 -0.00844934
0.96515 -0.0525163
0.96612 -0.0489089
0.96709 0.00460074
0.96806 0.00134441
0.96903 0.0175123
0.97 -0.0292592
0.97097 0.0210155
0.97194 -0.0251954
0.97291 0.108757
0.97388 -0.0134402
0.97485 0.0456443
0.97582 0.023335
0.97679 0.128971
0.97776 0.0667264
0.97873 0.124912
0.9797 0.0672691
0.98067 0.0337262
0.98164 0.0671082
0.98261 -0.0918267
0.98358 0.16613
0.98455 -0.0189601
0.98552 0.0292135
0.98649 -0.0397289
0.98746 0.0763252
0.98843 -0.0217424
0.9894 0.0022338
0.99037 0.0413853
0.99134 0.0741767
0.99231 0.100429
0.99328 0.0784934
0.99425 0.13654
0.99522 0.00755522
0.99619 0.037206
0.99716 0.01785
0.99813 0.0600272
0.9991 -0.0728749
1.00007 -0.0382083
1.00104 0.0248702
1.00201 -0.0911101
1.00298 0.0888476
1.00395 0.062824
1.00492 0.0316283
1.00589 -0.0149099
1.00686 0.102868
1.00783 -0.0819113
1.0088 -0.0545925
1.00977 0.0967105
1.01074 -0.0300485
1.01171 -0.0459912
1.01268 0.000817347
1.01365 0.142515
1.01462 -0.0463849
1.01559 0.070319
1.01656 0.0755752
1.01753 0.0551793
1.0185 0.00392114
1.01947 -0.132619
1.02044 0.0214941
1.02141 0.112838
1.02238 -0.0318338
1.02335 0.133629
1.02432 0.0834059
1.02529 -0.0149185
1.02626 -0.0200608
1.02723 0.0123432
1.0282 0.0929055
1.02917 0.0062788
1.03014 -0.0282921
1.03111 0.155465
1.03208 -0.0663554
1.03305 0.012133
1.03402 0.0103166
1.03499 -0.00247319
1.03596 -0.0157206
1.03693 0.0080575
1.0379 0.050191
1.03887 -0.00310702
1.03984 0.0874297
1.04081 -0.158857
1.04178 0.0547607
1.04275 0.0350183
1.04372 0.104416
1.04469 0.0368464
1.04566 -0.0441304
1.04663 0.1201
1.0476 -0.0115212
1.04857 0.0380999
1.04954 -0.0875892
1.05051 0.0158126
1.05148 -0.0165384
1.05245 0.107649
1.05342 -0.0477495
1.05439 0.0614472
1.05536 -0.0500209
1.05633 -0.0476121
1.0573 -0.0941625
1.05827 0.0633083
1.05924 -0.0166538
1.06021 0.0706312
1.06118 0.0988958
1.06215 -0.054964
1.06312 0.0143486
1.06409 -0.00211994
1.06506 -0.166298
1.06603 0.0307041
1.067 0.0785228
1.06797 -0.103048
1.06894 0.0418338
1.06991 -0.0845718
1.07088 0.0219386
1.07185 -0.111252
1.07282 -0.0295667
1.07379 -0.0422299
1.07476 -0.0793459
1.07573 0.0421764
1.0767 0.0706115
1.07767 -0.0194515
1.07864 0.0836003
1.07961 -0.0555689
1.08058 0.0955165
1.08155 -0.129165
1.08252 0.0350127
1.08349 -0.0425019
1.08446 -0.0811339
1.08543 0.0461564
1.0864 -0.0406533
1.08737 -0.0509197
1.08834 -0.0962571
1.08931 -0.0524041
1.09028 0.050638
1.09125 0.0605512
1.09222 -0.0175211
1.09319 0.00453261
1.09416 0.078322
1.09513 0.0803244
1.0961 0.00654929
1.09707 0.0873183
1.09804 0.0510422
1.09901 -0.00268553
1.09998 -0.04442
1.10095 0.0551671
1.10192 0.0981035
1.10289 0.0416492
1.10386 -0.0714667
1.10483 0.083987
1.1058 -0.0540272
1.10677 -0.0166075
1.10774 0.0226798
1.10871 -0.0287461
1.10968 0.195195
1.11065 -0.114651
1.11162 -0.0177043
1.11259 -0.0478084
1.11356 -0.0219539
1.11453 -0.0152379
1.1155 0.021345
1.11647 0.0756995
1.11744 -0.0652439
1.11841 0.0603635
1.11938 0.00160296
1.12035 0.0567448
1.12132 -0.10617
1.12229 0.00771699
1.12326 -0.196647
1.12423 0.065218
1.1252 0.0139503
1.12617 0.0278914
1.12714 0.042111
1.12811 -0.0317546
1.12908 -0.0214846
1.13005 -0.0684412
1.13102 0.10522
1.13199 0.0759353
1.13296 0.0459696
1.13393 -0.0814581
1.1349 -0.00829979
1.13587 -0.0791774
1.13684 0.0463338
1.13781 0.0594548
1.13878 0.0795303
1.13975 0.00245186
1.14072 -0.0540953
1.14169 0.0517057
1.14266 0.00553529
1.14363 -0.0416754
1.1446 0.0544311
1.14557 -0.0230444
1.14654 -0.0434767
1.14751 -0.139374
1.14848 0.0716909
1.14945 0.048008
1.15042 -0.048887
1.15139 0.0199732
1.15236 0.0181813
1.15333 0.0381799
1.1543 -0.124075
1.15527 -0.143375
1.15624 0.0253921
1.15721 -0.0244952
1.15818 0.0471257
1.15915 0.0409129
1.16012 0.00257159
1.16109 0.0598815
1.16206 -0.0793581
1.16303 -0.0750406
1.164 -0.106252
1.16497 0.0860008
1.16594 0.0246537
1.16691 0.0608221
1.16788 -0.00617036
1.16885 0.00849611
1.16982 -0.0531858
1.17079 0.0250345
1.17176 0.0319428
1.17273 0.0852653
1.1737 0.0598179
1.17467 0.0877539
1.17564 0.078435
1.17661 -0.0441093
1.17758 0.0352871
1.17855 0.0748787
1.17952 -0.00992689
1.18049 -0.0186354
1.18146 -0.0307066
1.18243 0.0214498
1.1834 -0.0364332
1.18437 0.0971637
1.18534 -0.0816617
1.18631 0.181262
1.18728 -0.0379533
1.18825 -0.00558982
1.18922 -0.0410181
1.19019 -0.0674808
1.19116 0.0864234
1.19213 0.00313306
1.1931 -0.15823
1.19407 0.0407783
1.19504 0.0271922
1.19601 0.167981
1.19698 -0.0584117
1.19795 -0.00996845
1.19892 -0.03983
1.19989 -0.0220946
1.20086 -0.0164742
1.20183 0.0396827
1.2028 0.044924
1.20377 0.0279609
1.20474 0.0178806
1.20571 0.123714
1.20668 -0.107306
1.20765 -0.0656919
1.20862 -0.0835833
1.20959 0.0180215
1.21056 0.10695
1.21153 -0.00208117
1.2125 0.0919778
1.21347 -0.0208303
1.21444 -0.0701132
1.21541 0.0697731
1.21638 -0.106975
1.21735 -0.0260985
1.21832 -0.0475829
1.21929 0.0700205
1.22026 0.0895479
1.22123 0.11385
1.2222 -0.0225746
1.22317 0.0800613
1.22414 -0.0183077
1.22511 -0.0559139
1.22608 0.0919443
1.22705 -0.107009
1.22802 0.0773013
1.22899 0.100615
1.22996 0.047567
1.23093 0.0155277
1.2319 0.12253
1.23287 0.0255692
1.23384 -0.0295594
1.23481 -0.0455848
1.23578 0.0524882
1.23675 0.0705764
1.23772 0.00850625
1.23869 0.0700967
1.23966 -0.0354674
1.24063 0.152968
1.2416 0.0208386
1.24257 -0.124343
1.24354 0.0120174
1.24451 0.102802
1.24548 -0.0867703
1.24645 0.0278779
1.24742 0.0873051
1.24839 0.0131836
1.24936 -0.00469175
1.25033 -0.103392
1.2513 -0.0874835
1.25227 0.147436
1.25324 -0.141416
1.25421 0.0300953
1.25518 -0.0221417
1.25615 -0.0714786
1.25712 0.0157673
1.25809 0.0265958
1.25906 0.0298051
1.26003 0.0863393
1.261 -0.0139005
1.26197 0.025783
1.26294 0.143882
1.26391 0.00353947
1.26488 0.0346257
1.26585 -0.0473085
1.26682 0.0833186
1.26779 0.0476938
1.26876 -0.0159059
1.26973 -0.00262977
1.2707 -0.0185208
1.27167 -0.021083
1.27264 -0.0422848
1.27361 0.100132
1.27458 0.0143658
1.27555 -0.0919345
1.27652 -0.0314969
1.27749 0.138382
1.27846 -0.0345484
1.27943 -0.091394
1.2804 -0.119805
1.28137 0.0916512
1.28234 -0.0555367
1.28331 -0.0151309
1.28428 0.0394107
1.28525 0.0487031
1.28622 0.0445255
1.28719 0.0519014
1.28816 -0.0628416
1.28913 0.000308515
1.2901 0.0937553
1.29107 0.132552
1.29204 0.0418628
1.29301 -0.0585101
1.29398 0.00729108
1.29495 -0.0818696
1.29592 0.0643625
1.29689 -0.0944342
1.29786 -0.0191541
1.29883 -0.0289075
1.2998 0.00443384
1.30077 -0.0863255
1.30174 0.0231531
1.30271 0.0331319
1.30368 0.0255637
1.30465 -0.0435432
1.30562 0.0377695
1.30659 0.0081513
1.30756 0.0479596
1.30853 -0.166992
1.3095 0.0614434
1.31047 0.0128063
1.31144 0.109054
1.31241 0.0522997
1.31338 -0.0361488
1.31435 0.0978734
1.31532 -0.0333012
1.31629 0.0389794
1.31726 0.0693321
1.31823 0.0348915
1.3192 0.00810352
1.32017 0.164932
1.32114 -0.0234836
1.32211 -0.0136788
1.32308 -0.00744688
1.32405 0.0192748
1.32502 0.122027
1.32599 -0.122575
1.32696 0.0165926
1.32793 -0.0514737
1.3289 0.05091
1.32987 0.16929
1.33084 -0.0219442
1.33181 0.0825621
1.33278 0.00339068
1.33375 0.0592542
1.33472 -0.0177268
1.33569 -0.0426282
1.33666 0.00188188
1.33763 0.0173505
1.3386 0.0740256
1.33957 0.0534464
1.34054 -0.0178575
1.34151 -0.143105
1.34248 0.0813737
1.34345 -0.0728343
1.34442 -0.00771915
1.34539 -0.0834048
1.34636 0.0213365
1.34733 0.0378506
1.3483 0.0450446
1.34927 -0.0177046
1.35024 0.0025081
1.35121 0.131025
1.35218 0.0401602
1.35315 0.0412833
1.35412 0.0262391
1.35509 -0.0561067
1.35606 -0.0368239
1.35703 0.0514845
1.358 -0.0167633
1.35897 -0.0299601
1.35994 -0.0641224
1.36091 -0.0257866
1.36188 0.00288123
1.36285 0.141288
1.36382 0.0206908
1.36479 0.0531482
1.36576 0.0193219
1.36673 0.0509392
1.3677 0.0301355
1.36867 0.128534
1.36964 0.109301
1.37061 -0.0238604
1.37158 -0.0159253
1.37255 0.0628732
1.37352 0.0236089
1.37449 -0.0924699
1.37546 -0.0879029
1.37643 0.099082
1.3774 0.0134027
1.37837 0.0284246
1.37934 0.0489621
1.38031 0.00658158
1.38128 0.0137682
1.38225 -0.00518712
1.38322 -0.0568432
1.38419 0.0361867
1.38516 0.0282875
1.38613 0.104535
1.3871 -0.0282207
1.38807 0.121808
1.38904 0.00941124
1.39001 0.0826053
1.39098 0.0229728
1.39195 -0.058738
1.39292 0.0176245
1.39389 0.0344532
1.39486 0.197097
1.39583 0.0605944
1.3968 -0.0212626
1.39777 0.0479907
1.39874 -0.0478452
1.39971 0.0216675
1.40068 0.157023
1.40165 0.00955903
1.40262 -0.0493493
1.40359 0.0658858
1.40456 0.053016
1.40553 0.0679672
1.4065 -0.00393834
1.40747 -0.00884991
1.40844 0.117
1.40941 0.166886
1.41038 -0.104021
1.41135 0.0857623
1.41232 -0.0183181
1.41329 0.0124743
1.41426 0.125355
1.41523 0.0408513
1.4162 0.0077175
1.41717 -0.0521218
1.41814 0.0338089
1.41911 0.05023
1.42008 -0.130336
1.42105 -0.0792166
1.42202 0.0924707
1.42299 0.0386869
1.42396 -0.0548905
1.42493 0.0349694
1.4259 -0.025861
1.42687 0.0983558
1.42784 0.0287642
1.42881 0.00817304
1.42978 0.00922371
1.43075 0.0616051
1.43172 0.12612
1.43269 -0.106153
1.43366 0.0526369
1.43463 -0.0271911
1.4356 -0.108085
1.43657 0.0237621
1.43754 -0.0835833
1.43851 0.115935
1.43948 0.0369664
1.44045 0.0214762
1.44142 -0.111645
1.44239 0.0895406
1.44336 -0.00658022
1.44433 -0.0843258
1.4453 0.16941
1.44627 0.0332106
1.44724 -0.0130017
1.44821 -0.0851023
1.44918 0.0828124
1.45015 -0.121828
1.45112 -0.0626802
1.45209 -0.0262894
1.45306 0.0529562
1.45403 -0.0809465
1.455 0.000533234
1.45597 -0.0123848
1.45694 -0.0364616
1.45791 -0.00287944
1.45888 0.00017871
1.45985 -0.00920992
1.46082 0.0529878
1.46179 -0.0273663
1.46276 0.0887659
1.46373 -0.0954362
1.4647 -0.063845
1.46567 0.0497552
1.46664 -0.0251589
1.46761 0.111439
1.46858 0.0983312
1.46955 -0.0598322
1.47052 0.0634413
1.47149 0.0636965
1.47246 0.0535594
1.47343 0.0157953
1.4744 0.0532807
1.47537 0.130605
1.47634 0.0659274
1.47731 -0.00820148
1.47828 -0.0491982
1.47925 -0.00495026
1.48022 0.000196053
1.48119 -0.00204622
1.48216 0.0100886
1.48313 -0.0256026
1.4841 0.00453477
1.48507 -0.0298284
1.48604 0.148255
1.48701 -0.00629811
1.48798 -0.0805834
1.48895 0.030768
1.48992 -0.0334818
1.49089 -0.0574507
1.49186 0.0324892
1.49283 0.0267072
1.4938 0.11447
1.49477 0.0162864
1.49574 -0.0440101
1.49671 0.0637325
1.49768 -0.000314677
1.49865 0.0241418
1.49962 0.0705601
1.50059 -0.0249712
1.50156 0.0570487
1.50253 0.0188627
1.5035 -0.0345081
1.50447 -0.0094896
1.50544 0.0504844
1.50641 0.0613331
1.50738 -0.00520374
1.50835 0.0343324
1.50932 -0.0315348
1.51029 -0.0252457
1.51126 0.0335969
1.51223 -0.0355659
1.5132 0.0478771
1.51417 -0.0346139
1.51514 0.0390213
1.51611 -0.0366144
1.51708 -0.0539466
1.51805 -0.0375832
1.51902 -0.129084
1.51999 -0.0295356
1.52096 -0.0469805
1.52193 0.0846107
1.5229 -0.069072
1.52387 0.00270031
1.52484 -0.0266752
1.52581 -0.0907719
1.52678 0.0494988
1.52775 -0.0903401
1.52872 0.0616741
1.52969 -0.0151757
1.53066 0.0457752
1.53163 -0.12284
1.5326 0.0368412
1.53357 -0.0345592
1.53454 0.00776947
1.53551 0.107828
1.53648 0.0371262
1.53745 -0.0372252
1.53842 -0.0801462
1.53939 -0.0127794
1.54036 0.0833045
1.54133 0.0595181
1.5423 -0.0697549
1.54327 -0.0248458
1.54424 0.0310692
1.54521 0.0541997
1.54618 -0.0747481
1.54715 0.000787976
1.54812 0.031186
1.54909 0.012951
1.55006 -0.000788003
1.55103 -0.028324
1.552 0.0744744
1.55297 -0.00640991
1.55394 0.0872172
1.55491 0.104474
1.55588 0.0234759
1.55685 0.0379503
1.55782 -0.0351392
1.55879 0.0901273
1.55976 -0.0488272
1.56073 -0.0983561
1.5617 0.015667
1.56267 0.156282
1.56364 0.0767381
1.56461 0.0178598
1.56558 0.0259786
1.56655 0.05289
1.56752 0.0811812
1.56849 0.0421791
1.56946 -0.0229185
1.57043 -0.0747973
1.5714 0.0149688
1.57237 0.00626009
1.57334 0.018955
1.57431 -0.0564841
1.57528 -0.0263248
1.57625 0.0947876
1.57722 -0.0344262
1.57819 0.0839772
1.57916 0.158447
1.58013 0.083563
1.5811 0.0934919
1.58207 -0.0462245
1.58304 -0.0800164
1.58401 0.0483067
1.58498 0.0241111
1.58595 0.0716684
1.58692 0.034536
1.58789 -0.0310943
1.58886 -0.00382218
1.58983 0.0475134
1.5908 -0.0188941
1.59177 0.0393217
1.59274 0.0370435
1.59371 0.11215
1.59468 0.0741289
1.59565 -0.0861322
1.59662 -0.0520748
1.59759 0.0121485
1.59856 -0.121275
1.59953 -0.00157181
1.6005 -0.0462618
1.60147 0.110792
1.60244 -0.0293141
1.60341 0.0170979
1.60438 0.0572328
1.60535 0.0812348
1.60632 0.014169
1.60729 0.0185498
1.60826 -0.0142737
1.60923 0.00359328
1.6102 -0.0853462
1.61117 0.0733413
1.61214 0.0200102
1.61311 0.0600791
1.61408 0.0944558
1.61505 0.0532815
1.61602 0.0532847
1.61699 0.105689
1.61796 0.109773
1.61893 0.0348978
1.6199 0.0821478
1.62087 0.0265712
1.62184 -0.0133115
1.62281 0.0109311
1.62378 -0.0581537
1.62475 0.169152
1.62572 0.0647597
1.62669 0.176204
1.62766 0.0095012
1.62863 -0.030516
1.6296 -0.0501924
1.63057 0.112896
1.63154 -0.00136384
1.63251 0.016313
1.63348 0.0295859
1.63445 -0.0155252
1.63542 0.0211394
1.63639 -0.0596733
1.63736 -0.0346009
1.63833 0.21214
1.6393 -0.0278292
1.64027 -0.0224068
1.64124 0.0320277
1.64221 0.042499
1.64318 0.0466542
1.64415 0.156948
1.64512 -0.000348207
1.64609 0.0508791
1.64706 0.121305
1.64803 0.106568
1.649 0.189458
1.64997 0.0304524
1.65094 0.073042
1.65191 0.0694548
1.65288 0.121011
1.65385 0.0660102
1.65482 0.0378508
1.65579 -0.00299417
1.65676 -0.034181
1.65773 0.106038
1.6587 0.0285489
1.65967 -0.0226522
1.66064 -0.120366
1.66161 0.0317175
1.66258 0.177025
1.66355 -0.00858775
1.66452 0.122798
1.66549 -0.101971
1.66646 -0.0953064
1.66743 0.0533196
1.6684 0.0698934
1.66937 -0.113611
1.67034 -0.0353112
1.67131 0.0143308
1.67228 -0.148639
1.67325 -0.0564833
1.67422 -0.0559501
1.67519 0.144647
1.67616 0.0353006
1.67713 -0.0402102
1.6781 0.0185952
1.67907 -0.0974454
1.68004 0.0762703
1.68101 -0.0445174
1.68198 0.0581226
1.68295 -0.0347866
1.68392 0.0504641
1.68489 -0.00993911
1.68586 0.0168791
1.68683 0.019445
1.6878 -0.0875116
1.68877 0.0113304
1.68974 -0.00701957
1.69071 0.0386806
1.69168 0.0894906
1.69265 0.0415467
1.69362 -0.0824553
1.69459 -0.0182793
1.69556 0.0107838
1.69653 0.0153281
1.6975 -0.0573131
1.69847 -0.06149
1.69944 -0.11147
1.70041 0.0535662
1.70138 0.0177317
1.70235 0.160127
1.70332 0.0603746
1.70429 -0.0491803
1.70526 -0.0167075
1.70623 -0.111062
1.7072 0.0718036
1.70817 0.0432733
1.70914 -0.13565
1.71011 0.0460683
1.71108 -0.0272679
1.71205 0.0904793
1.71302 0.0270838
1.71399 -0.0634134
1.71496 -0.00630971
1.71593 -0.0536197
1.7169 0.0984045
1.71787 -0.0205704
1.71884 0.0854138
1.71981 -0.0661167
1.72078 -0.0623487
1.72175 0.118046
1.72272 0.00398203
1.72369 -0.145197
1.72466 -0.085991
1.72563 0.0200825
1.7266 -0.00714821
1.72757 0.0137857
1.72854 0.021679
1.72951 0.101326
1.73048 -0.069875
1.73145 -0.0427907
1.73242 0.0379063
1.73339 -0.0377005
1.73436 -0.122418
1.73533 0.0280136
1.7363 0.0457743
1.73727 0.0354845
1.73824 -0.11887
1.73921 0.0234308
1.74018 -0.0822106
1.74115 0.0729579
1.74212 -0.0408188
1.74309 -0.0206831
1.74406 0.0466547
1.74503 0.122042
1.746 -0.00847267
1.74697 -0.107624
1.74794 0.034752
1.74891 -0.0159296
1.74988 0.184372
1.75085 0.210199
1.75182 -0.0505174
1.75279 -0.0797036
1.75376 0.0427872
1.75473 -0.0137281
1.7557 0.0377416
1.75667 0.18057
1.75764 0.011648
1.75861 0.0671003
1.75958 0.0240637
1.76055 0.0980184
1.76152 0.107594
1.76249 -0.130141
1.76346 0.0362894
1.76443 0.00910485
1.7654 0.123935
1.76637 -0.0638796
1.76734 0.0161089
1.76831 0.102302
1.76928 0.0234667
1.77025 -0.0056821
1.77122 0.0842506
1.77219 0.0632055
1.77316 0.10367
1.77413 0.0718996
1.7751 0.149744
1.77607 0.0236485
1.77704 0.0832469
1.77801 0.0736144
1.77898 0.040138
1.77995 -0.0355521
1.78092 -0.00476083
1.78189 0.00724182
1.78286 0.0920646
1.78383 0.0521459
1.7848 0.0364132
1.78577 0.0467821
1.78674 -0.00392666
1.78771 -0.0525958
1.78868 -0.0104163
1.78965 -0.0130348
1.79062 0.0344073
1.79159 -0.0553539
1.79256 0.0300563
1.79353 0.0223352
1.7945 0.0977488
1.79547 0.00965034
1.79644 0.0442221
1.79741 -0.0696806
1.79838 -0.0910036
1.79935 0.00651298
1.80032 0.0273076
1.80129 0.112317
1.80226 0.0821105
1.80323 -0.122533
1.8042 0.0750201
1.80517 -0.0803309
1.80614 -0.0723971
1.80711 0.15866
1.80808 -0.0574816
1.80905 -0.0062963
1.81002 -0.0167191
1.81099 -0.0615943
1.81196 0.0243756
1.81293 0.101737
1.8139 0.0336429
1.81487 -0.0781043
1.81584 0.107437
1.81681 -0.00646923
1.81778 0.108015
1.81875 0.0567794
1.81972 0.152496
1.82069 -0.03765
1.82166 -0.0218316
1.82263 0.0955447
1.8236 -0.0991188
1.82457 0.0166737
1.82554 0.0776395
1.82651 0.00497016
1.82748 0.0613861
1.82845 0.133785
1.82942 -0.0208169
1.83039 0.0107485
1.83136 0.0884569
1.83233 -0.0795127
1.8333 0.00572069
1.83427 0.0153531
1.83524 0.000713429
1.83621 -0.118496
1.83718 0.0482437
1.83815 -0.034148
1.83912 0.0164812
1.84009 -0.0616616
1.84106 0.0101875
1.84203 0.0586028
1.843 0.00202014
1.84397 0.0152969
1.84494 0.0497873
1.84591 0.0758199
1.84688 -0.0285554
1.84785 -0.0735419
1.84882 0.025023
1.84979 -0.0375142
1.85076 -0.0582735
1.85173 0.0714827
1.8527 0.146866
1.85367 0.0288756
1.85464 0.141763
1.85561 0.0606458
1.85658 0.066622
1.85755 0.0225947
1.85852 0.222846
1.85949 0.0278246
1.86046 -0.0385641
1.86143 0.000107802
1.8624 0.0961709
1.86337 0.0278581
1.86434 0.0283789
1.86531 -0.052967
1.86628 0.0648248
1.86725 0.00871107
1.86822 0.0256201
1.86919 0.0693288
1.87016 0.153966
1.87113 -0.0295702
1.8721 0.150346
1.87307 -0.0423386
1.87404 -0.0695968
1.87501 0.050635
1.87598 0.0642624
1.87695 -0.062851
1.87792 -0.025452
1.87889 -0.00074923
1.87986 -0.0307136
1.88083 0.0495202
1.8818 0.0682481
1.88277 0.0266038
1.88374 -0.0458406
1.88471 0.0585634
1.88568 0.0115843
1.88665 -0.103992
1.88762 -0.00750055
1.88859 0.0124552
1.88956 0.116884
1.89053 -0.0137176
1.8915 -0.0308001
1.89247 -0.0861876
1.89344 0.0559282
1.89441 -0.0482591
1.89538 -0.0252731
1.89635 0.0335945
1.89732 0.00380661
1.89829 0.0646515
1.89926 -0.0378911
1.90023 -0.019145
1.9012 -0.0722289
1.90217 0.0459144
1.90314 -0.00432779
1.90411 0.0959713
1.90508 0.0748457
1.90605 0.00467423
1.90702 0.0626009
1.90799 0.126181
1.90896 -0.0524646
1.90993 -0.0290521
1.9109 0.0302832
1.91187 0.00572604
1.91284 0.0340577
1.91381 -0.00241991
1.91478 0.0234777
1.91575 0.00931026
1.91672 -0.0617503
1.91769 -0.0325311
1.91866 0.0353585
1.91963 0.0520185
1.9206 0.0376537
1.92157 0.0384957
1.92254 0.10935
1.92351 -0.108104
1.92448 -0.00183836
1.92545 -0.0676687
1.92642 0.0237766
1.92739 0.0584844
1.92836 -0.106862
1.92933 0.145426
1.9303 0.048546
1.93127 0.0181545
1.93224 0.115011
1.93321 0.0790263
1.93418 -0.011226
1.93515 0.0800097
1.93612 0.0803617
1.93709 -0.102733
1.93806 -0.0535178
1.93903 -0.020053
1.94 -0.0400718
1.94097 0.0708557
1.94194 0.0135699
1.94291 -0.0823893
1.94388 0.0342037
1.94485 -0.0608729
1.94582 -0.0228474
1.94679 0.0122074
1.94776 -0.0326695
1.94873 -0.0595773
1.9497 0.0794708
1.95067 -0.134081
1.95164 0.0854716
1.95261 -0.0119456
1.95358 0.00965543
1.95455 -0.0246632
1.95552 0.118472
1.95649 0.0824801
1.95746 -0.0330786
1.95843 0.0352779
1.9594 0.153928
1.96037 0.101104
1.96134 -0.00610436
1.96231 0.0304197
1.96328 0.0812934
1.96425 0.0216803
1.96522 -0.00208642
1.96619 0.109703
1.96716 0.0121091
1.96813 -0.167429
1.9691 0.0595651
1.97007 -0.0277719
1.97104 6.11155e-05
1.97201 -0.044771
1.97298 -0.0401518
1.97395 -0.0415648
1.97492 -0.0230506
1.97589 -0.0253647
1.97686 0.0637679
1.97783 0.146261
1.9788 0.0279525
1.97977 -0.0304108
1.98074 -0.0405809
1.98171 -0.0213472
1.98268 0.050466
1.98365 0.0754419
1.98462 -0.0421999
1.98559 -0.0446309
