0 0.0257516
0.00097 -0.0356035
0.00194 0.0787342
0.00291 0.0140858
0.00388 0.0378798
0.00485 0.0296499
0.00582 -0.0215884
0.00679 -0.0391361
0.00776 -0.0230816
0.00873 -0.0233162
0.0097 0.0418008
0.01067 -0.00675477
0.01164 0.0909579
0.01261 -0.135567
0.01358 0.0127773
0.01455 -0.0731673
0.01552 0.0245146
0.01649 0.0282644
0.01746 -0.0535306
0.01843 0.0865047
0.0194 -0.0220113
0.02037 0.0198981
0.02134 -0.0595863
0.02231 -0.0732531
0.02328 -0.081327
0.02425 -0.00401031
0.02522 0.0442766
0.02619 0.0037045
0.02716 -0.0890484
0.02813 -0.0211183
0.0291 -0.0152076
0.03007 0.026888
0.03104 -0.0202179
0.03201 0.0280614
0.03298 0.00931122
0.03395 0.0673362
0.03492 -0.0178159
0.03589 0.0672123
0.03686 0.157627
0.03783 -0.0971606
0.0388 0.0331883
0.03977 0.0718427
0.04074 -0.0104694
0.04171 -0.0107101
0.04268 0.0881233
0.04365 -0.0273504
0.04462 0.01058
0.04559 0.037419
0.04656 0.0530408
0.04753 0.102046
0.0485 -0.0336365
0.04947 -0.0233929
0.05044 -0.0504491
0.05141 0.0322542
0.05238 -0.0947709
0.05335 -0.0407275
0.05432 0.00330528
0.05529 0.0123348
0.05626 0.0852295
0.05723 0.0820388
0.0582 0.00436666
0.05917 -0.0422382
0.06014 0.041574
0.06111 -0.00357297
0.06208 0.0537134
0.06305 0.0666759
0.06402 0.0288391
0.06499 -0.0690243
0.06596 0.0528532
0.06693 0.0237108
0.0679 0.104083
0.06887 0.0285963
0.06984 0.0701184
0.07081 -0.0377628
0.07178 0.00784918
0.07275 -0.00642885
0.07372 -0.0535057
0.07469 -0.0183426
0.07566 0.0272833
0.07663 0.0122525
0.0776 -0.0348543
0.07857 0.0155882
0.07954 0.043832
0.08051 -0.122326
0.08148 0.0745122
0.08245 0.0318533
0.08342 -0.0807786
0.08439 0.0888567
0.08536 0.0106934
0.08633 0.0382388
0.0873 0.153494
0.08827 -0.00280875
0.08924 -0.0507824
0.09021 -0.0118913
0.09118 0.0559487
0.09215 0.0147939
0.09312 0.163133
0.09409 0.027313
0.09506 0.0216641
0.09603 0.0651149
0.097 0.0663258
0.09797 0.0420727
0.09894 -0.0469266
0.09991 0.0369169
0.10088 -0.0277004
0.10185 0.12299
0.10282 0.0156033
0.10379 0.0402234
0.10476 0.0672805
0.10573 -0.00306565
0.1067 0.12594
0.10767 0.0311963
0.10864 -0.0668629
0.10961 0.0584123
0.11058 -0.0813189
0.11155 0.0367805
0.11252 -0.103963
0.11349 0.0250854
0.11446 0.0335875
0.11543 0.0376296
0.1164 0.0599861
0.11737 0.0115129
0.11834 -0.0921161
0.11931 -0.0482853
0.12028 0.0550191
0.12125 0.0570357
0.12222 -0.0499851
0.12319 -0.0571933
0.12416 0.0441605
0.12513 0.0224435
0.1261 0.0616768
0.12707 0.124245
0.12804 -0.0459019
0.12901 0.132582
0.12998 -0.0035269
0.13095 -0.0272663
0.13192 0.0491398
0.13289 0.0107222
0.13386 -0.0104692
0.13483 -0.0115503
0.1358 -0.0185614
0.13677 -0.0706346
0.13774 -0.0880007
0.13871 0.0274032
0.13968 -0.0144511
0.14065 0.0270291
0.14162 0.0674059
0.14259 0.0214642
0.14356 -0.0279491
0.14453 0.0351744
0.1455 -0.0224051
0.14647 -0.00933285
0.14744 0.00670642
0.14841 0.0596596
0.14938 0.0351331
0.15035 0.0366258
0.15132 0.042807
0.15229 0.0609881
0.15326 0.0720626
0.15423 0.0139441
0.1552 -0.0364275
0.15617 0.0159538
0.15714 0.0735434
0.15811 0.0909549
0.15908 0.0310045
0.16005 0.00488876
0.16102 0.163952
0.16199 0.0113923
0.16296 0.116923
0.16393 -0.0103126
0.1649 -0.00657154
0.16587 0.0388716
0.16684 0.0851639
0.16781 0.0922412
0.16878 0.0707695
0.16975 0.0233412
0.17072 0.109961
0.17169 -0.00107957
0.17266 0.084392
0.17363 -0.0125332
0.1746 0.0519517
0.17557 0.0330678
0.17654 0.0393342
0.17751 0.0928689
0.17848 0.0611329
0.17945 0.00540948
0.18042 0.0787443
0.18139 -0.0250698
0.18236 0.0954884
0.18333 -0.119847
0.1843 0.0167456
0.18527 0.0579491
0.18624 0.0180568
0.18721 0.0857202
0.18818 -0.0328616
0.18915 -0.00963315
0.19012 0.0204698
0.19109 0.0281094
0.19206 0.0593631
0.19303 -0.0481321
0.194 0.0417029
0.19497 -0.0427863
0.19594 0.0366136
0.19691 0.0518464
0.19788 0.116629
0.19885 -0.0393722
0.19982 0.00806269
0.20079 0.0208036
0.20176 0.0379896
0.20273 0.0259036
0.2037 0.059157
0.20467 0.0234938
0.20564 0.0571619
0.20661 0.0574845
0.20758 -0.00672102
0.20855 -0.0880692
0.20952 0.0667973
0.21049 0.067671
0.21146 0.0314673
0.21243 0.0967848
0.2134 0.0275356
0.21437 0.0205062
0.21534 0.0943616
0.21631 -0.0584802
0.21728 0.140249
0.21825 -0.0516052
0.21922 -0.0128564
0.22019 0.0108471
0.22116 -0.0204787
0.22213 -0.0336697
0.2231 0.120385
0.22407 -0.0857582
0.22504 0.0401884
0.22601 -0.0106134
0.22698 0.00319706
0.22795 0.00705026
0.22892 0.0702318
0.22989 0.00989205
0.23086 -0.0513647
0.23183 0.0147828
0.2328 0.0580308
0.23377 -0.076395
0.23474 -0.0358195
0.23571 -0.0748685
0.23668 0.00757437
0.23765 -0.0198512
0.23862 0.0116851
0.23959 -0.031479
0.24056 0.0116161
0.24153 0.000375222
0.2425 -0.00384985
0.24347 0.0409564
0.24444 0.0889359
0.24541 0.0319371
0.24638 -0.0655392
0.24735 0.0360559
0.24832 0.090528
0.24929 0.0227802
0.25026 -0.00486165
0.25123 0.0515965
0.2522 0.0505829
0.25317 -0.044723
0.25414 0.0988897
0.25511 0.0183988
0.25608 -0.0230502
0.25705 0.0363117
0.25802 0.0381646
0.25899 0.01361
0.25996 0.0503701
0.26093 -0.0770425
0.2619 0.128548
0.26287 0.0857097
0.26384 -0.000490653
0.26481 0.0432133
0.26578 -0.0200006
0.26675 0.056554
0.26772 0.022582
0.26869 -0.0478898
0.26966 0.00135209
0.27063 -0.0364481
0.2716 0.109604
0.27257 0.0965302
0.27354 0.0331132
0.27451 -0.0136603
0.27548 -0.087127
0.27645 -0.0704108
0.27742 -0.00491778
0.27839 0.0381748
0.27936 -0.0834056
0.28033 -0.02735
0.2813 0.0161335
0.28227 0.0523691
0.28324 0.0140985
0.28421 0.0344782
0.28518 -0.0569034
0.28615 -0.0678768
0.28712 0.0320496
0.28809 0.0268623
0.28906 -0.0148428
0.29003 0.00507298
0.291 0.0282714
0.29197 -0.00512704
0.29294 -0.0951925
0.29391 -0.0235966
0.29488 -0.058882
0.29585 0.0347391
0.29682 0.0337155
0.29779 -0.0860179
0.29876 -0.00183405
0.29973 0.0177434
0.3007 -0.052402
0.30167 0.0117074
0.30264 -0.0387151
0.30361 0.0421254
0.30458 0.00902135
0.30555 -0.0326291
0.30652 -0.00274907
0.30749 0.0583554
0.30846 -0.0354688
0.30943 0.0641321
0.3104 0.00521091
0.31137 -0.0634158
0.31234 -0.119089
0.31331 0.124968
0.31428 0.0132607
0.31525 0.156771
0.31622 -0.0122101
0.31719 0.142011
0.31816 -0.0261536
0.31913 0.0200362
0.3201 -0.00150601
0.32107 0.0197484
0.32204 -0.020339
0.32301 0.0527018
0.32398 -0.0386421
0.32495 0.069953
0.32592 0.033226
0.32689 0.00888552
0.32786 -0.0183798
0.32883 0.0372009
0.3298 0.0132844
0.33077 0.0216571
0.33174 -0.0383731
0.33271 -0.00404248
0.33368 0.090864
0.33465 0.0527027
0.33562 0.0392525
0.33659 -0.0333607
0.33756 -0.124323
0.33853 0.101414
0.3395 0.10011
0.34047 -0.0217462
0.34144 0.0265613
0.34241 0.0341161
0.34338 -0.0352328
0.34435 -0.0603547
0.34532 0.0397189
0.34629 0.000658444
0.34726 0.0385793
0.34823 -0.0484202
0.3492 -0.119597
0.35017 -0.038474
0.35114 -0.0663243
0.35211 -0.0268805
0.35308 -0.0581738
0.35405 -0.0145581
0.35502 -0.0566479
0.35599 -0.00886517
0.35696 0.0158541
0.35793 0.0279416
0.3589 -0.0733591
0.35987 0.0582163
0.36084 0.0574791
0.36181 0.0838424
0.36278 0.0789765
0.36375 0.0985175
0.36472 0.0854515
0.36569 -0.0199534
0.36666 0.0244164
0.36763 0.0269399
0.3686 0.0914938
0.36957 -0.0367554
0.37054 -0.0522039
0.37151 0.0422606
0.37248 0.00522898
0.37345 0.10078
0.37442 -0.0460599
0.37539 -0.0468545
0.37636 0.147132
0.37733 0.063703
0.3783 0.135735
0.37927 0.00676321
0.38024 -0.0179923
0.38121 0.0155778
0.38218 0.11705
0.38315 -0.00959569
0.38412 0.00135563
0.38509 0.0881482
0.38606 0.0784577
0.38703 0.026358
0.388 0.00145156
0.38897 -0.030641
0.38994 0.0449591
0.39091 -0.00909226
0.39188 -0.0422956
0.39285 -0.0518574
0.39382 0.0527679
0.39479 0.0232931
0.39576 0.027687
0.39673 0.0616667
0.3977 -0.0368305
0.39867 -0.0260765
0.39964 0.127089
0.40061 -0.0270063
0.40158 0.0841628
0.40255 0.0723639
0.40352 0.0891948
0.40449 0.109698
0.40546 -0.109374
0.40643 0.0516758
0.4074 0.0127834
0.40837 -0.0373795
0.40934 0.03656
0.41031 -0.0236577
0.41128 0.137382
0.41225 -0.0377272
0.41322 0.117115
0.41419 0.128338
0.41516 0.0400382
0.41613 0.00044434
0.4171 -0.0799061
0.41807 -0.00332736
0.41904 0.0143862
0.42001 0.0862476
0.42098 -0.0200233
0.42195 -0.194664
0.42292 0.0621478
0.42389 0.0741513
0.42486 0.0170407
0.42583 0.0108082
0.4268 0.029701
0.42777 -0.00123023
0.42874 -0.0403574
0.42971 -0.0148967
0.43068 0.0779326
0.43165 -0.0434464
0.43262 -0.0483526
0.43359 -0.0408535
0.43456 0.0242372
0.43553 0.117789
0.4365 0.0119389
0.43747 0.054339
0.43844 0.00371057
0.43941 0.00586433
0.44038 0.105708
0.44135 0.0690132
0.44232 -0.0326935
0.44329 0.0292953
0.44426 0.0763843
0.44523 0.0134524
0.4462 -0.0524451
0.44717 0.0962265
0.44814 0.101331
0.44911 -0.046447
0.45008 0.0350284
0.45105 0.0472217
0.45202 0.0713314
0.45299 0.124662
0.45396 -0.00740789
0.45493 0.0291882
0.4559 -0.0182164
0.45687 -0.0395242
0.45784 0.114304
0.45881 0.0248541
0.45978 0.0545592
0.46075 -0.0444472
0.46172 -0.0810006
0.46269 0.0592096
0.46366 -0.00545323
0.46463 0.0321923
0.4656 0.0721614
0.46657 -0.0602132
0.46754 0.0154516
0.46851 0.0127569
0.46948 0.0865217
0.47045 0.0839178
0.47142 -0.0696517
0.47239 -0.0884563
0.47336 -0.0259902
0.47433 0.0249299
0.4753 -0.0430981
0.47627 -0.0426834
0.47724 0.0456389
0.47821 0.112684
0.47918 -0.0454713
0.48015 0.0289156
0.48112 0.000908182
0.48209 0.00462361
0.48306 -0.000210298
0.48403 -0.0295424
0.485 -0.0613199
0.48597 -0.00621789
0.48694 -0.0283567
0.48791 0.0372446
0.48888 -0.0447805
0.48985 0.0725862
0.49082 -0.000986584
0.49179 -0.0552037
0.49276 -0.059756
0.49373 -0.0276443
0.4947 0.0878074
0.49567 0.0637742
0.49664 0.0258198
0.49761 0.0368269
0.49858 -0.00873221
0.49955 0.038734
0.50052 0.0592827
0.50149 0.0268277
0.50246 0.179485
0.50343 0.0494947
0.5044 0.0996909
0.50537 -0.0416661
0.50634 0.0521671
0.50731 0.0401181
0.50828 -0.0133225
0.50925 0.0393303
0.51022 0.0224962
0.51119 0.129851
0.51216 0.00597114
0.51313 0.0888956
0.5141 0.0373295
0.51507 0.0156756
0.51604 -0.0139336
0.51701 0.0815819
0.51798 0.0488741
0.51895 0.0297766
0.51992 -0.0104913
0.52089 0.0233903
0.52186 -0.0207565
0.52283 -0.0507663
0.5238 0.0294807
0.52477 0.0188694
0.52574 0.0732741
0.52671 0.0269047
0.52768 0.051452
0.52865 0.0448379
0.52962 -0.0027873
0.53059 0.0200536
0.53156 -0.0159006
0.53253 -0.00802822
0.5335 0.0699216
0.53447 0.000195726
0.53544 0.0473901
0.53641 0.0700344
0.53738 0.00980355
0.53835 -0.0204053
0.53932 -0.130641
0.54029 0.0210834
0.54126 -0.022467
0.54223 0.106391
0.5432 -0.00671276
0.54417 0.0578504
0.54514 -0.0321447
0.54611 -0.00356462
0.54708 -0.0295669
0.54805 -0.0263524
0.54902 0.0458211
0.54999 0.0349524
0.55096 0.0500814
0.55193 -0.144533
0.5529 0.109021
0.55387 0.00933773
0.55484 -0.0992607
0.55581 -0.0718296
0.55678 0.077774
0.55775 -0.0948822
0.55872 -0.125148
0.55969 -0.0335806
0.56066 0.122654
0.56163 -0.0237188
0.5626 -0.103364
0.56357 -0.0221472
0.56454 -0.0357872
0.56551 -0.031526
0.56648 -0.038737
0.56745 0.00401995
0.56842 0.0632234
0.56939 -0.0244798
0.57036 -0.0335575
0.57133 0.0254487
0.5723 0.0881661
0.57327 -0.0200882
0.57424 0.036694
0.57521 -0.0170186
0.57618 -0.0202178
0.57715 0.0859215
0.57812 0.0336676
0.57909 -0.0484867
0.58006 0.0454471
0.58103 0.00110821
0.582 -0.0247185
0.58297 0.0909828
0.58394 0.0951039
0.58491 0.0603619
0.58588 0.0789065
0.58685 0.0202153
0.58782 -0.0348878
0.58879 -0.0431154
0.58976 -0.0163113
0.59073 -0.0255392
0.5917 0.0543818
0.59267 0.0944616
0.59364 0.0191698
0.59461 0.0513937
0.59558 0.0872051
0.59655 0.0788634
0.59752 -0.05705
0.59849 -0.0850712
0.59946 -0.0359425
0.60043 -0.0631112
0.6014 -0.0340497
0.60237 -0.0390796
0.60334 0.0251639
0.60431 0.0229457
0.60528 -0.00245462
0.60625 0.0438237
0.60722 0.00300904
0.60819 0.0428222
0.60916 -0.0390834
0.61013 0.0403146
0.6111 0.0209117
0.61207 -0.0163841
0.61304 0.0867871
0.61401 0.0875324
0.61498 0.00311834
0.61595 0.079641
0.61692 0.0965823
0.61789 -0.0278176
0.61886 -0.0690536
0.61983 0.0346508
0.6208 0.0469069
0.62177 -0.0463893
0.62274 0.0293998
0.62371 0.140274
0.62468 -0.0522796
0.62565 -0.0155537
0.62662 -0.0287148
0.62759 -0.00395352
0.62856 0.0193791
0.62953 -0.0244594
0.6305 -0.0490456
0.63147 0.00681796
0.63244 -0.0101378
0.63341 -0.0559666
0.63438 0.050184
0.63535 0.0464033
0.63632 0.0497307
0.63729 0.0468064
0.63826 -0.0299797
0.63923 -0.0606452
0.6402 0.107784
0.64117 -0.00404487
0.64214 0.0205916
0.64311 0.0710899
0.64408 -0.0847026
0.64505 0.10628
0.64602 0.010993
0.64699 -0.0584386
0.64796 0.000730308
0.64893 -0.0708443
0.6499 -0.0183962
0.65087 0.0271262
0.65184 0.0477539
0.65281 -0.0161159
0.65378 -0.0156432
0.65475 -0.0647891
0.65572 0.0190563
0.65669 -0.0126592
0.65766 0.0343779
0.65863 -0.00622687
0.6596 0.122073
0.66057 -0.146528
0.66154 0.0167286
0.66251 0.0662905
0.66348 -0.054015
0.66445 -0.0471477
0.66542 0.0412128
0.66639 0.0162791
0.66736 0.00112484
0.66833 0.0493968
0.6693 -0.0318701
0.67027 0.101829
0.67124 -0.0313872
0.67221 -0.0461795
0.67318 -0.0223895
0.67415 -0.0880207
0.67512 0.00624302
0.67609 0.0457921
0.67706 0.037524
0.67803 0.0130612
0.679 -0.00321884
0.67997 0.0579407
0.68094 0.0459315
0.68191 -0.00540649
0.68288 0.00082064
0.68385 0.0247487
0.68482 0.054529
0.68579 0.027461
0.68676 -0.0185434
0.68773 -0.165584
0.6887 -0.0445274
0.68967 0.0284056
0.69064 0.138116
0.69161 -0.0397704
0.69258 -0.0346056
0.69355 -0.0595253
0.69452 0.046818
0.69549 0.0520528
0.69646 0.0288152
0.69743 0.0576415
0.6984 0.0232511
0.69937 0.0947281
0.70034 -0.00238091
0.70131 0.071446
0.70228 0.0917029
0.70325 -0.00792081
0.70422 0.0363168
0.70519 0.0475421
0.70616 0.0333658
0.70713 0.0358775
0.7081 -0.0350772
0.70907 0.0189883
0.71004 0.066771
0.71101 -0.0773979
0.71198 0.114628
0.71295 0.0983933
0.71392 0.0346074
0.71489 -0.0671043
0.71586 0.0474784
0.71683 -0.0310547
0.7178 0.0458076
0.71877 0.0196095
0.71974 -0.015775
0.72071 -0.0263431
0.72168 -0.0130716
0.72265 0.0169781
0.72362 0.0140591
0.72459 -0.0408532
0.72556 0.0288635
0.72653 -0.016262
0.7275 0.0729264
0.72847 0.0734817
0.72944 -0.107944
0.73041 0.0625221
0.73138 -0.0556615
0.73235 0.0232539
0.73332 -0.0166745
0.73429 0.0031497
0.73526 -0.00228544
0.73623 0.0984798
0.7372 0.0743105
0.73817 0.0224573
0.73914 0.0943389
0.74011 -0.0142036
0.74108 -0.0734533
0.74205 -0.0410579
0.74302 0.0277565
0.74399 -0.00170363
0.74496 -0.0460545
0.74593 0.116613
0.7469 0.00867078
0.74787 -0.00272697
0.74884 0.00794139
0.74981 0.0462852
0.75078 0.0459671
0.75175 0.0994387
0.75272 -0.0595681
0.75369 -0.0222868
0.75466 -0.0891523
0.75563 -0.0068606
0.7566 0.129921
0.75757 0.00325851
0.75854 0.115991
0.75951 0.0618641
0.76048 0.00111214
0.76145 -0.14246
0.76242 -0.0247874
0.76339 0.0283379
0.76436 0.0314775
0.76533 0.0276447
0.7663 -0.0430155
0.76727 0.00738366
0.76824 0.0331698
0.76921 0.0295166
0.77018 0.0605842
0.77115 0.068729
0.77212 0.109946
0.77309 0.0328101
0.77406 -0.0899356
0.77503 -0.0697785
0.776 0.0207086
0.77697 0.0439415
0.77794 0.046304
0.77891 -0.0387103
0.77988 -0.105041
0.78085 -0.0804626
0.78182 -0.106129
0.78279 -0.0357273
0.78376 0.0249855
0.78473 -0.0677003
0.7857 0.0885464
0.78667 0.0347271
0.78764 -0.0610614
0.78861 -0.0230172
0.78958 -0.0120343
0.79055 0.118003
0.79152 0.0175219
0.79249 -0.00872784
0.79346 -0.00282918
0.79443 0.0639247
0.7954 0.00233634
0.79637 0.0153237
0.79734 0.0576176
0.79831 0.0717009
0.79928 0.0803217
0.80025 0.0489827
0.80122 0.00635714
0.80219 0.0306024
0.80316 0.0176062
0.80413 -0.0680004
0.8051 0.0147502
0.80607 -0.0167464
0.80704 0.0402183
0.80801 0.0202617
0.80898 -0.0284546
0.80995 0.012889
0.81092 0.00944116
0.81189 0.00167976
0.81286 0.0891071
0.81383 0.0239038
0.8148 -0.013533
0.81577 0.0166377
0.81674 -0.0325869
0.81771 -0.0340069
0.81868 0.0540533
0.81965 0.0906183
0.82062 -0.0110715
0.82159 0.0153681
0.82256 0.0829768
0.82353 -0.0104598
0.8245 -0.0990345
0.82547 0.0729869
0.82644 0.00554544
0.82741 0.0492807
0.82838 -0.0109961
0.82935 0.130536
0.83032 -0.130863
0.83129 0.0244582
0.83226 -0.00488469
0.83323 -0.0493995
0.8342 0.104717
0.83517 -0.0442874
0.83614 -0.0572035
0.83711 -0.0574779
0.83808 0.107951
0.83905 0.0292867
0.84002 -0.0784266
0.84099 0.00946794
0.84196 0.118978
0.84293 0.0298025
0.8439 0.034898
0.84487 -0.0545912
0.84584 0.0108345
0.84681 -0.10214
0.84778 0.0143149
0.84875 0.0321399
0.84972 0.054362
0.85069 0.0349551
0.85166 0.0843714
0.85263 -0.0853456
0.8536 0.0812537
0.85457 0.0559511
0.85554 -0.0977073
0.85651 0.0469766
0.85748 -0.00625502
0.85845 0.0408469
0.85942 -0.0403194
0.86039 -0.0309048
0.86136 0.0617116
0.86233 0.0441656
0.8633 -0.065009
0.86427 -0.0517042
0.86524 -0.0469207
0.86621 0.0449367
0.86718 0.00400627
0.86815 0.0997095
0.86912 0.0422122
0.87009 -0.016417
0.87106 0.028159
0.87203 0.0606506
0.873 -0.0816397
0.87397 0.0682787
0.87494 0.0475214
0.87591 -0.0301012
0.87688 -0.0985226
0.87785 -0.0397109
0.87882 0.115441
0.87979 0.112678
0.88076 0.0671677
0.88173 -0.0317842
0.8827 0.103753
0.88367 -0.0171796
0.88464 -0.0432644
0.88561 0.0732555
0.88658 -0.0106763
0.88755 0.0470718
0.88852 0.0841263
0.88949 -0.00381772
0.89046 0.0375061
0.89143 0.148094
0.8924 0.151185
0.89337 0.074619
0.89434 -0.107087
0.89531 0.0542409
0.89628 -0.0361318
0.89725 -0.0298491
0.89822 0.0136623
0.89919 0.0786196
0.90016 0.0546056
0.90113 0.113915
0.9021 0.0607742
0.90307 -0.0501442
0.90404 0.014233
0.90501 -0.0571981
0.90598 0.0534848
0.90695 0.00534821
0.90792 0.045834
0.90889 -0.00128451
0.90986 0.00861378
0.91083 0.0290713
0.9118 0.0295027
0.91277 -0.0469751
0.91374 -0.086259
0.91471 -0.0511373
0.91568 0.052107
0.91665 0.0707183
0.91762 -0.0478326
0.91859 -0.0335782
0.91956 -0.000843035
0.92053 0.0310464
0.9215 0.0391765
0.92247 0.0272061
0.92344 0.0318596
0.92441 0.0410151
0.92538 -0.0784757
0.92635 0.0603098
0.92732 -0.0755959
0.92829 0.0183239
0.92926 0.0698949
0.93023 -0.0057144
0.9312 0.0532804
0.93217 0.0625143
0.93314 0.0460252
0.93411 0.000858351
0.93508 0.143788
0.93605 0.0276101
0.93702 0.0701074
0.93799 -0.0106118
0.93896 -0.0514553
0.93993 0.0905525
0.9409 0.0251311
0.94187 0.0571209
0.94284 0.0284146
0.94381 0.017195
0.94478 -0.0581849
0.94575 -0.0443664
0.94672 -0.0029364
0.94769 -0.00856478
0.94866 0.0179478
0.94963 0.0587761
0.9506 -0.0214234
0.95157 -0.0480364
0.95254 0.0089213
0.95351 0.120452
0.95448 -0.035412
0.95545 -0.136563
0.95642 0.00884363
0.95739 -0.0472797
0.95836 -0.0637685
0.95933 -0.0139788
0.9603 -0.0101597
0.96127 -0.0200022
0.96224 0.0709101
0.96321 0.0156345
0.96418 0.0539354
0.96515 0.0558353
0.96612 -0.0536086
0.96709 -0.0181534
0.96806 0.0201649
0.96903 0.0313665
0.97 0.0375797
0.97097 0.000874839
0.97194 -0.0218841
0.97291 0.113033
0.97388 0.124302
0.97485 0.00441474
0.97582 -0.0792078
0.97679 -0.0422238
0.97776 -0.0456658
0.97873 0.0186376
0.9797 0.064071
0.98067 0.00906934
0.98164 0.00692442
0.98261 0.0488098
0.98358 -0.0170975
0.98455 0.033749
0.98552 -0.0286556
0.98649 0.00813019
0.98746 -0.108284
0.98843 -0.0545984
0.9894 -0.170918
0.99037 -0.0389808
0.99134 -0.0380862
0.99231 -0.0451739
0.99328 0.0278698
0.99425 -0.00866348
0.99522 0.050161
0.99619 0.00755396
0.99716 0.0243323
0.99813 -0.0627115
0.9991 0.0841533
1.00007 -0.0961736
1.00104 0.0140111
1.00201 -0.129414
1.00298 0.0658746
1.00395 0.143726
1.00492 -0.0214545
1.00589 0.0727292
1.00686 0.0364547
1.00783 0.0437886
1.0088 0.0679516
1.00977 -0.0897279
1.01074 0.0678338
1.01171 -0.0551681
1.01268 0.0657038
1.01365 -0.0132254
1.01462 0.0210304
1.01559 -0.0582941
1.01656 0.0311373
1.01753 0.0776777
1.0185 -0.0534516
1.01947 0.0182672
1.02044 -0.0099787
1.02141 0.0561668
1.02238 -0.019292
1.02335 -0.0178975
1.02432 -0.00562631
1.02529 -0.00245926
1.02626 0.0686024
1.02723 -0.032169
1.0282 -0.0042757
1.02917 0.073027
1.03014 -0.0677539
1.03111 -0.0387415
1.03208 0.104932
1.03305 -0.0228048
1.03402 -0.0112455
1.03499 0.00648651
1.03596 0.0490291
1.03693 -0.141598
1.0379 0.0205666
1.03887 0.0815652
1.03984 0.00352564
1.04081 0.0286542
1.04178 -0.020426
1.04275 0.0180452
1.04372 0.0877631
1.04469 0.0562308
1.04566 -0.00378995
1.04663 -0.0347858
1.0476 -0.0300578
1.04857 -0.0376739
1.04954 0.0215186
1.05051 0.072536
1.05148 -0.00353459
1.05245 -0.0712952
1.05342 0.00694219
1.05439 0.0718056
1.05536 -0.00613672
1.05633 0.0183313
1.0573 -0.0252029
1.05827 0.0422858
1.05924 0.0453373
1.06021 0.0216201
1.06118 0.0148384
1.06215 0.0335219
1.06312 -0.00782902
1.06409 -0.0189828
1.06506 -0.00272649
1.06603 -0.0166639
1.067 -0.0136562
1.06797 0.058771
1.06894 0.022111
1.06991 0.0982895
1.07088 0.0685073
1.07185 -0.00831462
1.07282 -0.00617938
1.07379 -0.0105244
1.07476 -0.00507046
1.07573 0.000314605
1.0767 0.0066391
1.07767 -0.0582926
1.07864 -0.00958268
1.07961 0.0180893
1.08058 0.000684067
1.08155 -0.000551319
1.08252 0.0351346
1.08349 -0.0764998
1.08446 -0.0242201
1.08543 0.0138296
1.0864 -0.0700763
1.08737 0.0450094
1.08834 -0.0577732
1.08931 0.0587324
1.09028 -0.106794
1.09125 -0.0529926
1.09222 0.0305721
1.09319 0.00648457
1.09416 -0.0148119
1.09513 0.00740619
1.0961 0.103927
1.09707 0.0594415
1.09804 -0.0704072
1.09901 0.0221005
1.09998 0.0506053
1.10095 0.100663
1.10192 -0.0339199
1.10289 -0.127213
1.10386 -0.0321088
1.10483 0.0248213
1.1058 0.00806107
1.10677 -0.0508832
1.10774 0.0103839
1.10871 0.0669598
1.10968 0.0215794
1.11065 0.0633981
1.11162 -0.0620499
1.11259 -0.0247086
1.11356 0.00175042
1.11453 0.039076
1.1155 -0.0684743
1.11647 0.00998899
1.11744 0.132442
1.11841 -0.0619401
1.11938 -0.0639567
1.12035 -0.00822779
1.12132 0.0268115
1.12229 0.092859
1.12326 0.0356406
1.12423 0.0160994
1.1252 -0.0116331
1.12617 -0.0199167
1.12714 -0.104987
1.12811 0.0582346
1.12908 0.013904
1.13005 0.00101442
1.13102 -0.00123087
1.13199 -0.0598957
1.13296 -0.0449585
1.13393 -0.0376748
1.1349 0.052928
1.13587 -0.0223494
1.13684 -0.0374651
1.13781 -0.0379929
1.13878 0.043777
1.13975 0.065839
1.14072 0.01957
1.14169 0.0215638
1.14266 0.0659772
1.14363 -0.0513147
1.1446 -0.0167852
1.14557 0.00208891
1.14654 0.0272165
1.14751 -0.00161119
1.14848 -0.0249325
1.14945 0.0283771
1.15042 0.0571975
1.15139 0.0247276
1.15236 -0.0228125
1.15333 -0.110348
1.1543 0.0583501
1.15527 0.0310245
1.15624 0.0523508
1.15721 0.00612792
1.15818 -0.0791279
1.15915 0.0558679
1.16012 -0.0176988
1.16109 0.052171
1.16206 -0.0198978
1.16303 -0.0687903
1.164 -0.0204015
1.16497 0.0564382
1.16594 0.0752201
1.16691 -0.0382747
1.16788 0.0286369
1.16885 0.0414097
1.16982 0.0995599
1.17079 -0.0512207
1.17176 0.0341401
1.17273 0.00267663
1.1737 0.0784451
1.17467 -0.0338885
1.17564 0.00952033
1.17661 -0.063329
1.17758 0.0464168
1.17855 -0.027931
1.17952 -0.0301586
1.18049 -0.0012898
1.18146 0.0999758
1.18243 0.0155438
1.1834 -0.019048
1.18437 -0.0149523
1.18534 -0.0570183
1.18631 0.0011968
1.18728 -0.00286253
1.18825 0.0919453
1.18922 0.0892504
1.19019 0.0777019
1.19116 -0.0186354
1.19213 -0.0248907
1.1931 0.0195277
1.19407 -0.0879133
1.19504 0.044411
1.19601 -0.0111544
1.19698 0.0470789
1.19795 -0.0958588
1.19892 0.0595199
1.19989 -0.0232904
1.20086 -0.0661977
1.20183 0.0655314
1.2028 0.00823934
1.20377 0.053188
1.20474 0.0661316
1.20571 0.0470263
1.20668 -0.0299881
1.20765 0.0966637
1.20862 0.026595
1.20959 -0.0532694
1.21056 0.0223219
1.21153 0.00822901
1.2125 -0.0275686
1.21347 0.00128312
1.21444 0.0678532
1.21541 0.0710394
1.21638 0.0312298
1.21735 0.0391116
1.21832 0.00248539
1.21929 0.0776295
1.22026 0.00395909
1.22123 0.0107093
1.2222 0.0100389
1.22317 0.0277465
1.22414 0.0370103
1.22511 -0.0135964
1.22608 -0.0588075
1.22705 0.0381146
1.22802 0.100872
1.22899 0.0378717
1.22996 0.0344366
1.23093 0.0289614
1.2319 -0.0201392
1.23287 0.0794157
1.23384 0.0112901
1.23481 0.0929727
1.23578 0.00501167
1.23675 -0.0146875
1.23772 0.112094
1.23869 0.0108188
1.23966 -0.0104545
1.24063 -0.0693474
1.2416 -0.0248859
1.24257 0.0517237
1.24354 -0.0194043
1.24451 0.000511205
1.24548 -0.0907509
1.24645 0.0620374
1.24742 -0.0620607
1.24839 -0.00816894
1.24936 0.000486779
1.25033 -0.0863724
1.2513 -0.0129807
1.25227 0.00167029
1.25324 -0.0214775
1.25421 -0.0349144
1.25518 -0.0518532
1.25615 -0.0863362
1.25712 0.000661735
1.25809 -0.00219817
1.25906 -0.0156906
1.26003 0.00985941
1.261 -0.0505269
1.26197 -0.00148959
1.26294 -0.0509269
1.26391 0.029572
1.26488 -0.02169
1.26585 -0.00198041
1.26682 -0.0275
1.26779 -0.0126603
1.26876 -0.0591052
1.26973 0.00671731
1.2707 0.00546654
1.27167 -0.00520301
1.27264 0.0778946
1.27361 0.100028
1.27458 0.0786615
1.27555 -0.0310924
1.27652 0.00851867
1.27749 0.0431122
1.27846 0.0268479
1.27943 0.0492412
1.2804 -0.00778432
1.28137 -0.0269247
1.28234 0.0615027
1.28331 0.00160754
1.28428 -0.0471148
1.28525 -0.0767762
1.28622 -0.0204196
1.28719 -0.0347564
1.28816 -0.0643502
1.28913 -0.0220253
1.2901 -0.0178204
1.29107 0.0726972
1.29204 -0.0773091
1.29301 0.0269598
1.29398 0.0534528
1.29495 0.0728073
1.29592 -0.000674301
1.29689 0.108745
1.29786 0.0110196
1.29883 -0.139278
1.2998 0.0350018
1.30077 0.0779197
1.30174 0.106849
1.30271 0.0780912
1.30368 -0.0306831
1.30465 0.0965027
1.30562 0.109281
1.30659 0.22513
1.30756 0.253258
1.30853 0.440253
1.3095 0.443709
1.31047 0.518957
1.31144 0.489208
1.31241 0.54
1.31338 0.483721
1.31435 0.424348
1.31532 0.469865
1.31629 0.303142
1.31726 0.120493
1.31823 0.158918
1.3192 0.115368
1.32017 -0.0409953
1.32114 0.122551
1.32211 0.035853
1.32308 -0.0401034
1.32405 -0.00459722
1.32502 -0.018353
1.32599 -0.0156879
1.32696 -0.0336267
1.32793 -0.00770557
1.3289 0.0809267
1.32987 -0.0487374
1.33084 -0.0227847
1.33181 -0.0395496
1.33278 -0.0171555
1.33375 0.0902249
1.33472 -0.00318072
1.33569 0.0180915
1.33666 0.0856068
1.33763 0.0673057
1.3386 0.0147163
1.33957 0.00576945
1.34054 0.0789744
1.34151 -0.00504907
1.34248 -0.00577283
1.34345 0.0100057
1.34442 0.0458008
1.34539 -0.0650362
1.34636 -0.0133639
1.34733 0.0997598
1.3483 -0.00917044
1.34927 0.0501673
1.35024 0.136326
1.35121 0.00738366
1.35218 0.0559972
1.35315 0.0514475
1.35412 0.073929
1.35509 -0.0369741
1.35606 -0.109702
1.35703 0.0260411
1.358 0.0453047
1.35897 -0.0388507
1.35994 0.0504479
1.36091 0.0337003
1.36188 0.0612891
1.36285 0.124627
1.36382 -0.0958804
1.36479 -0.0121981
1.36576 -0.0374328
1.36673 -0.00644597
1.3677 0.0203562
1.36867 -0.0110649
1.36964 0.0551169
1.37061 0.10296
1.37158 0.0855661
1.37255 0.0146967
1.37352 0.00665792
1.37449 0.016489
1.37546 0.0245342
1.37643 0.0884898
1.3774 -0.0111339
1.37837 0.0238085
1.37934 0.00555995
1.38031 -0.0224253
1.38128 -0.0103497
1.38225 -0.106386
1.38322 0.0551908
1.38419 0.0331931
1.38516 0.0331066
1.38613 0.045588
1.3871 -0.0746684
1.38807 0.0607855
1.38904 -0.0327111
1.39001 0.154737
1.39098 0.0281893
1.39195 0.0603358
1.39292 -0.0928758
1.39389 -0.00433321
1.39486 -0.0866866
1.39583 0.0308271
1.3968 -0.0324086
1.39777 0.10007
1.39874 -0.0567239
1.39971 0.0308525
1.40068 0.00364134
1.40165 0.0727146
1.40262 -0.0142999
1.40359 0.0194098
1.40456 0.0636743
1.40553 0.00773166
1.4065 -0.029009
1.40747 0.0989759
1.40844 0.0377873
1.40941 0.0409457
1.41038 -0.0220205
1.41135 0.0283012
1.41232 0.0124024
1.41329 0.0352767
1.41426 0.00526778
1.41523 0.0169027
1.4162 0.0403269
1.41717 -0.0427995
1.41814 0.0484517
1.41911 0.0517737
1.42008 0.147759
1.42105 0.0410181
1.42202 0.0692663
1.42299 0.0244439
1.42396 0.0523577
1.42493 -0.0642506
1.4259 0.027503
1.42687 0.107428
1.42784 -0.0223756
1.42881 -0.0801072
1.42978 0.0931268
1.43075 -0.0748416
1.43172 0.0474595
1.43269 -0.00674221
1.43366 0.0379692
1.43463 -0.0323952
1.4356 -0.0901719
1.43657 0.00167718
1.43754 -0.0363724
1.43851 0.0189825
1.43948 0.00889437
1.44045 -0.0329352
1.44142 0.0222023
1.44239 -0.0298586
1.44336 -0.00135592
1.44433 0.149743
1.4453 0.0644947
1.44627 -0.102642
1.44724 -0.0166378
1.44821 -0.0589667
1.44918 0.0715564
1.45015 0.00983107
1.45112 -0.0179007
1.45209 0.0666699
1.45306 -0.0135206
1.45403 -0.0896606
1.455 -0.062672
1.45597 -0.033805
1.45694 0.0225133
1.45791 -0.00254082
1.45888 0.0266704
1.45985 0.0589182
1.46082 0.0146547
1.46179 -0.0325379
1.46276 0.00809312
1.46373 0.0391292
1.4647 -0.0673945
1.46567 -0.0293779
1.46664 0.0154268
1.46761 0.0710872
1.46858 0.0445181
1.46955 -0.00114839
1.47052 0.0425233
1.47149 -0.0739371
1.47246 -0.116683
1.47343 -0.0308977
1.4744 -0.0629709
1.47537 0.0404104
1.47634 -0.0229908
1.47731 0.0386571
1.47828 0.0265166
1.47925 0.00444594
1.48022 -0.0923408
1.48119 -0.0217907
1.48216 -0.0310141
1.48313 -0.0292042
1.4841 0.00114012
1.48507 -0.00448789
1.48604 0.022388
1.48701 -0.0261669
1.48798 -0.0279879
1.48895 -0.0169204
1.48992 0.00970389
1.49089 0.00278667
1.49186 0.0474081
1.49283 -0.0611033
1.4938 0.0368221
1.49477 0.0567655
1.49574 -0.0247894
1.49671 -0.0146006
1.49768 0.0611374
1.49865 0.0746842
1.49962 0.0383241
1.50059 -0.0301565
1.50156 0.0417293
1.50253 -0.00359652
1.5035 0.041498
1.50447 0.00367117
1.50544 -0.0036642
1.50641 -0.0808896
1.50738 0.0616362
1.50835 -0.0407637
1.50932 -0.0275265
1.51029 -0.088544
1.51126 0.081181
1.51223 0.0661319
1.5132 -0.0495542
1.51417 -0.0516474
1.51514 -0.0542346
1.51611 -0.095051
1.51708 0.0162574
1.51805 0.00612319
1.51902 -0.0339324
1.51999 -0.00498579
1.52096 0.00956332
1.52193 -0.0423821
1.5229 -0.00711713
1.52387 -0.0618229
1.52484 -0.0136182
1.52581 0.0507004
1.52678 0.0849174
1.52775 -0.00445869
1.52872 -0.00335545
1.52969 -0.00716803
1.53066 -0.0447245
1.53163 0.0256715
1.5326 0.0563912
1.53357 -0.0255287
1.53454 0.0373657
1.53551 0.0474012
1.53648 0.00466508
1.53745 -0.00598236
1.53842 0.0183012
1.53939 -0.0266167
1.54036 -0.0100576
1.54133 -0.0854512
1.5423 -0.0669
1.54327 0.0875106
1.54424 0.00206081
1.54521 -0.00735646
1.54618 0.0681698
1.54715 -0.00769488
1.54812 0.00815119
1.54909 -0.017179
1.55006 -0.0441704
1.55103 0.0777974
1.552 -0.0160192
1.55297 -0.0125207
1.55394 -0.0916811
1.55491 0.0584536
1.55588 0.0672407
1.55685 -0.0494875
1.55782 0.0570093
1.55879 -0.060603
1.55976 0.079785
1.56073 -0.053252
1.5617 0.0291093
1.56267 0.0205766
1.56364 0.00423881
1.56461 -0.0163374
1.56558 0.0906324
1.56655 0.0893088
1.56752 0.0260739
1.56849 -0.0977076
1.56946 -0.0258207
1.57043 -0.0598033
1.5714 -0.0572667
1.57237 -0.0837434
1.57334 0.0064492
1.57431 0.0326118
1.57528 -0.067802
1.57625 -0.00140191
1.57722 -0.00494953
1.57819 0.0203165
1.57916 0.0324526
1.58013 0.0988726
1.5811 0.100266
1.58207 0.0709023
1.58304 -0.00331497
1.58401 0.0601539
1.58498 0.0459638
1.58595 0.0809216
1.58692 -0.0039619
1.58789 0.0647981
1.58886 -0.0151907
1.58983 0.0875833
1.5908 0.0209479
1.59177 0.0279137
1.59274 -0.00856714
1.59371 0.0128295
1.59468 0.0845141
1.59565 -0.0559164
1.59662 0.037133
1.59759 -0.0203096
1.59856 -0.010302
1.59953 0.023981
1.6005 0.0962564
1.60147 0.0155203
1.60244 -0.0651724
1.60341 -0.0570626
1.60438 0.0296752
1.60535 0.0166243
1.60632 -0.0665107
1.60729 0.00508647
1.60826 -0.00480821
1.60923 0.0504006
1.6102 0.0996425
1.61117 -0.042672
1.61214 -0.0496194
1.61311 0.0748057
1.61408 0.043803
1.61505 -0.0523107
1.61602 0.0234312
1.61699 -0.056419
1.61796 -0.0101579
1.61893 0.0782043
1.6199 0.0744293
1.62087 -0.0566689
1.62184 0.0321854
1.62281 -0.0376757
1.62378 -0.00981761
1.62475 0.0284808
1.62572 0.0757586
1.62669 -0.0359565
1.62766 0.00648669
1.62863 -0.0167137
1.6296 0.0422535
1.63057 -0.0545622
1.63154 -0.0675435
1.63251 0.0216198
1.63348 -0.0504757
1.63445 0.0807885
1.63542 0.0445878
1.63639 -0.0276191
1.63736 0.0884186
1.63833 -0.024849
1.6393 -0.061734
1.64027 0.00617349
1.64124 -0.0241806
1.64221 0.00904517
1.64318 -0.00846849
1.64415 0.00579494
1.64512 -0.0340024
1.64609 -0.0177691
1.64706 -0.00707803
1.64803 0.0760369
1.649 -0.13993
1.64997 -0.107316
1.65094 -0.0380572
1.65191 -0.0456889
1.65288 -0.0272457
1.65385 0.00377125
1.65482 -0.0767598
1.65579 0.047227
1.65676 -0.0237289
1.65773 -0.0307636
1.6587 -0.0375692
1.65967 0.0768519
1.66064 0.0540658
1.66161 0.0231872
1.66258 -0.000560705
1.66355 0.00998678
1.66452 0.0184299
1.66549 -0.022088
1.66646 0.0452484
1.66743 0.00974637
1.6684 0.0314314
1.66937 -0.0706393
1.67034 0.0402357
1.67131 0.0481046
1.67228 -0.0446324
1.67325 0.086151
1.67422 0.0265226
1.67519 -0.0387065
1.67616 0.0286702
1.67713 0.016284
1.6781 0.0455719
1.67907 -0.013621
1.68004 -0.0252955
1.68101 0.0224016
1.68198 0.0032592
1.68295 -0.0289922
1.68392 -0.112968
1.68489 -0.022453
1.68586 -0.0690111
1.68683 0.0440454
1.6878 0.0300066
1.68877 -0.0583228
1.68974 0.0616526
1.69071 -0.105895
1.69168 -0.0422158
1.69265 -0.0808938
1.69362 -0.000852199
1.69459 0.00636073
1.69556 0.0597
1.69653 0.0104044
1.6975 -0.0120291
1.69847 -0.000662336
1.69944 -0.0744173
1.70041 -0.00956449
1.70138 -0.0133111
1.70235 -0.0354114
1.70332 0.061994
1.70429 0.0231848
1.70526 0.0758951
1.70623 -0.0111711
1.7072 0.0324254
1.70817 -0.0232192
1.70914 -0.0807056
1.71011 0.0237256
1.71108 0.0914337
1.71205 0.043949
1.71302 0.0833218
1.71399 -0.0519304
1.71496 -0.0111935
1.71593 -0.0435469
1.7169 -0.025213
1.71787 0.0299029
1.71884 0.0218296
1.71981 0.0237522
1.72078 0.0472692
1.72175 -0.0201884
1.72272 0.0200089
1.72369 0.0180254
1.72466 0.014698
1.72563 -0.0282802
1.7266 -0.118053
1.72757 -0.0756799
1.72854 -0.0507214
1.72951 0.109804
1.73048 -0.0898671
1.73145 0.00902623
1.73242 -0.0340704
1.73339 -0.00897689
1.73436 0.0634092
1.73533 0.0102757
1.7363 0.0220659
1.73727 -0.0457418
1.73824 0.0991329
1.73921 -0.052364
1.74018 0.0523807
1.74115 0.0710813
1.74212 0.0610246
1.74309 -0.0343648
1.74406 0.00408637
1.74503 0.0696194
1.746 0.0920488
1.74697 0.0893264
1.74794 0.0267509
1.74891 -0.0264761
1.74988 -0.0175257
1.75085 -0.0276718
1.75182 -0.0164366
1.75279 0.0851651
1.75376 0.0492858
1.75473 0.0171825
1.7557 0.0132353
1.75667 0.0457693
1.75764 0.0844064
1.75861 0.0488657
1.75958 -0.0227487
1.76055 -0.0100611
1.76152 0.0303624
1.76249 0.0598481
1.76346 0.026061
1.76443 -0.0719008
1.7654 -0.0303406
1.76637 0.0149695
1.76734 -0.019892
1.76831 0.0949929
1.76928 -0.0473536
1.77025 0.106692
1.77122 -0.0460506
1.77219 -0.0588294
1.77316 -0.00203447
1.77413 0.000393587
1.7751 0.0610345
1.77607 -0.0207035
1.77704 0.0470783
1.77801 0.030632
1.77898 0.0122847
1.77995 0.043569
1.78092 0.000536855
1.78189 -0.0509191
1.78286 0.0310772
1.78383 0.0298865
1.7848 -0.0396504
1.78577 0.0309195
1.78674 -0.0384596
1.78771 0.0821773
1.78868 -0.00012847
1.78965 0.0823476
1.79062 0.02449
1.79159 0.0632814
1.79256 -0.0147256
1.79353 0.0334423
1.7945 0.0270662
1.79547 0.036928
1.79644 -0.0309273
1.79741 -0.0731981
1.79838 0.0918139
1.79935 -0.0769979
1.80032 0.0456446
1.80129 -0.0101149
1.80226 -0.0191712
1.80323 0.0635998
1.8042 0.0668063
1.80517 0.0754253
1.80614 -0.01829
1.80711 0.0365609
1.80808 0.0530147
1.80905 0.00726164
1.81002 -0.0946749
1.81099 0.0766152
1.81196 -0.0343983
1.81293 -0.0168577
1.8139 -0.025011
1.81487 -0.0274355
1.81584 0.112649
1.81681 0.00283291
1.81778 0.01691
1.81875 0.0987126
1.81972 -0.0318051
1.82069 0.0309267
1.82166 -0.0307959
1.82263 0.0569345
1.8236 -0.0167249
1.82457 0.0458884
1.82554 -0.0320559
1.82651 0.0986967
1.82748 0.0883582
1.82845 0.0651398
1.82942 0.000352585
1.83039 0.0113474
1.83136 0.0544069
1.83233 0.00720884
1.8333 0.0297108
1.83427 0.0300557
1.83524 0.0531383
1.83621 -0.0378917
1.83718 0.0556034
1.83815 -0.00138378
1.83912 -0.00457089
1.84009 0.147696
1.84106 0.0118161
1.84203 -0.0575255
1.843 -0.0468225
1.84397 -0.0556767
1.84494 0.103442
1.84591 0.00482757
1.84688 0.0254157
1.84785 0.0787566
1.84882 0.00797467
1.84979 -0.0411707
1.85076 0.0113485
1.85173 0.0693417
1.8527 0.0471017
1.85367 0.0586914
1.85464 0.0224916
1.85561 0.0161037
1.85658 -0.00270105
1.85755 -0.118608
1.85852 -0.00333526
1.85949 -0.0186397
1.86046 0.132018
1.86143 0.0235323
1.8624 0.0216663
1.86337 -0.0202026
1.86434 0.0119671
1.86531 -0.00248785
1.86628 0.0767265
1.86725 0.0854724
1.86822 -0.00495731
1.86919 -0.0308833
1.87016 0.0354281
1.87113 0.00213412
1.8721 -0.0377176
1.87307 -0.0336667
1.87404 0.055096
1.87501 0.00920895
1.87598 -0.00913179
1.87695 0.0385183
1.87792 0.0569495
1.87889 0.0220461
1.87986 -0.0527248
1.88083 -0.0420395
1.8818 -0.019405
1.88277 -0.0243468
1.88374 -0.0607487
1.88471 -0.0734916
1.88568 0.0789104
1.88665 0.0718125
1.88762 -0.072994
1.88859 0.0573163
1.88956 0.0405121
1.89053 0.0590891
1.8915 -0.014546
1.89247 -0.00693809
1.89344 0.0120808
1.89441 0.0946019
1.89538 -0.0154032
1.89635 -0.0142971
1.89732 -0.0464596
1.89829 0.0137397
1.89926 -0.0659467
1.90023 0.0338885
1.9012 -0.0295853
1.90217 -0.0243444
1.90314 -0.0449798
1.90411 -0.03909
1.90508 0.0883355
1.90605 0.0871001
1.90702 0.100723
1.90799 0.0749963
1.90896 -0.0757359
1.90993 0.0126646
1.9109 -0.0963821
1.91187 0.0373547
1.91284 -0.0244438
1.91381 -0.0919985
1.91478 -0.0155976
1.91575 0.0267303
1.91672 0.00478018
1.91769 0.0322007
1.91866 -0.0174594
1.91963 0.00149972
1.9206 -0.00346326
1.92157 0.1069
1.92254 0.0991084
1.92351 -0.0312172
1.92448 0.0350595
1.92545 0.0367545
1.92642 0.0806972
1.92739 -0.0774491
1.92836 0.0356456
1.92933 -0.0269307
1.9303 0.0992804
1.93127 0.0129773
1.93224 -0.00313168
1.93321 0.0629858
1.93418 0.048212
1.93515 -0.060212
1.93612 0.0549428
1.93709 -0.0413882
1.93806 0.11459
1.93903 -0.0410716
1.94 -0.00201197
1.94097 -0.00735452
1.94194 0.015575
1.94291 0.0475152
1.94388 -0.0875396
1.94485 -0.0190169
1.94582 0.0906061
1.94679 -0.0505628
1.94776 0.011402
1.94873 0.0312432
1.9497 0.0797882
1.95067 0.0638362
1.95164 -0.0257853
1.95261 0.0809031
1.95358 -0.0413188
1.95455 0.019391
1.95552 0.00242724
1.95649 0.0161677
1.95746 -0.0606724
1.95843 -0.0171072
1.9594 0.0274362
1.96037 -0.112012
1.96134 -0.0278631
1.96231 -0.0155037
1.96328 -0.0537152
1.96425 -0.025894
1.96522 0.13648
1.96619 -0.107869
1.96716 -0.0538666
1.96813 -0.0501227
1.9691 0.00280497
1.97007 0.0223556
1.97104 0.0940011
1.97201 0.0455057
1.97298 0.000541092
1.97395 0.0604085
1.97492 -0.0404107
1.97589 -0.0342245
1.97686 -0.0713362
1.97783 -0.0106305
1.9788 0.0340219
1.97977 -0.0032917
1.98074 0.045731
1.98171 -0.0783943
1.98268 0.0443194
1.98365 -0.0368032
1.98462 -0.0586059
1.98559 0.0741498
