0 -0.047501
0.00097 -0.0153118
0.00194 0.0354138
0.00291 0.0903096
0.00388 -0.0565577
0.00485 0.0794019
0.00582 0.0164166
0.00679 -0.00119024
0.00776 0.241737
0.00873 0.0415797
0.0097 0.0401083
0.01067 -0.0514216
0.01164 0.0410572
0.01261 0.0686974
0.01358 -0.0226155
0.01455 0.0863153
0.01552 0.0283662
0.01649 -0.0022558
0.01746 -0.0465845
0.01843 -0.0307713
0.0194 -0.0995163
0.02037 0.0135591
0.02134 0.057841
0.02231 0.00886669
0.02328 0.0165325
0.02425 -0.00761814
0.02522 0.0552708
0.02619 -0.0396403
0.02716 -0.0270425
0.02813 0.0089683
0.0291 -0.0547773
0.03007 -0.0446451
0.03104 0.0640442
0.03201 -0.0179113
0.03298 -0.103876
0.03395 -0.0454622
0.03492 -0.0731818
0.03589 -0.0298607
0.03686 -0.0177087
0.03783 0.0202401
0.0388 0.0247367
0.03977 -0.0518154
0.04074 -0.0253356
0.04171 0.00293614
0.04268 0.0578348
0.04365 -0.0497461
0.04462 0.000376553
0.04559 0.0993258
0.04656 0.0914391
0.04753 -0.0136817
0.0485 0.0601356
0.04947 0.012378
0.05044 0.100753
0.05141 -0.0819665
0.05238 0.0246978
0.05335 0.0646003
0.05432 0.0265128
0.05529 0.00012991
0.05626 0.00393835
0.05723 -0.0160757
0.0582 -0.0279601
0.05917 0.0764306
0.06014 0.0524855
0.06111 -0.0479163
0.06208 -0.0700201
0.06305 0.029719
0.06402 -0.0142459
0.06499 0.0128054
0.06596 -0.059479
0.06693 0.00608367
0.0679 0.0662631
0.06887 0.0619374
0.06984 0.102806
0.07081 0.0420904
0.07178 0.117725
0.07275 0.00786812
0.07372 0.141141
0.07469 0.0829616
0.07566 0.0726224
0.07663 -0.0419709
0.0776 -0.0776716
0.07857 0.00674108
0.07954 0.0338721
0.08051 0.0460805
0.08148 0.0127676
0.08245 0.089435
0.08342 -0.0690431
0.08439 0.0159239
0.08536 0.0576733
0.08633 0.0575195
0.0873 0.101319
0.08827 -0.00365056
0.08924 0.0385625
0.09021 0.0354486
0.09118 0.106382
0.09215 -0.00440084
0.09312 -0.122296
0.09409 -0.0150006
0.09506 -0.0640676
0.09603 0.0198457
0.097 -0.0946793
0.09797 0.00162355
0.09894 -0.0412386
0.09991 -0.00986806
0.10088 0.0944321
0.10185 0.0269571
0.10282 0.0123158
0.10379 0.0227726
0.10476 -0.0207247
0.10573 0.00713919
0.1067 -0.0751608
0.10767 -0.00849572
0.10864 -0.125722
0.10961 -0.0261399
0.11058 0.0790769
0.11155 -0.00386122
0.11252 0.0163271
0.11349 -0.0717246
0.11446 -0.00696612
0.11543 0.0443224
0.1164 0.0176954
0.11737 -0.0399597
0.11834 -0.0829538
0.11931 -0.0681685
0.12028 -0.00106116
0.12125 -0.00774935
0.12222 0.0801684
0.12319 0.0997425
0.12416 0.0497492
0.12513 0.00912059
0.1261 0.0616582
0.12707 -0.0115405
0.12804 -0.0464823
0.12901 -0.0216701
0.12998 0.023498
0.13095 0.00437971
0.13192 -0.0491016
0.13289 -0.0837382
0.13386 -0.0134623
0.13483 -0.0399027
0.1358 0.0556186
0.13677 0.0894202
0.13774 0.0223109
0.13871 0.0037076
0.13968 -0.0437552
0.14065 -0.0207163
0.14162 -0.019945
0.14259 0.0434089
0.14356 0.0428285
0.14453 0.165531
0.1455 0.024664
0.14647 -0.0289105
0.14744 -0.0854547
0.14841 -0.0467542
0.14938 -0.0320318
0.15035 -0.0433261
0.15132 -0.0190246
0.15229 -0.0649397
0.15326 -0.0632838
0.15423 -0.0272339
0.1552 0.0144491
0.15617 -0.0271191
0.15714 0.0685301
0.15811 0.129728
0.15908 0.101656
0.16005 0.0274781
0.16102 -0.0792806
0.16199 0.00981504
0.16296 -0.0314988
0.16393 -0.0789564
0.1649 -0.10017
0.16587 0.0104199
0.16684 0.0262887
0.16781 -0.0768352
0.16878 -0.00192718
0.16975 0.054264
0.17072 -0.00736437
0.17169 0.129313
0.17266 -0.0364291
0.17363 0.0572481
0.1746 0.035377
0.17557 -0.0250653
0.17654 -0.0348622
0.17751 -0.0304046
0.17848 0.00472686
0.17945 0.0413819
0.18042 -0.0855037
0.18139 -0.0516485
0.18236 -0.0208302
0.18333 -0.084357
0.1843 -0.0226601
0.18527 -0.0542471
0.18624 0.0146358
0.18721 0.0490115
0.18818 -0.0195074
0.18915 -0.0123548
0.19012 -0.0730227
0.19109 0.0481336
0.19206 -0.0677838
0.19303 0.119823
0.194 0.0436446
0.19497 0.0967083
0.19594 -0.0209789
0.19691 0.0687918
0.19788 0.0160152
0.19885 0.0176908
0.19982 -0.00903881
0.20079 0.0690616
0.20176 -0.00556446
0.20273 -0.00978775
0.2037 0.00661844
0.20467 0.00878934
0.20564 0.0609733
0.20661 0.0622269
0.20758 0.0184646
0.20855 0.0364729
0.20952 -0.0661422
0.21049 0.100892
0.21146 0.0385816
0.21243 0.00215578
0.2134 0.0680359
0.21437 0.0124705
0.21534 -0.0967013
0.21631 -0.0134132
0.21728 -0.00127768
0.21825 0.0230998
0.21922 -0.028347
0.22019 -0.0477634
0.22116 0.0459565
0.22213 -0.108386
0.2231 -0.00802578
0.22407 -0.00488341
0.22504 0.0693717
0.22601 0.0624801
0.22698 0.0260277
0.22795 0.107676
0.22892 -0.0136663
0.22989 -0.0963134
0.23086 0.0140051
0.23183 0.0531275
0.2328 0.0917392
0.23377 0.0590764
0.23474 -0.0689527
0.23571 -0.00288928
0.23668 -0.0906998
0.23765 -0.00328177
0.23862 0.0800712
0.23959 0.0183714
0.24056 -0.00571481
0.24153 -0.0437067
0.2425 0.0479677
0.24347 0.0107327
0.24444 -0.0039914
0.24541 0.00208808
0.24638 -0.0336037
0.24735 -0.013519
0.24832 -0.0117257
0.24929 -0.0415672
0.25026 -0.0555539
0.25123 -0.0359101
0.2522 0.0469956
0.25317 -0.0535175
0.25414 -0.0301533
0.25511 -0.00893075
0.25608 -0.0423791
0.25705 -0.0362089
0.25802 -0.0597918
0.25899 0.0143193
0.25996 -0.00528004
0.26093 0.104304
0.2619 0.0336966
0.26287 0.0681561
0.26384 -0.0167205
0.26481 0.0481087
0.26578 0.0907884
0.26675 0.0172111
0.26772 -0.0126243
0.26869 0.0517741
0.26966 0.00624838
0.27063 -0.00154135
0.2716 0.0157419
0.27257 -0.0114345
0.27354 0.00932932
0.27451 -0.0204683
0.27548 0.0688604
0.27645 0.0233523
0.27742 -0.0374981
0.27839 -0.0121903
0.27936 0.0366427
0.28033 -0.0439813
0.2813 0.0342242
0.28227 0.00982289
0.28324 -0.0391677
0.28421 -0.098152
0.28518 -0.0136572
0.28615 0.0162405
0.28712 -0.0785436
0.28809 0.0204778
0.28906 0.0801179
0.29003 0.0898175
0.291 -0.0561047
0.29197 0.0356164
0.29294 -0.0451016
0.29391 -0.0329536
0.29488 0.0436453
0.29585 -0.0110725
0.29682 0.000295326
0.29779 -0.0932489
0.29876 -0.00556577
0.29973 -0.0458984
0.3007 0.0129286
0.30167 0.0352478
0.30264 0.00923728
0.30361 -0.0110659
0.30458 -0.0996702
0.30555 0.0405015
0.30652 0.0581703
0.30749 0.103797
0.30846 -0.0666968
0.30943 0.039196
0.3104 -0.0929582
0.31137 -0.000164419
0.31234 -0.0235861
0.31331 0.014352
0.31428 0.0517075
0.31525 -0.0544608
0.31622 -0.0188697
0.31719 -0.022729
0.31816 -0.152694
0.31913 -0.0186449
0.3201 -0.042163
0.32107 -0.0702232
0.32204 0.0203865
0.32301 0.0399961
0.32398 0.0484081
0.32495 0.0228558
0.32592 0.0202448
0.32689 0.0638066
0.32786 0.0670817
0.32883 0.0739656
0.3298 0.000122549
0.33077 0.0499655
0.33174 0.0310943
0.33271 0.0560209
0.33368 0.00318551
0.33465 0.0342624
0.33562 0.0597469
0.33659 -0.0364471
0.33756 -0.0250691
0.33853 0.029246
0.3395 0.0683349
0.34047 0.0519838
0.34144 0.0606188
0.34241 0.087556
0.34338 0.00783547
0.34435 0.0790995
0.34532 -0.045601
0.34629 0.048032
0.34726 0.102173
0.34823 0.00133603
0.3492 -0.0352566
0.35017 -0.042954
0.35114 0.0255778
0.35211 -0.0162276
0.35308 0.00673998
0.35405 0.0255876
0.35502 0.10676
0.35599 -0.0488338
0.35696 -0.00502333
0.35793 -0.0135456
0.3589 -0.0776601
0.35987 0.0696918
0.36084 -0.0583477
0.36181 -0.0852619
0.36278 0.0397327
0.36375 -0.0092358
0.36472 -0.0203418
0.36569 0.0544075
0.36666 0.0624657
0.36763 -0.0800378
0.3686 -0.0934106
0.36957 -0.0608192
0.37054 -0.039062
0.37151 -0.108285
0.37248 0.0275849
0.37345 -0.0040974
0.37442 0.0189211
0.37539 -0.0293718
0.37636 0.0144539
0.37733 -0.071408
0.3783 0.00646765
0.37927 0.090598
0.38024 -0.0337638
0.38121 -0.000720337
0.38218 0.00485785
0.38315 0.0096315
0.38412 -0.00635284
0.38509 -0.00304034
0.38606 -0.00651993
0.38703 -0.0355733
0.388 0.0955648
0.38897 -0.0761359
0.38994 -0.0231674
0.39091 -0.023623
0.39188 -0.0490569
0.39285 0.00820046
0.39382 -0.0849121
0.39479 -0.0269627
0.39576 -0.0484076
0.39673 0.0115191
0.3977 -0.026078
0.39867 0.0308416
0.39964 -0.0379338
0.40061 -0.0192076
0.40158 -0.0741646
0.40255 0.0185918
0.40352 0.0271568
0.40449 -0.0578475
0.40546 -0.0279095
0.40643 0.125696
0.4074 0.0963336
0.40837 -0.0116847
0.40934 0.00803845
0.41031 0.00868128
0.41128 -0.0715291
0.41225 0.0183084
0.41322 -0.0319883
0.41419 -0.0248285
0.41516 0.050754
0.41613 0.0816913
0.4171 -0.034395
0.41807 -0.0535966
0.41904 -0.0360157
0.42001 0.0851352
0.42098 0.116335
0.42195 -0.0593472
0.42292 -0.0310452
0.42389 0.0108578
0.42486 -0.0454208
0.42583 -0.0755634
0.4268 0.0289607
0.42777 0.0142534
0.42874 -0.004807
0.42971 0.00141142
0.43068 0.0544909
0.43165 -0.0164547
0.43262 0.0391834
0.43359 -0.0334741
0.43456 -0.0572201
0.43553 -0.0644439
0.4365 -0.0617014
0.43747 0.027108
0.43844 -0.0617617
0.43941 0.0322165
0.44038 -0.00506203
0.44135 0.0464792
0.44232 0.0293193
0.44329 -0.0599723
0.44426 -0.0286694
0.44523 0.0190601
0.4462 -0.146673
0.44717 -0.0269947
0.44814 -0.0107679
0.44911 0.0514022
0.45008 -0.0477534
0.45105 0.0881857
0.45202 -0.0424884
0.45299 0.0176994
0.45396 -0.044938
0.45493 -0.00428687
0.4559 0.0142261
0.45687 0.057549
0.45784 -0.00414996
0.45881 0.0422064
0.45978 0.0495128
0.46075 0.0456834
0.46172 0.0105615
0.46269 -0.00322023
0.46366 0.0279697
0.46463 0.0102158
0.4656 -0.0107755
0.46657 -0.00261322
0.46754 -0.00132407
0.46851 -0.0011926
0.46948 0.0323426
0.47045 0.0044246
0.47142 -0.0397017
0.47239 -0.00785071
0.47336 0.00857548
0.47433 0.036972
0.4753 0.0880279
0.47627 -0.0239675
0.47724 -0.0138011
0.47821 0.0703722
0.47918 0.0460917
0.48015 0.0456782
0.48112 0.0848274
0.48209 -0.0673037
0.48306 0.0419491
0.48403 0.0499569
0.485 0.0277538
0.48597 0.045215
0.48694 -0.0362077
0.48791 -0.015592
0.48888 -0.0163192
0.48985 0.0436738
0.49082 -0.0109733
0.49179 0.0750161
0.49276 -0.00825185
0.49373 -0.0350179
0.4947 0.0479236
0.49567 -0.126921
0.49664 -0.097237
0.49761 0.0220484
0.49858 -0.0240882
0.49955 0.0284312
0.50052 -0.089484
0.50149 -0.00729091
0.50246 0.0970372
0.50343 -0.00353802
0.5044 -0.0348445
0.50537 0.103363
0.50634 0.0927032
0.50731 0.0412927
0.50828 0.0498056
0.50925 0.0825325
0.51022 0.0230549
0.51119 -0.048987
0.51216 0.0194694
0.51313 -0.0004146
0.5141 0.00461462
0.51507 0.0629581
0.51604 0.00256337
0.51701 0.0144076
0.51798 0.0884959
0.51895 -0.0298981
0.51992 0.0417864
0.52089 0.0530112
0.52186 -0.0354261
0.52283 -0.0111718
0.5238 0.0532652
0.52477 0.00557448
0.52574 0.0189275
0.52671 0.0843174
0.52768 -0.0290378
0.52865 0.0313927
0.52962 0.00383524
0.53059 -0.0356631
0.53156 0.0264442
0.53253 -0.0397661
0.5335 -0.015314
0.53447 -0.0277377
0.53544 -0.069209
0.53641 -0.0485822
0.53738 0.096493
0.53835 0.043518
0.53932 -0.0283771
0.54029 -0.102741
0.54126 0.0675417
0.54223 0.163196
0.5432 -0.0542224
0.54417 -0.0430004
0.54514 -0.00960709
0.54611 -0.078413
0.54708 0.0734066
0.54805 0.0304174
0.54902 -0.0236333
0.54999 -0.0282471
0.55096 0.053731
0.55193 -0.0313902
0.5529 -0.0437826
0.55387 0.0107625
0.55484 -0.0289452
0.55581 0.0252522
0.55678 0.0721488
0.55775 1.14
0.55872 1.08398
0.55969 0.426539
0.56066 0.197159
0.56163 0.151988
0.5626 0.12023
0.56357 0.0134647
0.56454 0.0225051
0.56551 -0.0373344
0.56648 -0.0177968
0.56745 -0.120295
0.56842 0.0931821
0.56939 0.00946148
0.57036 0.0785545
0.57133 -0.0517704
0.5723 -0.0324308
0.57327 0.00499935
0.57424 0.00954855
0.57521 -0.00167481
0.57618 0.0152756
0.57715 -0.0377767
0.57812 -0.122618
0.57909 -0.0607556
0.58006 0.0112983
0.58103 -0.0976902
0.582 0.0191042
0.58297 -0.01464
0.58394 0.0461694
0.58491 -0.0580412
0.58588 -0.00596627
0.58685 -0.0598838
0.58782 0.0438226
0.58879 0.033362
0.58976 0.000333796
0.59073 -0.0365286
0.5917 0.0250917
0.59267 -0.0242157
0.59364 0.0731945
0.59461 0.00637692
0.59558 0.0534251
0.59655 -0.0593529
0.59752 0.0685643
0.59849 0.0638399
0.59946 0.108386
0.60043 -0.0396252
0.6014 -0.0068811
0.60237 0.0695503
0.60334 -0.0376513
0.60431 -0.0442317
0.60528 -0.00127669
0.60625 -0.0604874
0.60722 0.07011
0.60819 0.0470803
0.60916 0.00369295
0.61013 0.0701756
0.6111 0.0516262
0.61207 0.00091555
0.61304 0.0139712
0.61401 -0.0311091
0.61498 0.0100277
0.61595 0.00410272
0.61692 -0.0115407
0.61789 -0.036854
0.61886 -0.0480236
0.61983 -0.0463957
0.6208 0.0478977
0.62177 0.0534445
0.62274 0.083016
0.62371 0.0130343
0.62468 -0.0604699
0.62565 0.0144121
0.62662 -0.043604
0.62759 -0.0763943
0.62856 -0.161595
0.62953 0.0158073
0.6305 0.0202871
0.63147 0.0449607
0.63244 0.046585
0.63341 0.0243951
0.63438 -0.0357788
0.63535 0.0615974
0.63632 -0.0251213
0.63729 -0.0348896
0.63826 -0.0555178
0.63923 -0.0530678
0.6402 -0.0614308
0.64117 -0.00727855
0.64214 0.00534365
0.64311 -0.0636135
0.64408 -0.0690446
0.64505 0.0246088
0.64602 0.122904
0.64699 0.0370686
0.64796 -0.0277506
0.64893 0.0693567
0.6499 0.0632697
0.65087 0.0954855
0.65184 0.0622398
0.65281 0.00977695
0.65378 0.0313555
0.65475 -0.0200235
0.65572 0.0142579
0.65669 -0.152606
0.65766 0.047862
0.65863 -0.0359619
0.6596 -0.00436487
0.66057 0.0357229
0.66154 0.120766
0.66251 0.0141371
0.66348 0.0910302
0.66445 0.0132431
0.66542 0.0513466
0.66639 -0.00399823
0.66736 0.0426479
0.66833 -0.0565673
0.6693 0.00481137
0.67027 0.0488693
0.67124 0.0606376
0.67221 0.0317763
0.67318 0.0147729
0.67415 -0.0305996
0.67512 -0.00666726
0.67609 -0.099528
0.67706 0.0706049
0.67803 0.0195738
0.679 0.0811705
0.67997 0.0417083
0.68094 0.0827828
0.68191 -0.0323424
0.68288 -0.0225469
0.68385 0.00601197
0.68482 -0.0879478
0.68579 0.0115402
0.68676 0.0181026
0.68773 0.00721478
0.6887 -0.0338426
0.68967 -0.00860922
0.69064 0.0495166
0.69161 0.118138
0.69258 -0.0103006
0.69355 0.00894653
0.69452 -0.0293925
0.69549 -0.0205544
0.69646 0.0164782
0.69743 0.0215164
0.6984 -0.0335101
0.69937 -0.0064449
0.70034 -0.067426
0.70131 0.0171953
0.70228 0.0453923
0.70325 0.022609
0.70422 0.092257
0.70519 0.0321055
0.70616 0.110972
0.70713 0.0346761
0.7081 -0.00626994
0.70907 -0.018735
0.71004 -0.036478
0.71101 0.0109906
0.71198 0.0302448
0.71295 0.0946008
0.71392 -0.023206
0.71489 0.12243
0.71586 0.0483822
0.71683 -0.057832
0.7178 0.0672129
0.71877 0.0326044
0.71974 -0.108912
0.72071 0.0326608
0.72168 0.0401364
0.72265 0.063844
0.72362 -0.0181935
0.72459 -0.00803348
0.72556 -0.00411477
0.72653 -0.0161435
0.7275 -0.0426209
0.72847 -0.014731
0.72944 -0.00478283
0.73041 0.0695055
0.73138 0.0380459
0.73235 0.00711256
0.73332 0.0419043
0.73429 0.0572671
0.73526 0.051619
0.73623 -0.0237776
0.7372 -0.0162556
0.73817 -0.0260685
0.73914 0.0853692
0.74011 0.0586783
0.74108 0.00201641
0.74205 0.0825566
0.74302 0.0948379
0.74399 0.0490803
0.74496 -0.0457884
0.74593 0.0415159
0.7469 -0.0531127
0.74787 0.0459318
0.74884 0.0437272
0.74981 -0.020076
0.75078 0.0233396
0.75175 -0.0193558
0.75272 0.0964891
0.75369 -0.0650421
0.75466 0.0211615
0.75563 -0.00247939
0.7566 0.00293595
0.75757 0.0497319
0.75854 0.0301026
0.75951 0.113122
0.76048 0.0154963
0.76145 -0.0714647
0.76242 -0.0102752
0.76339 0.00856452
0.76436 0.0130159
0.76533 -0.0645577
0.7663 0.0273065
0.76727 0.115765
0.76824 0.0268799
0.76921 0.0342143
0.77018 -0.0388285
0.77115 0.0479895
0.77212 0.0385008
0.77309 0.0530884
0.77406 -0.0122616
0.77503 0.0361342
0.776 0.0439517
0.77697 -0.0359225
0.77794 0.0252954
0.77891 0.104576
0.77988 0.177769
0.78085 0.0247174
0.78182 -0.138849
0.78279 -0.0515783
0.78376 0.0239432
0.78473 -0.0458316
0.7857 -0.0641686
0.78667 0.0965093
0.78764 0.0596454
0.78861 -0.0744707
0.78958 0.0246357
0.79055 -0.0611403
0.79152 -0.0910395
0.79249 0.0258497
0.79346 -0.0536285
0.79443 -0.00504833
0.7954 0.0504781
0.79637 0.0277534
0.79734 -0.0599735
0.79831 0.00783928
0.79928 0.0214802
0.80025 0.0677544
0.80122 0.0184936
0.80219 0.0381888
0.80316 0.0587695
0.80413 -0.0327765
0.8051 -0.0727798
0.80607 -0.0251556
0.80704 -0.0890758
0.80801 -0.0851212
0.80898 -0.0283876
0.80995 -0.0557013
0.81092 -0.0359898
0.81189 -0.150473
0.81286 -0.0615968
0.81383 -0.0442229
0.8148 -0.0887182
0.81577 0.0478889
0.81674 0.0484045
0.81771 0.0320715
0.81868 -0.0325011
0.81965 0.0796017
0.82062 0.0735084
0.82159 0.0681313
0.82256 0.00888714
0.82353 -0.0730099
0.8245 0.0488505
0.82547 0.0111901
0.82644 -0.0110508
0.82741 -0.0543813
0.82838 0.0538139
0.82935 -0.00330107
0.83032 -0.000332901
0.83129 0.0997324
0.83226 -0.0326571
0.83323 0.0299078
0.8342 0.0093678
0.83517 0.084378
0.83614 -0.0413095
0.83711 0.0231568
0.83808 0.0163241
0.83905 0.101112
0.84002 -0.0434764
0.84099 -0.0535773
0.84196 0.0164031
0.84293 0.107356
0.8439 -0.057886
0.84487 -0.0444043
0.84584 0.000667139
0.84681 -0.105613
0.84778 -0.033219
0.84875 -0.0408253
0.84972 -0.013579
0.85069 -0.0132561
0.85166 -0.00540632
0.85263 -0.0296308
0.8536 0.0620637
0.85457 0.0605355
0.85554 0.0378006
0.85651 0.0363749
0.85748 -0.0548105
0.85845 -0.0349284
0.85942 0.0296469
0.86039 -0.0332713
0.86136 -0.0272869
0.86233 -0.00924389
0.8633 0.104318
0.86427 0.0513818
0.86524 0.0522258
0.86621 -0.0315143
0.86718 0.0247897
0.86815 0.0180042
0.86912 0.01764
0.87009 0.0239299
0.87106 0.0739491
0.87203 0.0160526
0.873 0.0538562
0.87397 0.0799165
0.87494 0.0368158
0.87591 0.00771175
0.87688 0.0108551
0.87785 -0.0365702
0.87882 0.0347541
0.87979 0.0445023
0.88076 -0.0575412
0.88173 0.0964759
0.8827 0.00250696
0.88367 0.00629536
0.88464 -0.00447987
0.88561 0.00432269
0.88658 0.0713155
0.88755 0.0727793
0.88852 0.038376
0.88949 -0.112916
0.89046 -0.0321141
0.89143 0.0402962
0.8924 0.00464935
0.89337 -0.0560545
0.89434 0.0287639
0.89531 0.0178411
0.89628 -0.0718202
0.89725 -0.0367552
0.89822 -0.0437328
0.89919 0.00558208
0.90016 0.0656828
0.90113 -0.0309581
0.9021 -0.0110762
0.90307 -0.0310458
0.90404 -0.0977866
0.90501 0.0307431
0.90598 0.0631938
0.90695 0.0234869
0.90792 0.00883941
0.90889 -0.0379665
0.90986 -0.0865182
0.91083 0.0845296
0.9118 0.017282
0.91277 -0.0577367
0.91374 -0.0372776
0.91471 -0.0161367
0.91568 0.0582403
0.91665 -0.0616289
0.91762 0.0346797
0.91859 -0.0147493
0.91956 0.011436
0.92053 -0.0512073
0.9215 0.0254397
0.92247 -0.0470529
0.92344 -0.00683214
0.92441 0.0436957
0.92538 -0.011082
0.92635 -0.0215057
0.92732 -0.00461112
0.92829 0.0378962
0.92926 0.081888
0.93023 0.134805
0.9312 -0.0350251
0.93217 -0.00584695
0.93314 0.0100088
0.93411 -0.000857983
0.93508 0.0358963
0.93605 -0.0020057
0.93702 -0.00324408
0.93799 0.00109557
0.93896 -0.0215875
0.93993 -0.0591701
0.9409 0.0431678
0.94187 0.0148384
0.94284 0.0341549
0.94381 0.014446
0.94478 0.0360396
0.94575 -0.0608448
0.94672 -0.0741191
0.94769 0.0149229
0.94866 0.0650398
0.94963 -0.0246714
0.9506 -0.0488906
0.95157 -0.0903267
0.95254 -0.0413895
0.95351 0.0801249
0.95448 0.0695633
0.95545 0.0195237
0.95642 -0.0449101
0.95739 -0.0165269
0.95836 -0.022585
0.95933 0.00762158
0.9603 0.0737385
0.96127 -0.0337753
0.96224 -0.0135784
0.96321 0.103027
0.96418 0.032238
0.96515 0.0217417
0.96612 0.0838113
0.96709 0.08281
0.96806 -0.0314142
0.96903 0.0315472
0.97 0.0804382
0.97097 -0.029781
0.97194 0.0191158
0.97291 0.0443507
0.97388 0.015257
0.97485 -0.012202
0.97582 0.0363424
0.97679 0.0425582
0.97776 -0.00596752
0.97873 -0.0267029
0.9797 -0.0466618
0.98067 0.113462
0.98164 -0.0317168
0.98261 -0.0187174
0.98358 0.0147777
0.98455 0.0359063
0.98552 0.0255176
0.98649 0.0863207
0.98746 -0.105052
0.98843 -0.0538727
0.9894 0.00351495
0.99037 -0.00494407
0.99134 -0.0378744
0.99231 -0.0534234
0.99328 0.0140513
0.99425 -0.0296503
0.99522 0.040068
0.99619 -0.0859297
0.99716 -0.0364026
0.99813 0.0416713
0.9991 0.0732912
1.00007 0.0264181
1.00104 0.109655
1.00201 -0.0936205
1.00298 -0.00601001
1.00395 -0.0268993
1.00492 0.0367726
1.00589 -0.0443106
1.00686 0.00146786
1.00783 0.0491661
1.0088 -0.00174191
1.00977 0.0262083
1.01074 -0.0413849
1.01171 0.0243731
1.01268 -0.0451434
1.01365 0.0230177
1.01462 0.0964378
1.01559 0.038746
1.01656 -0.00792231
1.01753 0.12406
1.0185 -0.0258259
1.01947 0.106434
1.02044 -0.0512626
1.02141 0.00160478
1.02238 0.0186438
1.02335 -0.00454152
1.02432 0.0479287
1.02529 -0.00194559
1.02626 -0.0896931
1.02723 -0.0336712
1.0282 0.0666503
1.02917 -0.0243582
1.03014 0.160454
1.03111 -0.0243851
1.03208 0.0842148
1.03305 0.0513569
1.03402 -0.0112414
1.03499 0.0214934
1.03596 0.0621393
1.03693 0.00594434
1.0379 -0.0070013
1.03887 -0.0389131
1.03984 0.0823047
1.04081 -0.057597
1.04178 0.0305066
1.04275 -0.0493126
1.04372 0.031126
1.04469 0.0805695
1.04566 0.00944197
1.04663 -0.0638683
1.0476 0.0150257
1.04857 0.00647016
1.04954 -0.0170427
1.05051 -0.0592475
1.05148 0.0150608
1.05245 0.101388
1.05342 0.101415
1.05439 0.033058
1.05536 -0.0763012
1.05633 0.0134829
1.0573 0.0640839
1.05827 -0.00164263
1.05924 -0.0306026
1.06021 0.0684686
1.06118 -0.0471477
1.06215 -0.0566935
1.06312 0.00683388
1.06409 -0.0115817
1.06506 0.00527862
1.06603 -0.0348975
1.067 0.0458532
1.06797 0.0623132
1.06894 0.148584
1.06991 0.0400244
1.07088 0.0143499
1.07185 -0.00344022
1.07282 0.0473355
1.07379 -0.00245745
1.07476 -0.0479192
1.07573 0.151179
1.0767 -0.0255763
1.07767 0.0514495
1.07864 0.0461031
1.07961 0.0434595
1.08058 -0.00288106
1.08155 0.0157474
1.08252 0.00106759
1.08349 0.056006
1.08446 0.0109247
1.08543 -0.00862959
1.0864 0.0407656
1.08737 0.00758912
1.08834 -0.00179702
1.08931 0.0266382
1.09028 0.0253195
1.09125 -0.0568781
1.09222 0.0117507
1.09319 -0.0387311
1.09416 0.0906369
1.09513 -0.0289773
1.0961 -0.00792441
1.09707 -0.0217453
1.09804 0.0285893
1.09901 -0.0322519
1.09998 0.0437645
1.10095 -0.0258793
1.10192 0.0220337
1.10289 -0.0351032
1.10386 0.00625944
1.10483 0.087249
1.1058 -0.0509871
1.10677 -0.0347354
1.10774 -0.0174954
1.10871 -0.070164
1.10968 0.0286997
1.11065 -0.0205717
1.11162 0.00948939
1.11259 -0.0183887
1.11356 0.0197616
1.11453 -0.0313613
1.1155 0.011446
1.11647 -0.0198859
1.11744 0.0333155
1.11841 0.0144421
1.11938 -0.051416
1.12035 -0.0497293
1.12132 0.00272578
1.12229 0.106877
1.12326 0.0215369
1.12423 -0.011224
1.1252 -0.00855558
1.12617 0.0250915
1.12714 0.11066
1.12811 0.0598181
1.12908 -0.0179814
1.13005 0.0198401
1.13102 -0.042548
1.13199 -0.0664914
1.13296 0.0925594
1.13393 -0.0262687
1.1349 0.0427181
1.13587 0.0411217
1.13684 0.13316
1.13781 -0.0740944
1.13878 -0.00743308
1.13975 0.0846501
1.14072 0.142122
1.14169 0.0254694
1.14266 0.0616251
1.14363 0.110747
1.1446 0.0230651
1.14557 0.0187851
1.14654 0.0364237
1.14751 -0.0571131
1.14848 -0.054964
1.14945 0.0200364
1.15042 -0.0199031
1.15139 -0.0418979
1.15236 0.06358
1.15333 0.0016461
1.1543 0.126616
1.15527 0.0889927
1.15624 0.057933
1.15721 -0.032024
1.15818 0.0295739
1.15915 0.0120623
1.16012 -0.0489218
1.16109 0.0839505
1.16206 -0.0967604
1.16303 -0.0418328
1.164 0.0257847
1.16497 -0.0365688
1.16594 -0.0150497
1.16691 -0.000686656
1.16788 -0.0157979
1.16885 0.00774448
1.16982 -0.00158821
1.17079 0.00529704
1.17176 -0.0113256
1.17273 -0.0328014
1.1737 0.033668
1.17467 0.0203277
1.17564 -0.10837
1.17661 -0.084867
1.17758 -0.141542
1.17855 -0.0955422
1.17952 0.079241
1.18049 -0.0268068
1.18146 0.0139993
1.18243 -0.0093116
1.1834 0.0693892
1.18437 -0.0507704
1.18534 0.0812599
1.18631 -0.0103488
1.18728 0.089393
1.18825 -0.150326
1.18922 0.0512726
1.19019 0.0440409
1.19116 0.0489614
1.19213 0.0521874
1.1931 -0.00845001
1.19407 0.012331
1.19504 -0.0761062
1.19601 0.0267747
1.19698 -0.0161969
1.19795 -0.0445866
1.19892 0.0387167
1.19989 0.0349671
1.20086 0.0146754
1.20183 0.0315055
1.2028 -0.0927141
1.20377 -0.0186315
1.20474 0.0254739
1.20571 0.0523688
1.20668 0.0143433
1.20765 -0.0487485
1.20862 0.112317
1.20959 0.00242191
1.21056 0.0399979
1.21153 0.0206736
1.2125 0.0198328
1.21347 0.0134726
1.21444 -0.0315158
1.21541 -0.0392148
1.21638 -0.0341069
1.21735 -0.0420377
1.21832 -0.00471624
1.21929 0.025849
1.22026 -0.137223
1.22123 0.00473639
1.2222 0.000530629
1.22317 -0.0191599
1.22414 0.0512382
1.22511 0.0721265
1.22608 -0.0727207
1.22705 -0.0353916
1.22802 0.0500648
1.22899 -0.00249611
1.22996 0.0167969
1.23093 0.0349705
1.2319 -0.0918566
1.23287 -0.103599
1.23384 0.0317147
1.23481 0.00654969
1.23578 0.0260844
1.23675 0.073591
1.23772 -0.0267805
1.23869 -0.0366861
1.23966 0.0278099
1.24063 -0.0593961
1.2416 0.0336914
1.24257 0.0307187
1.24354 -0.010287
1.24451 0.0612704
1.24548 0.0613219
1.24645 0.0455965
1.24742 -0.00135054
1.24839 -0.0364632
1.24936 -0.0682933
1.25033 0.0210079
1.2513 0.00161194
1.25227 0.0119571
1.25324 0.0443115
1.25421 0.0217868
1.25518 -0.0790707
1.25615 0.0787053
1.25712 0.0197056
1.25809 0.0368831
1.25906 0.0888465
1.26003 0.0247064
1.261 -0.0106171
1.26197 0.0949569
1.26294 0.104706
1.26391 0.00901347
1.26488 -0.0672538
1.26585 -0.0384395
1.26682 0.0280429
1.26779 -0.0518223
1.26876 -0.103185
1.26973 -0.0129621
1.2707 0.0359153
1.27167 -0.0211864
1.27264 -0.0317007
1.27361 0.0548214
1.27458 0.0659821
1.27555 0.0417618
1.27652 0.0130946
1.27749 0.0822487
1.27846 0.0693159
1.27943 0.0852098
1.2804 -0.0370833
1.28137 0.0213121
1.28234 -0.00962349
1.28331 0.0445981
1.28428 0.00641613
1.28525 0.127629
1.28622 -0.0118289
1.28719 -0.0022892
1.28816 -0.0113227
1.28913 0.109652
1.2901 -0.0343074
1.29107 0.0811619
1.29204 0.089959
1.29301 0.0387402
1.29398 -0.0278678
1.29495 -0.0271387
1.29592 0.0779707
1.29689 -0.0455697
1.29786 0.0453389
1.29883 -0.0699837
1.2998 0.010555
1.30077 0.0313203
1.30174 -0.0985632
1.30271 0.0059414
1.30368 0.0550814
1.30465 -0.0109973
1.30562 -0.0706249
1.30659 0.000193209
1.30756 0.105477
1.30853 0.0225362
1.3095 0.0407637
1.31047 0.0907612
1.31144 -0.0275898
1.31241 0.0200917
1.31338 0.0805299
1.31435 0.0248802
1.31532 -0.0366748
1.31629 -0.0781378
1.31726 0.0416544
1.31823 0.0145098
1.3192 0.0154908
1.32017 -0.0832244
1.32114 -0.0282099
1.32211 -0.0253889
1.32308 0.048237
1.32405 -0.028513
1.32502 0.0111549
1.32599 -0.0345655
1.32696 0.0122362
1.32793 0.0668279
1.3289 -0.000587784
1.32987 -0.0122111
1.33084 -0.0765942
1.33181 -0.0276699
1.33278 -0.0205528
1.33375 0.123495
1.33472 0.0362264
1.33569 -0.0107743
1.33666 -0.0159459
1.33763 -0.00390509
1.3386 0.0632872
1.33957 0.0827191
1.34054 -0.00205803
1.34151 0.0325749
1.34248 0.0502892
1.34345 -0.00715682
1.34442 -0.00906594
1.34539 0.0345254
1.34636 -0.0460105
1.34733 -0.0223344
1.3483 -0.0605729
1.34927 0.0508862
1.35024 -0.00587739
1.35121 -0.108707
1.35218 0.0172863
1.35315 -0.0211731
1.35412 0.0822083
1.35509 -0.0206614
1.35606 0.00577639
1.35703 -0.0112831
1.358 -0.0318408
1.35897 -0.000847753
1.35994 0.0538016
1.36091 -0.00702689
1.36188 0.0337276
1.36285 -0.0303097
1.36382 -0.0102007
1.36479 0.0472
1.36576 0.0430599
1.36673 0.0395455
1.3677 0.0678969
1.36867 0.111225
1.36964 0.0684264
1.37061 -0.105483
1.37158 -0.0437553
1.37255 -0.0653355
1.37352 -0.0396678
1.37449 -0.0854819
1.37546 0.0765844
1.37643 0.045512
1.3774 0.123019
1.37837 0.058742
1.37934 -0.0412862
1.38031 0.036064
1.38128 -0.032267
1.38225 -0.0584627
1.38322 -0.0296874
1.38419 0.100083
1.38516 0.0478039
1.38613 0.0827836
1.3871 0.0674271
1.38807 0.0325598
1.38904 0.061938
1.39001 -0.00100811
1.39098 -0.0569391
1.39195 0.106434
1.39292 -0.0103039
1.39389 0.0395371
1.39486 0.0888605
1.39583 0.0189599
1.3968 -0.174791
1.39777 -0.108542
1.39874 -0.0198449
1.39971 0.0129635
1.40068 0.0641679
1.40165 0.0450942
1.40262 -0.0523351
1.40359 0.0815708
1.40456 -0.00406014
1.40553 0.0178216
1.4065 -0.0199955
1.40747 -0.0404258
1.40844 -0.0622363
1.40941 0.0808401
1.41038 0.0115818
1.41135 -0.0193495
1.41232 -0.00530498
1.41329 0.06918
1.41426 0.0247454
1.41523 -0.0761609
1.4162 -0.030692
1.41717 -0.0141383
1.41814 0.0940061
1.41911 0.0880054
1.42008 -0.0240275
1.42105 -0.0397635
1.42202 0.0520072
1.42299 -0.0669305
1.42396 0.111452
1.42493 -0.0663639
1.4259 -0.00210004
1.42687 0.0934534
1.42784 -0.0295779
1.42881 -0.0401485
1.42978 -0.0171758
1.43075 0.00873819
1.43172 -0.035402
1.43269 -0.0822511
1.43366 -0.0497601
1.43463 0.033916
1.4356 0.0760105
1.43657 0.0373558
1.43754 0.0735771
1.43851 0.0656129
1.43948 -4.73621e-05
1.44045 -0.0600597
1.44142 -0.0250275
1.44239 0.0264439
1.44336 -0.0401804
1.44433 0.0105012
1.4453 0.0495801
1.44627 0.0548278
1.44724 0.0290347
1.44821 0.0104943
1.44918 0.0817761
1.45015 0.136915
1.45112 -0.0156775
1.45209 0.00297547
1.45306 -0.0344473
1.45403 0.0275462
1.455 0.0905062
1.45597 0.00597123
1.45694 0.0320908
1.45791 -0.060671
1.45888 -0.040625
1.45985 0.000182969
1.46082 0.150419
1.46179 -0.0561648
1.46276 -0.0194228
1.46373 -0.0425382
1.4647 0.0182315
1.46567 -0.0455664
1.46664 -0.0220256
1.46761 -0.00756272
1.46858 0.0170502
1.46955 0.0647898
1.47052 -0.0957039
1.47149 -0.00931129
1.47246 0.0521417
1.47343 0.0707192
1.4744 -0.0645391
1.47537 0.0431077
1.47634 0.0571445
1.47731 0.0405366
1.47828 0.0328774
1.47925 -0.0441268
1.48022 0.126308
1.48119 -0.00823824
1.48216 0.00179096
1.48313 -0.0069909
1.4841 0.0142181
1.48507 0.119502
1.48604 -0.0478625
1.48701 -0.0389218
1.48798 0.0985103
1.48895 0.0605864
1.48992 -0.0213469
1.49089 0.0123473
1.49186 -0.0125937
1.49283 0.0513806
1.4938 0.0192146
1.49477 0.0172205
1.49574 0.0379517
1.49671 0.0854524
1.49768 0.0288863
1.49865 -0.014201
1.49962 -0.0272885
1.50059 -0.00217008
1.50156 0.0167646
1.50253 -0.0575934
1.5035 -0.0614644
1.50447 -0.0167688
1.50544 0.0600532
1.50641 0.202937
1.50738 0.0391426
1.50835 0.0518243
1.50932 -0.0560662
1.51029 0.0268778
1.51126 0.102293
1.51223 -0.011466
1.5132 -0.00307248
1.51417 -0.0676785
1.51514 0.0597116
1.51611 0.00339578
1.51708 0.0673158
1.51805 -0.0722936
1.51902 0.0128667
1.51999 0.112271
1.52096 0.0343546
1.52193 0.0307373
1.5229 -0.074957
1.52387 0.0857532
1.52484 0.1439
1.52581 0.0101035
1.52678 0.0716093
1.52775 0.0977633
1.52872 0.0918768
1.52969 0.127929
1.53066 0.0998109
1.53163 -0.0730349
1.5326 -0.055291
1.53357 0.0714437
1.53454 -0.0188996
1.53551 -0.00542409
1.53648 0.0483383
1.53745 0.0605842
1.53842 0.0230137
1.53939 0.047359
1.54036 0.003969
1.54133 0.0123747
1.5423 0.035191
1.54327 0.0205972
1.54424 0.0158333
1.54521 -0.0119652
1.54618 -0.0300906
1.54715 -0.00400589
1.54812 0.0299141
1.54909 -0.0358002
1.55006 0.0432773
1.55103 -0.0480165
1.552 0.136104
1.55297 0.0135917
1.55394 0.105258
1.55491 0.1486
1.55588 0.00805703
1.55685 0.062939
1.55782 -0.014648
1.55879 -0.0158313
1.55976 -0.0291794
1.56073 -0.0473323
1.5617 0.0013691
1.56267 -0.00498563
1.56364 0.0185867
1.56461 0.0839046
1.56558 -0.0391353
1.56655 0.0490896
1.56752 -0.0297304
1.56849 0.00918924
1.56946 -0.0826553
1.57043 0.0303289
1.5714 0.0732612
1.57237 0.0287079
1.57334 0.0596892
1.57431 0.0183915
1.57528 0.136124
1.57625 0.0403079
1.57722 -0.0484398
1.57819 -0.062722
1.57916 0.0117529
1.58013 0.0724333
1.5811 -0.0238106
1.58207 0.00863091
1.58304 0.0513387
1.58401 0.0525368
1.58498 -0.0251916
1.58595 -0.129381
1.58692 -0.0211857
1.58789 0.0191435
1.58886 -0.0401435
1.58983 -0.0264807
1.5908 0.00368849
1.59177 0.0232661
1.59274 0.0619246
1.59371 0.0674769
1.59468 0.180637
1.59565 -0.139041
1.59662 0.0021404
1.59759 0.0173373
1.59856 -0.00774283
1.59953 0.0601202
1.6005 0.0772157
1.60147 0.0252429
1.60244 -0.00467761
1.60341 0.0259636
1.60438 0.0776888
1.60535 -0.0826157
1.60632 -0.0244922
1.60729 -0.0107408
1.60826 -0.035281
1.60923 0.036478
1.6102 0.0199987
1.61117 0.0274682
1.61214 0.0284907
1.61311 -0.00543722
1.61408 -0.0453763
1.61505 -0.100081
1.61602 -0.0179158
1.61699 0.0462167
1.61796 -0.0101687
1.61893 -0.0272085
1.6199 -0.0245119
1.62087 0.027041
1.62184 0.05857
1.62281 0.0289306
1.62378 0.0498732
1.62475 -0.0131501
1.62572 -0.034067
1.62669 0.102279
1.62766 -0.0535679
1.62863 -0.0463929
1.6296 -0.102754
1.63057 -0.0591473
1.63154 0.0389889
1.63251 -0.0234969
1.63348 -0.02921
1.63445 0.0137205
1.63542 -0.0147492
1.63639 -0.0194769
1.63736 0.0986658
1.63833 -0.0437984
1.6393 0.014125
1.64027 0.0175309
1.64124 0.0601253
1.64221 0.0156344
1.64318 -0.0944617
1.64415 0.0472441
1.64512 0.119246
1.64609 -0.0051256
1.64706 -0.00807173
1.64803 0.0112909
1.649 -0.00073815
1.64997 0.136107
1.65094 -0.0483382
1.65191 -0.0538589
1.65288 0.0954707
1.65385 0.088436
1.65482 0.109664
1.65579 -0.00895726
1.65676 -0.0318208
1.65773 0.0141913
1.6587 -0.025963
1.65967 0.0136924
1.66064 0.0935995
1.66161 0.00182992
1.66258 0.0314776
1.66355 0.0685819
1.66452 0.0136171
1.66549 0.0137361
1.66646 0.0387461
1.66743 0.0413194
1.6684 -0.0333569
1.66937 -0.0254685
1.67034 0.054655
1.67131 -0.00649993
1.67228 0.0267573
1.67325 -0.0041652
1.67422 -0.0119661
1.67519 0.075278
1.67616 -0.0123041
1.67713 0.0822441
1.6781 0.0958299
1.67907 0.0340299
1.68004 0.0577165
1.68101 0.0715835
1.68198 0.00298327
1.68295 0.0307201
1.68392 0.121371
1.68489 0.0462036
1.68586 -0.0103451
1.68683 -0.0729702
1.6878 -0.0312352
1.68877 0.0576009
1.68974 0.122593
1.69071 0.0643304
1.69168 0.0748488
1.69265 -0.0484166
1.69362 0.0218556
1.69459 0.0394656
1.69556 -0.0197571
1.69653 -0.0446751
1.6975 0.0459287
1.69847 0.0254462
1.69944 -0.0051074
1.70041 0.0579738
1.70138 -0.0407341
1.70235 0.0844208
1.70332 -0.0632904
1.70429 0.0874208
1.70526 -0.00715118
1.70623 0.0767128
1.7072 0.0538387
1.70817 0.0628729
1.70914 0.00098899
1.71011 -0.0595621
1.71108 -0.0271771
1.71205 -0.0176352
1.71302 -0.0668988
1.71399 0.00937853
1.71496 0.0527648
1.71593 0.0789114
1.7169 -0.0325573
1.71787 0.0271399
1.71884 0.108072
1.71981 0.0286811
1.72078 -0.0052376
1.72175 0.0457572
1.72272 -0.000197903
1.72369 -0.0556174
1.72466 0.0726212
1.72563 -0.0071794
1.7266 0.0600168
1.72757 0.0533811
1.72854 -0.119865
1.72951 -0.0118209
1.73048 -0.00602337
1.73145 -0.0450507
1.73242 0.0731676
1.73339 -0.00495005
1.73436 0.0908048
1.73533 0.0403925
1.7363 0.0721192
1.73727 0.0224194
1.73824 0.0732405
1.73921 -0.0556804
1.74018 -0.117704
1.74115 0.0587683
1.74212 0.0482667
1.74309 -0.083994
1.74406 0.0966182
1.74503 -0.073113
1.746 0.0399457
1.74697 -0.0584761
1.74794 0.0853358
1.74891 -0.00882471
1.74988 0.00444123
1.75085 -0.0407423
1.75182 -0.00890743
1.75279 -0.00930141
1.75376 0.0256091
1.75473 0.00460762
1.7557 0.0676953
1.75667 -0.112104
1.75764 0.0742308
1.75861 0.0671634
1.75958 0.0696735
1.76055 -0.011857
1.76152 0.0103144
1.76249 -0.0211009
1.76346 -0.0396151
1.76443 -0.0335126
1.7654 -0.0852635
1.76637 -0.0459836
1.76734 0.0111438
1.76831 0.0861342
1.76928 0.106162
1.77025 0.0315936
1.77122 0.0206972
1.77219 0.0208456
1.77316 0.114306
1.77413 -0.00502775
1.7751 0.0131156
1.77607 -0.0972152
1.77704 1.04024e-05
1.77801 0.137683
1.77898 -0.0217731
1.77995 -0.0587622
1.78092 0.0121905
1.78189 0.15276
1.78286 -0.12382
1.78383 -0.0601831
1.7848 0.0155905
1.78577 0.0200133
1.78674 -0.00326641
1.78771 -0.00944834
1.78868 0.0654732
1.78965 0.0916187
1.79062 0.0610732
1.79159 0.0549284
1.79256 -0.0383997
1.79353 -0.0444787
1.7945 -0.0323679
1.79547 0.0209669
1.79644 -0.00968249
1.79741 0.00511163
1.79838 0.0423443
1.79935 0.056258
1.80032 -0.0849821
1.80129 0.00390583
1.80226 0.0421111
1.80323 0.0301638
1.8042 -0.0305542
1.80517 -0.0202056
1.80614 0.0278728
1.80711 0.0439256
1.80808 -0.0409347
1.80905 0.0689195
1.81002 -0.0717986
1.81099 -0.02523
1.81196 0.0803954
1.81293 -0.0863277
1.8139 -0.0128235
1.81487 0.0751137
1.81584 0.00265584
1.81681 -0.0465098
1.81778 0.00337627
1.81875 -0.0889274
1.81972 0.0104812
1.82069 0.0756408
1.82166 0.0588782
1.82263 0.0475587
1.8236 -0.0476745
1.82457 -0.031161
1.82554 0.0163721
1.82651 -0.0251935
1.82748 0.00125839
1.82845 -0.0510667
1.82942 0.0361071
1.83039 -0.0192797
1.83136 -0.0421263
1.83233 0.0576951
1.8333 0.0176726
1.83427 0.0259689
1.83524 0.0379242
1.83621 0.0570368
1.83718 -0.0377277
1.83815 0.0555289
1.83912 0.0152276
1.84009 0.0669135
1.84106 0.0309967
1.84203 0.00445374
1.843 0.0154299
1.84397 0.106343
1.84494 0.025971
1.84591 -0.0367519
1.84688 0.0130449
1.84785 -0.00482509
1.84882 -0.0560286
1.84979 0.00387725
1.85076 -0.0270134
1.85173 0.0335435
1.8527 -0.0209133
1.85367 0.0155773
1.85464 0.0294584
1.85561 0.0542696
1.85658 0.0309782
1.85755 -0.0848841
1.85852 -0.0328406
1.85949 0.012433
1.86046 0.0202871
1.86143 0.053045
1.8624 0.0228512
1.86337 0.0945192
1.86434 0.0481695
1.86531 -0.0270418
1.86628 -0.0660422
1.86725 0.0444161
1.86822 0.0111871
1.86919 0.0460266
1.87016 0.0452085
1.87113 0.0320562
1.8721 0.126228
1.87307 0.106974
1.87404 0.000327831
1.87501 0.0810982
1.87598 -0.0190383
1.87695 -0.0223915
1.87792 0.119953
1.87889 0.0746287
1.87986 0.00770061
1.88083 0.0688699
1.8818 0.116648
1.88277 0.0946257
1.88374 0.112175
1.88471 0.0168457
1.88568 -0.0228137
1.88665 -0.0551773
1.88762 -0.0599581
1.88859 0.0343756
1.88956 0.149142
1.89053 -0.0280664
1.8915 0.0644293
1.89247 0.0984722
1.89344 0.00589881
1.89441 0.0497725
1.89538 0.143084
1.89635 0.0368079
1.89732 0.0392251
1.89829 -0.0532365
1.89926 0.0228722
1.90023 -0.0458492
1.9012 -0.0646023
1.90217 0.134712
1.90314 -0.0441426
1.90411 0.0851026
1.90508 -0.0134277
1.90605 0.0478009
1.90702 0.00902373
1.90799 0.00663933
1.90896 -0.0245535
1.90993 0.0478821
1.9109 -0.0612762
1.91187 -0.0684475
1.91284 -0.0481576
1.91381 0.001964
1.91478 -0.0531677
1.91575 -0.0714359
1.91672 -0.0062846
1.91769 -0.0246214
1.91866 -0.00974259
1.91963 -0.00325879
1.9206 -0.00623619
1.92157 0.00192014
1.92254 -0.0221584
1.92351 0.016756
1.92448 0.059207
1.92545 0.0425678
1.92642 0.0532683
1.92739 0.0494397
1.92836 0.041721
1.92933 0.0118792
1.9303 0.00513655
1.93127 -0.0466999
1.93224 0.00413328
1.93321 -0.0185186
1.93418 -0.0819642
1.93515 -0.0386408
1.93612 0.0479211
1.93709 0.09789
1.93806 0.0393057
1.93903 0.0212557
1.94 -0.0143202
1.94097 0.048408
1.94194 0.0691587
1.94291 0.0506745
1.94388 0.0555661
1.94485 -0.0768079
1.94582 0.00531974
1.94679 -0.0402441
1.94776 0.0062148
1.94873 -0.142063
1.9497 0.00244184
1.95067 -0.0309854
1.95164 0.102713
1.95261 -0.0544124
1.95358 -0.00261805
1.95455 0.00198143
1.95552 0.0374059
1.95649 -0.0688338
1.95746 0.0251653
1.95843 -0.11152
1.9594 0.0543466
1.96037 -0.0697925
1.96134 -0.0444915
1.96231 0.00948581
1.96328 0.07499
1.96425 0.109909
1.96522 0.0514268
1.96619 0.130721
1.96716 0.0334669
1.96813 -0.0043034
1.9691 0.00393206
1.97007 -0.0264445
1.97104 -0.0562479
1.97201 -0.0370935
1.97298 -0.060155
1.97395 0.0785367
1.97492 0.0214288
1.97589 0.0830883
1.97686 0.0117975
1.97783 0.0607624
1.9788 0.0400124
1.97977 -0.128439
1.98074 0.0870818
1.98171 -0.00921707
1.98268 0.0250037
1.98365 0.0230883
1.98462 -0.101349
1.98559 0.0268481
