0 0.0295089
0.000976562 -0.122173
0.00195312 0.000459534
0.00292969 0.0186626
0.00390625 0.00209873
0.00488281 0.173426
0.00585938 -0.0375496
0.00683594 0.0214885
0.0078125 -0.0518162
0.00878906 -0.0444779
0.00976562 0.000572745
0.0107422 -0.0262655
0.0117188 0.000417
0.0126953 0.137133
0.0136719 0.0575539
0.0146484 -0.0179217
0.015625 -0.0187957
0.0166016 0.128789
0.0175781 0.0337188
0.0185547 -0.0244271
0.0195312 -0.0213809
0.0205078 -0.0290534
0.0214844 0.0734468
0.0224609 0.0139488
0.0234375 0.00330594
0.0244141 0.00436185
0.0253906 0.0603264
0.0263672 -0.0669934
0.0273438 -0.0409236
0.0283203 -0.00374646
0.0292969 -0.02201
0.0302734 -0.0886092
0.03125 0.0715552
0.0322266 0.00150377
0.0332031 0.020221
0.0341797 -0.0614391
0.0351562 -0.0746982
0.0361328 0.125634
0.0371094 0.0192298
0.0380859 -0.0359774
0.0390625 -0.0020007
0.0400391 -0.0631395
0.0410156 -0.0201143
0.0419922 0.121335
0.0429688 0.0238541
0.0439453 -0.0728176
0.0449219 0.00722943
0.0458984 -0.00042018
0.046875 0.134234
0.0478516 0.0274234
0.0488281 -0.0292603
0.0498047 -0.0103573
0.0507812 0.0332782
0.0517578 0.0266976
0.0527344 -0.0310514
0.0537109 0.0596045
0.0546875 0.0226162
0.0556641 0.0360625
0.0566406 0.0322988
0.0576172 -0.0611148
0.0585938 0.00917024
0.0595703 -0.00334175
0.0605469 0.0074457
0.0615234 0.0898219
0.0625 0.038142
0.0634766 0.128922
0.0644531 -0.0634933
0.0654297 0.0285383
0.0664062 0.00141608
0.0673828 -0.00648175
0.0683594 0.0920843
0.0693359 -0.0537673
0.0703125 0.0344507
0.0712891 -0.106098
0.0722656 -0.0328683
0.0732422 0.0589321
0.0742188 0.077423
0.0751953 0.0673562
0.0761719 -0.00426539
0.0771484 0.0567677
0.078125 -0.0191586
0.0791016 0.111248
0.0800781 0.0312025
0.0810547 -0.115847
0.0820312 0.00310498
0.0830078 -0.0939352
0.0839844 0.0121362
0.0849609 -0.03428
0.0859375 0.116673
0.0869141 0.0450832
0.0878906 0.0237977
0.0888672 -0.0219452
0.0898438 -0.131579
0.0908203 0.00650181
0.0917969 -0.0268484
0.0927734 0.0774286
0.09375 0.0254948
0.0947266 0.0954417
0.0957031 -0.0844701
0.0966797 -0.0462376
0.0976562 0.106491
0.0986328 0.005665
0.0996094 -0.0282362
0.100586 -0.0328002
0.101562 0.0469359
0.102539 -0.0782509
0.103516 -0.013222
0.104492 -0.0513103
0.105469 0.150879
0.106445 0.0666106
0.107422 -0.051373
0.108398 -0.0650378
0.109375 -0.00782112
0.110352 0.0206885
0.111328 -0.0364026
0.112305 0.0630029
0.113281 0.00480614
0.114258 0.0124399
0.115234 0.0739265
0.116211 0.0372629
0.117188 -0.0488012
0.118164 -0.0646137
0.119141 -0.0246181
0.120117 -0.00325851
0.121094 -0.0439336
0.12207 -0.0110559
0.123047 0.106505
0.124023 -0.00228651
0.125 -0.00938433
0.125977 0.0703927
0.126953 0.0317787
0.12793 0.0998481
0.128906 0.0862883
0.129883 -0.0613387
0.130859 -0.0255733
0.131836 -0.00740039
0.132812 0.0465818
0.133789 0.00789134
0.134766 0.00765536
0.135742 -0.0585755
0.136719 -0.0580988
0.137695 -0.016748
0.138672 -0.0483442
0.139648 -0.0597296
0.140625 -0.0063583
0.141602 0.00191857
0.142578 -0.0907329
0.143555 0.0100113
0.144531 -0.0536517
0.145508 0.00659803
0.146484 0.0411737
0.147461 -0.0602923
0.148438 0.0349246
0.149414 -0.0225853
0.150391 -0.0365069
0.151367 -0.0368235
0.152344 -0.0236076
0.15332 0.0569487
0.154297 0.0776825
0.155273 -0.0867029
0.15625 0.0328013
0.157227 0.00533062
0.158203 -0.0113243
0.15918 0.0161054
0.160156 -0.0990181
0.161133 0.0164947
0.162109 0.0239482
0.163086 -0.070785
0.164062 0.0412576
0.165039 -0.0710174
0.166016 -0.0415366
0.166992 0.0494765
0.167969 0.0229467
0.168945 -0.0201688
0.169922 0.0593175
0.170898 -0.0011418
0.171875 -0.0714764
0.172852 -0.0496781
0.173828 -0.00864333
0.174805 0.0430845
0.175781 -0.00956662
0.176758 -0.0541367
0.177734 0.00422634
0.178711 0.0321213
0.179688 0.076534
0.180664 0.00762341
0.181641 0.0199339
0.182617 -0.132804
0.183594 -0.0832122
0.18457 0.0178073
0.185547 0.0846416
0.186523 0.0474888
0.1875 0.0306856
0.188477 0.039555
0.189453 -0.0813208
0.19043 -0.0786546
0.191406 0.024666
0.192383 -0.104092
0.193359 0.0255773
0.194336 -0.0123284
0.195312 0.0307095
0.196289 0.0972732
0.197266 -0.0312193
0.198242 -0.0870957
0.199219 -0.0482015
0.200195 -0.000521416
0.201172 -0.0342747
0.202148 -0.108557
0.203125 -0.118105
0.204102 0.0574191
0.205078 0.106367
0.206055 -0.0254015
0.207031 0.042364
0.208008 0.0537163
0.208984 0.0478765
0.209961 0.0358147
0.210938 -0.0645633
0.211914 0.102022
0.212891 0.0154889
0.213867 0.035306
0.214844 -0.0159839
0.21582 0.0559486
0.216797 0.00100338
0.217773 0.0392513
0.21875 0.0128117
0.219727 0.0651568
0.220703 0.00432888
0.22168 0.0254113
0.222656 0.0822755
0.223633 -0.0203215
0.224609 0.044279
0.225586 -0.021336
0.226562 0.0616984
0.227539 -0.0367008
0.228516 -0.0431137
0.229492 -0.0769993
0.230469 0.0505782
0.231445 -0.10317
0.232422 -0.0635144
0.233398 0.00121547
0.234375 -0.0372016
0.235352 -0.00166368
0.236328 0.0639786
0.237305 -0.0701387
0.238281 -0.0693359
0.239258 0.042018
0.240234 -0.0130148
0.241211 0.00530079
0.242188 0.0110869
0.243164 0.00188138
0.244141 -0.0627477
0.245117 -0.0238521
0.246094 0.0460178
0.24707 0.0466407
0.248047 0.00442741
0.249023 0.0391681
0.25 0.00389559
0.250977 -0.0574208
0.251953 -0.0678959
0.25293 0.0655082
0.253906 -0.105872
0.254883 -0.0977712
0.255859 0.00870521
0.256836 -0.0615745
0.257812 0.0603874
0.258789 -0.00807441
0.259766 -0.00249005
0.260742 0.000794729
0.261719 0.0771406
0.262695 -0.107351
0.263672 0.0530575
0.264648 -0.0739547
0.265625 0.0480008
0.266602 -0.0295483
0.267578 -0.050534
0.268555 -0.0376505
0.269531 -0.0495098
0.270508 0.0149658
0.271484 0.0578868
0.272461 -0.00907025
0.273438 0.0566243
0.274414 0.0732772
0.275391 -0.0200349
0.276367 -0.0296482
0.277344 0.114016
0.27832 0.105161
0.279297 -0.00367886
0.280273 -0.0123691
0.28125 0.0156634
0.282227 0.0377551
0.283203 -0.0139327
0.28418 -0.00932892
0.285156 0.0785042
0.286133 0.0319774
0.287109 0.0225564
0.288086 0.0131925
0.289062 0.0222809
0.290039 0.0564364
0.291016 -0.0608701
0.291992 -0.0329251
0.292969 -0.0506436
0.293945 0.00372923
0.294922 0.0218277
0.295898 0.0798462
0.296875 0.0624287
0.297852 -0.102107
0.298828 0.00346897
0.299805 0.0804767
0.300781 -0.0127737
0.301758 -0.00969256
0.302734 -0.0243559
0.303711 -0.0256292
0.304688 -0.0959296
0.305664 -0.051481
0.306641 -0.122716
0.307617 -0.00110307
0.308594 0.0011698
0.30957 0.112519
0.310547 -0.0571961
0.311523 -0.176995
0.3125 0.0623834
0.313477 -0.0119206
0.314453 -0.0392246
0.31543 -0.0126454
0.316406 -0.142768
0.317383 0.0175615
0.318359 -0.00784949
0.319336 0.0608367
0.320312 0.0442907
0.321289 0.0069668
0.322266 -0.0323904
0.323242 0.0485253
0.324219 -0.0351956
0.325195 -0.00379994
0.326172 0.0155943
0.327148 -0.0158811
0.328125 0.0487535
0.329102 0.0573339
0.330078 0.0541833
0.331055 0.0225276
0.332031 0.0542025
0.333008 0.0451006
0.333984 -0.0357249
0.334961 0.0431785
0.335938 -0.00924529
0.336914 0.00596329
0.337891 -0.109143
0.338867 -0.00459267
0.339844 -0.122824
0.34082 -0.110198
0.341797 0.0555333
0.342773 0.0300301
0.34375 -0.0431383
0.344727 0.0477237
0.345703 0.119419
0.34668 0.113018
0.347656 0.0329359
0.348633 -0.0344902
0.349609 0.0977564
0.350586 -0.0198141
0.351562 -0.0386542
0.352539 0.0505188
0.353516 0.0198971
0.354492 0.0111485
0.355469 0.0218758
0.356445 0.0139319
0.357422 -0.00115679
0.358398 -0.0366973
0.359375 0.083411
0.360352 -0.0425691
0.361328 0.0354881
0.362305 -0.104717
0.363281 0.150396
0.364258 0.057012
0.365234 -0.0180975
0.366211 -0.00293864
0.367188 0.0967448
0.368164 -0.0115362
0.369141 0.0437636
0.370117 0.0909823
0.371094 0.037164
0.37207 -0.0393637
0.373047 0.0512695
0.374023 0.0468254
0.375 -0.0236424
0.375977 0.0313764
0.376953 0.0570445
0.37793 0.0261272
0.378906 0.115818
0.379883 -0.0113735
0.380859 -0.0518263
0.381836 0.032222
0.382812 -0.0250836
0.383789 0.0328748
0.384766 0.0126642
0.385742 -0.148484
0.386719 0.0681625
0.387695 0.0267292
0.388672 -0.0700722
0.389648 -0.0252078
0.390625 0.0336495
0.391602 -0.0646578
0.392578 -0.00677758
0.393555 -0.02656
0.394531 0.0353355
0.395508 -0.120075
0.396484 -0.00952625
0.397461 -0.0441155
0.398438 -0.0915949
0.399414 -0.0427109
0.400391 -0.0592165
0.401367 -0.0291074
0.402344 0.0423196
0.40332 0.12409
0.404297 -0.0274333
0.405273 0.00514662
0.40625 0.0719081
0.407227 -0.00314661
0.408203 -0.0263247
0.40918 0.025776
0.410156 -0.0767404
0.411133 0.00298237
0.412109 0.0763166
0.413086 0.0262416
0.414062 -0.000508258
0.415039 0.060062
0.416016 -0.0334049
0.416992 0.0034176
0.417969 -0.0499994
0.418945 0.0473475
0.419922 -0.0159124
0.420898 -0.0363529
0.421875 0.0671651
0.422852 -0.0644446
0.423828 0.00446931
0.424805 -0.0437739
0.425781 0.0789975
0.426758 -0.0152872
0.427734 -0.0490411
0.428711 -0.0391072
0.429688 -0.0412125
0.430664 0.0777239
0.431641 0.0689883
0.432617 -0.00278611
0.433594 0.0148121
0.43457 -0.0314694
0.435547 -0.0419613
0.436523 -0.00955945
0.4375 0.017731
0.438477 -0.00246243
0.439453 -0.0795314
0.44043 -0.0446099
0.441406 -0.0253229
0.442383 0.0153788
0.443359 0.0138621
0.444336 -0.0229607
0.445312 -0.0883232
0.446289 -0.0984882
0.447266 0.00449731
0.448242 -0.066826
0.449219 0.0262267
0.450195 -0.0494021
0.451172 0.01153
0.452148 -0.00327107
0.453125 0.079872
0.454102 -0.0328914
0.455078 0.0899536
0.456055 0.0355033
0.457031 -0.0258637
0.458008 -0.075888
0.458984 -0.0419454
0.459961 0.0128065
0.460938 0.0137371
0.461914 0.0995917
0.462891 0.0398525
0.463867 0.0813278
0.464844 -0.0544895
0.46582 -0.118087
0.466797 -0.0118411
0.467773 -0.050082
0.46875 0.0526595
0.469727 -0.0507023
0.470703 0.0297941
0.47168 -0.0394076
0.472656 -0.0943288
0.473633 -0.063095
0.474609 -0.0581003
0.475586 0.0452767
0.476562 0.0115957
0.477539 0.0384573
0.478516 0.0207567
0.479492 -0.00674667
0.480469 0.102204
0.481445 -0.00988716
0.482422 0.0144456
0.483398 0.0814743
0.484375 0.0757852
0.485352 0.0125948
0.486328 -0.0686783
0.487305 -0.0864769
0.488281 0.0643862
0.489258 -0.000533731
0.490234 -0.0939243
0.491211 -0.0814455
0.492188 0.0628079
0.493164 -0.0627883
0.494141 0.0473938
0.495117 0.0426359
0.496094 0.132142
0.49707 0.00014763
0.498047 -0.0326051
0.499023 -0.00577311
0.5 0.0412472
0.500977 -0.0459383
0.501953 0.0396264
0.50293 -0.0100742
0.503906 0.042315
0.504883 0.001248
0.505859 0.136864
0.506836 -0.0428363
0.507812 -0.0191876
0.508789 -0.00138655
0.509766 -0.0448939
0.510742 -0.115237
0.511719 -0.00457829
0.512695 0.0401382
0.513672 0.00713242
0.514648 0.0513781
0.515625 -0.0163101
0.516602 -0.0243096
0.517578 0.0600801
0.518555 -0.00982567
0.519531 0.0287018
0.520508 0.0663739
0.521484 -0.045826
0.522461 -0.0383414
0.523438 0.038073
0.524414 0.00834647
0.525391 0.0249101
0.526367 -0.0314896
0.527344 -0.0726939
0.52832 -0.045859
0.529297 0.0428828
0.530273 -0.0126327
0.53125 0.137277
0.532227 0.0257561
0.533203 -0.0344386
0.53418 -0.0255088
0.535156 0.0935448
0.536133 0.0471852
0.537109 -0.022247
0.538086 -0.00642546
0.539062 0.0668281
0.540039 0.0198081
0.541016 0.0539765
0.541992 -0.0606735
0.542969 0.0410614
0.543945 -0.00261486
0.544922 0.0458106
0.545898 -0.0259526
0.546875 0.0173877
0.547852 0.0382027
0.548828 0.129312
0.549805 -0.00567511
0.550781 0.0515435
0.551758 0.0290149
0.552734 -0.00499472
0.553711 0.0599699
0.554688 0.0361756
0.555664 0.00387895
0.556641 0.0816021
0.557617 0.0503405
0.558594 0.0326023
0.55957 0.0578263
0.560547 -0.0134135
0.561523 0.0847117
0.5625 0.028127
0.563477 0.078784
0.564453 0.0215309
0.56543 -0.0226273
0.566406 0.0039627
0.567383 -0.0560876
0.568359 0.0395529
0.569336 0.0302812
0.570312 0.0357952
0.571289 -0.000959202
0.572266 -0.00632504
0.573242 -0.101041
0.574219 -0.063266
0.575195 -0.00151777
0.576172 -0.077643
0.577148 -0.0222199
0.578125 0.0457702
0.579102 0.00171756
0.580078 -0.0304733
0.581055 0.0245608
0.582031 -0.0197205
0.583008 -0.146086
0.583984 -0.043144
0.584961 -0.0651976
0.585938 -0.0387815
0.586914 0.013798
0.587891 -0.0332786
0.588867 -0.129778
0.589844 0.0244326
0.59082 -0.0438386
0.591797 0.0429399
0.592773 -0.0122835
0.59375 -0.0116992
0.594727 -0.0226677
0.595703 -0.0565277
0.59668 0.0195751
0.597656 0.0331786
0.598633 0.0441165
0.599609 -0.0373964
0.600586 -0.0198213
0.601562 -0.0997686
0.602539 -0.00653341
0.603516 -0.0184529
0.604492 -0.00319369
0.605469 0.0934505
0.606445 0.0296793
0.607422 -0.0178186
0.608398 0.0352854
0.609375 -0.110432
0.610352 0.130417
0.611328 0.0468158
0.612305 0.0229221
0.613281 -0.0104131
0.614258 0.000458345
0.615234 -0.0549794
0.616211 -0.0324396
0.617188 0.0348494
0.618164 -0.0592604
0.619141 -0.00756997
0.620117 -0.0002252
0.621094 0.0606637
0.62207 -0.00482047
0.623047 -0.0251766
0.624023 -0.034006
0.625 -0.0249191
0.625977 -0.0119205
0.626953 0.067663
0.62793 0.12201
0.628906 -0.0480463
0.629883 0.0743699
0.630859 -0.0174624
0.631836 -0.0136864
0.632812 0.0455671
0.633789 -0.0971259
0.634766 0.0523273
0.635742 -0.102056
0.636719 0.0313481
0.637695 0.0304535
0.638672 -0.0305762
0.639648 0.0172501
0.640625 0.0230297
0.641602 -0.082722
0.642578 0.0268767
0.643555 0.0700548
0.644531 -0.0910961
0.645508 -0.0721232
0.646484 -0.00674375
0.647461 -0.0398334
0.648438 -0.065934
0.649414 0.00562243
0.650391 0.0435131
0.651367 0.0191267
0.652344 -0.0403574
0.65332 -0.0154229
0.654297 0.0555195
0.655273 -0.0331008
0.65625 -0.0636976
0.657227 -0.0441662
0.658203 -0.0560384
0.65918 -0.107389
0.660156 0.0606255
0.661133 0.0275456
0.662109 -0.121112
0.663086 -0.0734232
0.664062 0.0851692
0.665039 0.0633633
0.666016 -0.0249159
0.666992 0.0687037
0.667969 0.286365
0.668945 0.658703
0.669922 0.700002
0.670898 0.219456
0.671875 0.179314
0.672852 -0.0146624
0.673828 -0.0175035
0.674805 0.00859134
0.675781 0.0480342
0.676758 -0.00851068
0.677734 -0.00869843
0.678711 0.0295325
0.679688 0.0473986
0.680664 -0.0166632
0.681641 0.0593088
0.682617 0.0310923
0.683594 -0.00421271
0.68457 0.150752
0.685547 0.0821812
0.686523 -0.0107828
0.6875 0.0105997
0.688477 0.056936
0.689453 0.0285713
0.69043 0.0529299
0.691406 -0.0322811
0.692383 -0.0521167
0.693359 0.00717966
0.694336 0.0588452
0.695312 -0.0173185
0.696289 0.121519
0.697266 -0.0663966
0.698242 0.00487731
0.699219 0.0724384
0.700195 0.128916
0.701172 0.0631358
0.702148 -0.00968461
0.703125 -0.0892459
0.704102 0.0495007
0.705078 0.0978873
0.706055 -0.0143681
0.707031 -0.0571048
0.708008 -0.0382066
0.708984 -0.047798
0.709961 0.00471084
0.710938 0.0770405
0.711914 0.0104558
0.712891 0.00855744
0.713867 -0.00340075
0.714844 0.0709082
0.71582 0.0519393
0.716797 -0.0522018
0.717773 -0.0247628
0.71875 0.0052786
0.719727 -0.0998474
0.720703 -0.00691608
0.72168 0.0676519
0.722656 0.00148346
0.723633 0.0138723
0.724609 0.0345966
0.725586 0.0847935
0.726562 0.0991763
0.727539 0.0767342
0.728516 0.0590364
0.729492 -0.0545524
0.730469 -0.0816613
0.731445 0.00615422
0.732422 -0.0593246
0.733398 -0.0812117
0.734375 0.0104681
0.735352 -0.0429524
0.736328 0.0372394
0.737305 -0.0481108
0.738281 0.0150704
0.739258 -0.0395928
0.740234 0.0480461
0.741211 0.0111855
0.742188 0.0511836
0.743164 -0.0419955
0.744141 0.073042
0.745117 -0.113088
0.746094 -0.0290449
0.74707 -0.0437181
0.748047 0.0439371
0.749023 -0.0254072
0.75 0.0369684
0.750977 0.0927343
0.751953 0.124136
0.75293 -0.0466607
0.753906 -0.0701818
0.754883 0.142265
0.755859 0.0741416
0.756836 0.0559986
0.757812 -0.0145339
0.758789 0.0745604
0.759766 -0.0950497
0.760742 0.167747
0.761719 -0.143174
0.762695 -0.0102299
0.763672 -0.0656393
0.764648 0.0589335
0.765625 -0.0675419
0.766602 -0.00181481
0.767578 -0.0502484
0.768555 -0.00955781
0.769531 0.0255893
0.770508 -0.0951939
0.771484 0.0556392
0.772461 0.0371547
0.773438 -0.0228593
0.774414 0.0478698
0.775391 0.0662908
0.776367 -0.0272161
0.777344 0.0140648
0.77832 -0.0476094
0.779297 -0.0232322
0.780273 0.0566504
0.78125 0.0359081
0.782227 -0.125076
0.783203 0.0801744
0.78418 -0.0117356
0.785156 0.0598942
0.786133 -0.0173057
0.787109 0.0425897
0.788086 0.0347135
0.789062 0.143896
0.790039 -0.0705837
0.791016 0.0233557
0.791992 0.00973277
0.792969 0.0307177
0.793945 -0.0357921
0.794922 0.0418804
0.795898 0.0955828
0.796875 -0.0368601
0.797852 -0.0669302
0.798828 -0.0695633
0.799805 0.00960808
0.800781 -0.0780834
0.801758 -0.00597475
0.802734 -0.086427
0.803711 -0.0249429
0.804688 -0.0535465
0.805664 0.0341385
0.806641 0.0492611
0.807617 -0.0132214
0.808594 -0.052087
0.80957 0.0165594
0.810547 0.0180805
0.811523 0.0345251
0.8125 0.0544595
0.813477 0.098584
0.814453 -0.0361286
0.81543 0.0340653
0.816406 -0.0897073
0.817383 -0.0182722
0.818359 0.0577503
0.819336 -0.0312175
0.820312 -0.0065512
0.821289 -0.0598237
0.822266 0.0429133
0.823242 0.0688042
0.824219 0.0483153
0.825195 0.0357221
0.826172 -0.0031723
0.827148 0.0236637
0.828125 -0.0165461
0.829102 -0.0565504
0.830078 -0.00760753
0.831055 0.00488524
0.832031 0.08494
0.833008 -0.0462512
0.833984 -0.00690066
0.834961 0.0135523
0.835938 0.0222119
0.836914 0.106995
0.837891 -0.026007
0.838867 0.142411
0.839844 -0.0508824
0.84082 0.0477439
0.841797 0.0761737
0.842773 0.0138429
0.84375 0.0165518
0.844727 -0.0510016
0.845703 -0.0283117
0.84668 0.112861
0.847656 0.0936196
0.848633 0.0860709
0.849609 -0.00379345
0.850586 0.0608449
0.851562 0.0583888
0.852539 0.0396168
0.853516 0.0305449
0.854492 0.0751811
0.855469 0.0579331
0.856445 -0.0384027
0.857422 -0.014231
0.858398 0.0163747
0.859375 0.111896
0.860352 -0.094713
0.861328 0.0146928
0.862305 -0.0276903
0.863281 0.00589394
0.864258 0.0639199
0.865234 0.0253318
0.866211 -0.0432843
0.867188 0.082051
0.868164 -0.03863
0.869141 -0.09869
0.870117 -0.11912
0.871094 -0.0193008
0.87207 -0.0166859
0.873047 -0.0920009
0.874023 0.012129
0.875 0.180958
0.875977 0.0978577
0.876953 -0.111509
0.87793 -0.0152803
0.878906 -0.021838
0.879883 -0.0346611
0.880859 -0.0312303
0.881836 -0.0378806
0.882812 0.0398358
0.883789 0.0376024
0.884766 0.12871
0.885742 0.0224628
0.886719 -0.023267
0.887695 -0.0204167
0.888672 0.0408754
0.889648 -0.00758535
0.890625 0.112432
0.891602 -0.0489826
0.892578 0.0213862
0.893555 -0.0280398
0.894531 0.0961229
0.895508 0.0281433
0.896484 0.0783312
0.897461 -0.067062
0.898438 -0.0182353
0.899414 0.0539288
0.900391 0.0356123
0.901367 -0.016041
0.902344 -0.112424
0.90332 0.0107462
0.904297 0.0826737
0.905273 0.034906
0.90625 0.0501071
0.907227 0.0260789
0.908203 0.0646241
0.90918 0.0318219
0.910156 0.0685867
0.911133 0.0333644
0.912109 0.00301044
0.913086 -0.0660013
0.914062 0.0353802
0.915039 -0.00925527
0.916016 0.0443273
0.916992 0.0023057
0.917969 -0.082058
0.918945 -0.014715
0.919922 0.0121266
0.920898 0.0291396
0.921875 0.00435972
0.922852 0.0404783
0.923828 -0.0772291
0.924805 -0.121945
0.925781 -0.0133216
0.926758 -0.00942501
0.927734 -0.0603699
0.928711 0.0171602
0.929688 -0.0552553
0.930664 -0.00877465
0.931641 -0.000527587
0.932617 -0.00557207
0.933594 0.0477848
0.93457 -0.0420404
0.935547 -0.0144082
0.936523 0.0858012
0.9375 0.00807479
0.938477 0.0968461
0.939453 0.131064
0.94043 0.0448344
0.941406 0.0517737
0.942383 -0.12098
0.943359 0.0141079
0.944336 0.0307129
0.945312 -0.0530646
0.946289 -0.0486991
0.947266 0.00318391
0.948242 0.0401181
0.949219 0.00281243
0.950195 0.00742626
0.951172 0.016463
0.952148 -0.0437709
0.953125 -0.00182103
0.954102 0.10104
0.955078 -0.0756318
0.956055 0.00262827
0.957031 0.0537849
0.958008 0.048627
0.958984 -0.032063
0.959961 0.0345886
0.960938 0.0578961
0.961914 -0.0282985
0.962891 0.0424246
0.963867 -0.0156161
0.964844 -0.0541918
0.96582 0.0444729
0.966797 -0.0126436
0.967773 -0.0446143
0.96875 2.18321e-05
0.969727 -0.00673534
0.970703 0.0534342
0.97168 0.0274546
0.972656 0.0873116
0.973633 0.0554506
0.974609 -0.0964463
0.975586 0.0594682
0.976562 0.0475335
0.977539 -0.0117619
0.978516 0.0896909
0.979492 0.065631
0.980469 0.0329321
0.981445 -0.0502764
0.982422 0.0127692
0.983398 0.0454411
0.984375 0.0393968
0.985352 0.0241359
0.986328 0.0167319
0.987305 -0.0599115
0.988281 -0.0536842
0.989258 0.0821586
0.990234 0.135053
0.991211 0.0743156
0.992188 0.10752
0.993164 0.0283112
0.994141 -0.0350967
0.995117 0.0433101
0.996094 -0.00865564
0.99707 -0.0232649
0.998047 0.00415662
0.999023 0.0773241
1 0.0186765
1.00098 -0.0203162
1.00195 -0.0602717
1.00293 0.0196003
1.00391 -0.048225
1.00488 0.0819965
1.00586 0.0139074
1.00684 0.066049
1.00781 0.0345434
1.00879 0.0598425
1.00977 0.010286
1.01074 -0.0470491
1.01172 -0.0106261
1.0127 0.0507609
1.01367 -0.0692715
1.01465 0.0354708
1.01562 0.0347347
1.0166 0.0402554
1.01758 0.0296731
1.01855 0.0053363
1.01953 0.00638136
1.02051 -0.0764082
1.02148 -0.0615422
1.02246 -0.0656679
1.02344 0.147454
1.02441 0.00231934
1.02539 -0.0469428
1.02637 -0.0142675
1.02734 0.0828997
1.02832 0.109139
1.0293 0.0900518
1.03027 -0.0517179
1.03125 -0.0781114
1.03223 -0.0107723
1.0332 -0.0512191
1.03418 0.0309439
1.03516 -0.0586756
1.03613 0.0134378
1.03711 0.0262562
1.03809 0.0194639
1.03906 0.0917772
1.04004 -0.0444784
1.04102 -0.0359463
1.04199 -0.0110252
1.04297 -0.0596205
1.04395 -0.0977595
1.04492 0.0381224
1.0459 -0.0816442
1.04688 0.00667068
1.04785 -0.0515976
1.04883 -0.120151
1.0498 -0.0673851
1.05078 0.0849151
1.05176 -0.00489129
1.05273 0.11602
1.05371 0.111697
1.05469 -0.0581446
1.05566 0.018223
1.05664 0.00668278
1.05762 -0.016642
1.05859 0.0109441
1.05957 -0.0362175
1.06055 -0.0206547
1.06152 -0.0332466
1.0625 0.0849525
1.06348 0.0773402
1.06445 0.0521842
1.06543 0.0386304
1.06641 0.0283621
1.06738 0.014372
1.06836 -0.0353927
1.06934 0.00296288
1.07031 -0.0162991
1.07129 -0.0581252
1.07227 -0.111186
1.07324 -0.00693827
1.07422 0.0213173
1.0752 0.046212
1.07617 -0.00871892
1.07715 -0.0471427
1.07812 -0.0472927
1.0791 0.056183
1.08008 0.0094639
1.08105 -0.0547353
1.08203 0.013683
1.08301 0.0199316
1.08398 0.0457538
1.08496 0.0645387
1.08594 0.0496982
1.08691 0.0772871
1.08789 -0.101415
1.08887 -0.0648559
1.08984 -0.0371026
1.09082 0.0951884
1.0918 -0.0668529
1.09277 -0.00467696
1.09375 -0.00407984
1.09473 0.0849837
1.0957 0.0512085
1.09668 -0.00524576
1.09766 0.0328847
1.09863 0.0175715
1.09961 -0.0484632
1.10059 -0.0412282
1.10156 -0.121445
1.10254 -0.0286586
1.10352 0.038878
1.10449 -0.0242093
1.10547 -0.0397218
1.10645 0.0206268
1.10742 -0.0658859
1.1084 -0.0168746
1.10938 0.125837
1.11035 0.0934762
1.11133 0.0731498
1.1123 -0.0837999
1.11328 -0.12211
1.11426 0.00853632
1.11523 0.0150128
1.11621 0.000732416
1.11719 0.0237607
1.11816 -0.0704388
1.11914 0.151783
1.12012 -0.00731113
1.12109 -0.0149485
1.12207 0.028975
1.12305 -0.0335037
1.12402 -0.0107238
1.125 0.0367336
1.12598 0.0719424
1.12695 0.0299846
1.12793 0.0585838
1.12891 0.142923
1.12988 -0.0146838
1.13086 -0.0395908
1.13184 -0.00404456
1.13281 -0.0314727
1.13379 0.0378413
1.13477 -0.0804432
1.13574 0.0319757
1.13672 0.0666959
1.1377 0.0100344
1.13867 -0.022206
1.13965 0.051109
1.14062 0.0527581
1.1416 0.0529806
1.14258 -0.0545663
1.14355 0.0257209
1.14453 0.0634238
1.14551 0.00815889
1.14648 0.0335531
1.14746 -0.0981951
1.14844 -0.0420979
1.14941 0.029758
1.15039 -0.0302488
1.15137 -0.00969225
1.15234 -0.0444458
1.15332 -0.0286494
1.1543 -0.00593189
1.15527 -0.0673453
1.15625 0.0869539
1.15723 -0.0189141
1.1582 0.045177
1.15918 0.0139401
1.16016 -0.0487445
1.16113 0.0298432
1.16211 -0.00568079
1.16309 -0.0331722
1.16406 0.0453891
1.16504 0.0300314
1.16602 0.0126928
1.16699 0.0588817
1.16797 0.0566496
1.16895 -0.0414543
1.16992 -0.0464402
1.1709 0.122868
1.17188 0.0289192
1.17285 0.0237035
1.17383 0.0462222
1.1748 0.00845979
1.17578 0.0446367
1.17676 0.0805243
1.17773 0.103753
1.17871 -0.0793911
1.17969 -0.0784356
1.18066 0.067265
1.18164 0.0283993
1.18262 -0.0382047
1.18359 -0.0806918
1.18457 0.0132317
1.18555 -0.0783639
1.18652 0.0788339
1.1875 -0.017266
1.18848 -0.0396674
1.18945 0.179135
1.19043 -0.0516785
1.19141 0.0169395
1.19238 0.0146361
1.19336 0.0656854
1.19434 0.0279576
1.19531 0.00864676
1.19629 0.0656356
1.19727 -0.0132897
1.19824 -0.0047047
1.19922 0.125288
1.2002 -0.0892896
1.20117 -0.0213134
1.20215 -0.0205092
1.20312 0.097733
1.2041 0.0942813
1.20508 0.0478357
1.20605 0.0517601
1.20703 0.0242763
1.20801 0.0515118
1.20898 0.00485227
1.20996 -0.0155972
1.21094 -0.0185656
1.21191 -0.00963208
1.21289 -0.0853749
1.21387 -0.123571
1.21484 -0.0435179
1.21582 -0.0246462
1.2168 0.00860545
1.21777 0.0346599
1.21875 -0.0581311
1.21973 -0.0149856
1.2207 0.00614209
1.22168 -0.029762
1.22266 0.0475475
1.22363 -0.0213927
1.22461 0.0349709
1.22559 -0.0411067
1.22656 0.0523877
1.22754 0.0732991
1.22852 0.00123108
1.22949 0.0114771
1.23047 0.0920859
1.23145 -0.03468
1.23242 0.0466158
1.2334 -0.0393972
1.23438 0.0219985
1.23535 -0.111185
1.23633 -0.0269085
1.2373 -0.0501795
1.23828 0.11211
1.23926 -0.0141291
1.24023 0.0483167
1.24121 -0.0786094
1.24219 -0.00604234
1.24316 -0.028066
1.24414 -0.0183782
1.24512 0.00907469
1.24609 0.0800013
1.24707 0.0433291
1.24805 0.0100961
1.24902 0.0830345
1.25 -0.0103082
1.25098 -0.0317124
1.25195 0.00532781
1.25293 0.00838248
1.25391 0.0353006
1.25488 -0.0457698
1.25586 -0.0669708
1.25684 0.0224126
1.25781 0.0791448
1.25879 -0.0250669
1.25977 -0.0202353
1.26074 -0.00732531
1.26172 0.130647
1.2627 0.0496839
1.26367 0.0149257
1.26465 0.0260012
1.26562 -0.0700295
1.2666 0.0230636
1.26758 0.103326
1.26855 -0.0105754
1.26953 -0.0709817
1.27051 -0.0440777
1.27148 0.0316792
1.27246 -0.168624
1.27344 0.07583
1.27441 0.0289188
1.27539 -0.00199298
1.27637 -0.0223806
1.27734 -0.193212
1.27832 -0.0459415
1.2793 0.0310758
1.28027 0.000353654
1.28125 0.00122134
1.28223 -0.0107449
1.2832 0.0466718
1.28418 -0.0627299
1.28516 -0.0127477
1.28613 -0.096267
1.28711 0.0418528
1.28809 -0.000640347
1.28906 0.101914
1.29004 0.0108912
1.29102 -0.0226319
1.29199 0.0572401
1.29297 -0.0187111
1.29395 -0.00482034
1.29492 -0.0182309
1.2959 -0.00974618
1.29688 0.0229032
1.29785 -0.0651053
1.29883 0.0110973
1.2998 -0.009181
1.30078 0.0185913
1.30176 0.0280968
1.30273 -0.0694993
1.30371 0.00650496
1.30469 0.0357924
1.30566 -0.00682815
1.30664 0.0167773
1.30762 0.014926
1.30859 -0.0507042
1.30957 0.0438077
1.31055 0.127958
1.31152 -0.0362576
1.3125 0.0292554
1.31348 -0.047289
1.31445 -0.0671084
1.31543 0.0491083
1.31641 0.0317384
1.31738 -0.00418924
1.31836 0.0251207
1.31934 -0.0854529
1.32031 0.0287246
1.32129 0.0710969
1.32227 -0.0185113
1.32324 0.0306994
1.32422 -0.0411776
1.3252 0.128837
1.32617 -0.0132726
1.32715 0.0474766
1.32812 0.0754398
1.3291 0.139603
1.33008 0.0538407
1.33105 0.0708532
1.33203 0.0917367
1.33301 -0.115521
1.33398 -0.0753566
1.33496 -0.136123
1.33594 -0.0229677
1.33691 0.027197
1.33789 0.103792
1.33887 0.0421921
1.33984 -0.0812007
1.34082 0.0703115
1.3418 -0.0421119
1.34277 -0.0194472
1.34375 -0.032567
1.34473 -0.0505545
1.3457 -0.00903768
1.34668 -0.0117186
1.34766 0.000917772
1.34863 0.095702
1.34961 0.057787
1.35059 0.125495
1.35156 0.0198602
1.35254 -0.0581063
1.35352 -0.000288545
1.35449 -0.0509385
1.35547 0.0581869
1.35645 -0.0231754
1.35742 0.0661714
1.3584 -0.0843766
1.35938 -0.0383555
1.36035 -0.0208724
1.36133 0.0233044
1.3623 -0.110785
1.36328 0.0538467
1.36426 -0.0012672
1.36523 0.0875914
1.36621 0.0524121
1.36719 0.121999
1.36816 0.00277197
1.36914 -0.0787684
1.37012 -0.0125418
1.37109 0.0114881
1.37207 0.0876467
1.37305 0.0102965
1.37402 -0.0185511
1.375 0.0312697
1.37598 0.0523633
1.37695 0.0338357
1.37793 0.037883
1.37891 0.124795
1.37988 -0.0364232
1.38086 -0.0114218
1.38184 -0.0343385
1.38281 -0.00544002
1.38379 -0.000663117
1.38477 0.0450341
1.38574 -0.0158714
1.38672 -0.00690688
1.3877 -0.01748
1.38867 0.119987
1.38965 0.118975
1.39062 0.0266676
1.3916 -0.00715891
1.39258 -0.089041
1.39355 0.0890932
1.39453 0.116195
1.39551 0.0296003
1.39648 0.0172462
1.39746 0.0753891
1.39844 0.0058469
1.39941 0.0292651
1.40039 -0.0568518
1.40137 -0.0226068
1.40234 -0.00440975
1.40332 0.0123611
1.4043 -0.0506526
1.40527 0.00800442
1.40625 0.0329167
1.40723 -0.0763304
1.4082 0.067852
1.40918 0.0148748
1.41016 0.0080038
1.41113 0.0172491
1.41211 -0.0095568
1.41309 0.0393248
1.41406 0.112629
1.41504 0.0121918
1.41602 0.022657
1.41699 0.0951947
1.41797 0.052008
1.41895 0.0354897
1.41992 0.0614733
1.4209 0.0589279
1.42188 -0.0302626
1.42285 0.0422035
1.42383 0.072395
1.4248 0.0112491
1.42578 0.03811
1.42676 0.0685469
1.42773 0.0299503
1.42871 0.0438234
1.42969 0.0381689
1.43066 0.0529521
1.43164 -0.022135
1.43262 0.00131424
1.43359 0.0085636
1.43457 -0.0464324
1.43555 -0.0014738
1.43652 0.0879327
1.4375 0.00952617
1.43848 0.00856485
1.43945 0.0828865
1.44043 0.0282082
1.44141 -0.0782431
1.44238 -0.0768576
1.44336 0.0768263
1.44434 0.0460369
1.44531 -0.0956171
1.44629 -0.0633601
1.44727 0.000649759
1.44824 0.0503981
1.44922 -0.0415287
1.4502 0.0727569
1.45117 0.03298
1.45215 0.174169
1.45312 -0.0697727
1.4541 0.0730207
1.45508 -0.000909995
1.45605 -0.0240998
1.45703 -0.0368815
1.45801 0.00888266
1.45898 0.0319293
1.45996 -0.0833003
1.46094 0.0162098
1.46191 0.0555367
1.46289 0.0366905
1.46387 0.0520384
1.46484 -0.0232647
1.46582 -0.0714675
1.4668 -0.0063614
1.46777 0.129051
1.46875 0.00402848
1.46973 0.00546676
1.4707 -0.0304718
1.47168 -0.0465221
1.47266 0.0351097
1.47363 0.00929572
1.47461 -0.00223391
1.47559 0.0210369
1.47656 0.0123905
1.47754 0.0297792
1.47852 0.0491538
1.47949 -0.0041002
1.48047 -0.0740467
1.48145 -0.0187341
1.48242 -0.083725
1.4834 -0.0412914
1.48438 0.0511734
1.48535 0.0291135
1.48633 0.0212298
1.4873 0.000849806
1.48828 0.100262
1.48926 0.176026
1.49023 -0.016125
1.49121 0.05499
1.49219 -0.0492086
1.49316 -0.00362969
1.49414 0.029185
1.49512 0.124145
1.49609 -0.027393
1.49707 -0.00186469
1.49805 0.0416534
1.49902 -0.0108508
1.5 0.0214484
1.50098 -0.0667115
1.50195 0.0650383
1.50293 -0.00190305
1.50391 0.00247477
1.50488 0.0612077
1.50586 0.0402064
1.50684 0.139527
1.50781 -0.0310706
1.50879 0.0229419
1.50977 0.0231702
1.51074 -0.0208797
1.51172 -0.0205269
1.5127 0.0910509
1.51367 0.0537177
1.51465 -0.0586855
1.51562 -0.110301
1.5166 0.0651825
1.51758 -0.000782891
1.51855 0.0699222
1.51953 0.0303888
1.52051 -1.97884e-05
1.52148 -0.0326298
1.52246 -0.0348104
1.52344 -0.0233253
1.52441 0.0236364
1.52539 0.0638846
1.52637 0.0937186
1.52734 0.0482886
1.52832 -0.0100078
1.5293 -0.0894587
1.53027 0.108527
1.53125 -0.0949196
1.53223 0.0723214
1.5332 0.108179
1.53418 0.100545
1.53516 -0.0453125
1.53613 0.0236363
1.53711 0.0505026
1.53809 -0.0773428
1.53906 0.000927756
1.54004 0.190109
1.54102 0.00497958
1.54199 0.0407637
1.54297 0.0401915
1.54395 -0.00929042
1.54492 0.00944473
1.5459 -0.0574528
1.54688 0.0721653
1.54785 -0.00298791
1.54883 0.0783889
1.5498 0.0820869
1.55078 -0.0810605
1.55176 0.0250527
1.55273 0.0205361
1.55371 -0.0568555
1.55469 0.0268976
1.55566 -0.0147945
1.55664 -0.00960543
1.55762 0.0704633
1.55859 0.0404906
1.55957 -0.136545
1.56055 0.0211337
1.56152 0.0198106
1.5625 0.014404
1.56348 -0.00830299
1.56445 -0.00457529
1.56543 0.0509873
1.56641 0.072008
1.56738 -0.0890643
1.56836 -0.0179447
1.56934 0.104942
1.57031 -0.0217037
1.57129 0.0613178
1.57227 -0.0207559
1.57324 -0.065934
1.57422 0.0188577
1.5752 0.0032039
1.57617 0.0701161
1.57715 -0.0580777
1.57812 -0.130904
1.5791 -0.0307484
1.58008 0.0203761
1.58105 0.0102706
1.58203 0.0667777
1.58301 0.0149153
1.58398 -0.0210912
1.58496 0.13182
1.58594 0.0412566
1.58691 0.109576
1.58789 -0.0520132
1.58887 0.00575383
1.58984 -0.0310389
1.59082 -0.0029573
1.5918 0.0587035
1.59277 -0.00923703
1.59375 -0.0742448
1.59473 -0.0189808
1.5957 0.0782088
1.59668 0.102965
1.59766 -0.00562291
1.59863 0.0121544
1.59961 0.0479635
1.60059 -0.0169569
1.60156 0.0535465
1.60254 0.0276984
1.60352 0.0210178
1.60449 -0.0758889
1.60547 0.0428575
1.60645 -0.0280092
1.60742 -0.0137946
1.6084 0.152113
1.60938 0.0621428
1.61035 0.114028
1.61133 -0.053656
1.6123 0.0437309
1.61328 -0.0649343
1.61426 0.0416756
1.61523 -0.0136255
1.61621 0.0367806
1.61719 0.0689784
1.61816 0.0092481
1.61914 0.0662329
1.62012 0.121471
1.62109 -0.0239912
1.62207 0.0690486
1.62305 -0.048114
1.62402 -0.0838973
1.625 -0.0390313
1.62598 -0.0411433
1.62695 0.10822
1.62793 0.0124593
1.62891 0.00697678
1.62988 0.0200459
1.63086 -0.047099
1.63184 0.0321848
1.63281 0.0492065
1.63379 -0.0493859
1.63477 -0.0775614
1.63574 -0.0862681
1.63672 0.0219616
1.6377 -0.0138204
1.63867 0.0189577
1.63965 0.00248001
1.64062 0.00567829
1.6416 -0.0421058
1.64258 0.102766
1.64355 -0.0486656
1.64453 -0.00243106
1.64551 0.0298956
1.64648 0.00575439
1.64746 -0.0207032
1.64844 0.0262299
1.64941 0.00604204
1.65039 -0.0282781
1.65137 0.100581
1.65234 -0.0250182
1.65332 0.0462853
1.6543 0.0299562
1.65527 -0.0651508
1.65625 -0.020654
1.65723 0.0638312
1.6582 0.0294059
1.65918 0.0301071
1.66016 -0.0531559
1.66113 -0.0338407
1.66211 -0.0233126
1.66309 -0.0729773
1.66406 -0.0932354
1.66504 0.0545058
1.66602 0.00171905
1.66699 0.0282907
1.66797 0.0265861
1.66895 -0.0126355
1.66992 0.0237209
1.6709 0.0403851
1.67188 0.052389
1.67285 0.0428037
1.67383 -0.0049978
1.6748 0.0480897
1.67578 -0.0775251
1.67676 -0.0248529
1.67773 -0.0142954
1.67871 0.114441
1.67969 -0.146797
1.68066 0.0350964
1.68164 -0.0635189
1.68262 -0.0238562
1.68359 0.0786437
1.68457 -0.067327
1.68555 0.0194421
1.68652 -0.00715216
1.6875 -0.082775
1.68848 0.132488
1.68945 0.0482465
1.69043 0.0471606
1.69141 -0.0114368
1.69238 0.000102916
1.69336 0.0909262
1.69434 -0.0289276
1.69531 0.0815795
1.69629 -0.0564682
1.69727 0.0183426
1.69824 0.0682938
1.69922 -0.0177861
1.7002 0.0136697
1.70117 -0.0561127
1.70215 -0.0494991
1.70312 0.0296295
1.7041 0.0398291
1.70508 0.124985
1.70605 0.0560616
1.70703 0.0129474
1.70801 -0.0401872
1.70898 -0.00615966
1.70996 -0.0232871
1.71094 -0.0756635
1.71191 0.0318483
1.71289 0.0657055
1.71387 0.0249441
1.71484 0.10891
1.71582 0.0820572
1.7168 -0.0634476
1.71777 0.0691754
1.71875 0.0399133
1.71973 0.0863117
1.7207 -0.0478926
1.72168 0.141977
1.72266 0.0718243
1.72363 0.0168765
1.72461 0.0238854
1.72559 -0.0204725
1.72656 -0.0687042
1.72754 0.00520084
1.72852 -0.0170424
1.72949 -0.0227806
1.73047 0.0925558
1.73145 0.00561797
1.73242 0.047864
1.7334 -0.0216747
1.73438 -0.0471141
1.73535 0.0268
1.73633 0.0939992
1.7373 -0.0604656
1.73828 -0.00454688
1.73926 0.012207
1.74023 0.0379211
1.74121 -0.11367
1.74219 0.105555
1.74316 0.0691395
1.74414 -0.0512567
1.74512 0.0716871
1.74609 -0.010369
1.74707 -0.00725871
1.74805 -0.0348684
1.74902 0.12142
1.75 -0.0123816
1.75098 -0.0371876
1.75195 -0.0412726
1.75293 -0.136922
1.75391 0.0214839
1.75488 -0.025671
1.75586 -0.0198335
1.75684 -0.00970308
1.75781 0.0113916
1.75879 0.132762
1.75977 0.0610759
1.76074 0.0346326
1.76172 0.0645948
1.7627 -0.0103632
1.76367 -0.0126135
1.76465 0.104413
1.76562 -0.007925
1.7666 0.0770932
1.76758 0.0433819
1.76855 0.0360656
1.76953 0.102627
1.77051 -0.0268674
1.77148 0.10177
1.77246 0.0607393
1.77344 0.0719996
1.77441 0.004354
1.77539 0.0854521
1.77637 0.0294084
1.77734 -0.0577203
1.77832 -0.0116654
1.7793 -0.00904516
1.78027 -0.123173
1.78125 0.0863094
1.78223 -0.0603561
1.7832 0.0608008
1.78418 -0.0312007
1.78516 0.00467591
1.78613 -0.0122781
1.78711 0.0736377
1.78809 -0.0826067
1.78906 -0.0276153
1.79004 -0.0571901
1.79102 0.0493845
1.79199 -0.0262597
1.79297 0.0173505
1.79395 0.0876257
1.79492 0.124655
1.7959 0.0341064
1.79688 -0.0669126
1.79785 -0.0431062
1.79883 -0.0370321
1.7998 0.0871877
1.80078 0.0105518
1.80176 -0.0082355
1.80273 -0.0429162
1.80371 0.0343005
1.80469 0.123014
1.80566 0.097701
1.80664 -0.0998216
1.80762 -0.0362387
1.80859 0.065818
1.80957 -0.00952375
1.81055 -0.0569386
1.81152 -0.0421012
1.8125 -0.0655712
1.81348 -0.0512092
1.81445 0.050086
1.81543 0.0186739
1.81641 -0.0175655
1.81738 0.0361852
1.81836 -0.00432046
1.81934 0.0412248
1.82031 0.0372119
1.82129 0.0136726
1.82227 -0.118863
1.82324 0.0645505
1.82422 0.0183589
1.8252 0.0387277
1.82617 -0.122095
1.82715 0.0413071
1.82812 -0.111119
1.8291 0.0448228
1.83008 0.00449348
1.83105 0.0975623
1.83203 0.0226801
1.83301 0.0300629
1.83398 -0.038761
1.83496 0.0183159
1.83594 -0.0695882
1.83691 0.00226891
1.83789 -0.0466366
1.83887 -0.0279893
1.83984 0.0197083
1.84082 -0.0484786
1.8418 -0.0154806
1.84277 -0.000612323
1.84375 -0.0148466
1.84473 0.0133266
1.8457 -0.0488334
1.84668 0.0660351
1.84766 0.054907
1.84863 -0.0803575
1.84961 0.0175228
1.85059 -0.017124
1.85156 0.00543771
1.85254 -0.0105508
1.85352 0.0206155
1.85449 -0.0550998
1.85547 0.0359711
1.85645 -0.0147985
1.85742 -0.0499004
1.8584 0.117806
1.85938 0.0339344
1.86035 0.0488034
1.86133 0.125404
1.8623 -0.123677
1.86328 0.0464797
1.86426 0.00220105
1.86523 0.03884
1.86621 0.00115364
1.86719 0.0462392
1.86816 0.0168123
1.86914 0.0292949
1.87012 0.0361798
1.87109 -0.0504322
1.87207 0.0495542
1.87305 -0.0933453
1.87402 0.0338109
1.875 -0.0101641
1.87598 -0.0154221
1.87695 0.112419
1.87793 -0.000498022
1.87891 -0.00115903
1.87988 0.0459518
1.88086 -0.0794916
1.88184 0.0923329
1.88281 0.0999495
1.88379 0.046795
1.88477 0.00706529
1.88574 0.108638
1.88672 -0.00560589
1.8877 0.0737397
1.88867 0.0205255
1.88965 -0.0758076
1.89062 -0.0638183
1.8916 0.0951775
1.89258 -0.0453041
1.89355 0.0328627
1.89453 0.0611007
1.89551 -0.0107697
1.89648 0.0520992
1.89746 -0.0482662
1.89844 0.0396034
1.89941 0.0537126
1.90039 -0.0500458
1.90137 -0.0136621
1.90234 0.106254
1.90332 0.0643417
1.9043 0.0331982
1.90527 -0.0957955
1.90625 -0.0483941
1.90723 -0.0968414
1.9082 0.0691693
1.90918 -0.0126766
1.91016 0.0177917
1.91113 0.0290128
1.91211 -0.0245173
1.91309 0.00339519
1.91406 0.0161109
1.91504 -0.0333447
1.91602 -0.0436604
1.91699 -0.0027595
1.91797 0.0344432
1.91895 -0.104364
1.91992 0.0147345
1.9209 0.0151057
1.92188 0.0755944
1.92285 0.0290873
1.92383 0.00633849
1.9248 -0.0571502
1.92578 0.01571
1.92676 -0.0784426
1.92773 0.0655772
1.92871 -0.02489
1.92969 0.0522768
1.93066 -0.100856
1.93164 0.00696746
1.93262 -0.0117274
1.93359 0.0307938
1.93457 0.0778856
1.93555 0.152315
1.93652 -0.0654546
1.9375 -0.0164163
1.93848 -0.0482871
1.93945 0.0776682
1.94043 -0.0384208
1.94141 0.00892779
1.94238 -0.132998
1.94336 -0.00969365
1.94434 0.0848964
1.94531 -0.047508
1.94629 0.0670545
1.94727 -0.00936383
1.94824 0.0718545
1.94922 0.0284316
1.9502 -0.0360665
1.95117 0.0150675
1.95215 0.0139671
1.95312 -0.0505457
1.9541 -0.0487473
1.95508 0.0719059
1.95605 0.00687752
1.95703 0.0548829
1.95801 -0.0650302
1.95898 0.0300524
1.95996 0.0423
1.96094 -0.0333509
1.96191 0.0260474
1.96289 -0.0548407
1.96387 -0.0627244
1.96484 -0.0592757
1.96582 0.125752
1.9668 0.129842
1.96777 0.069875
1.96875 -0.00422788
1.96973 0.0615507
1.9707 0.0267323
1.97168 0.0135082
1.97266 -0.0723969
1.97363 0.0597306
1.97461 0.00923002
1.97559 0.068864
1.97656 0.112516
1.97754 0.0374042
1.97852 -0.0586467
1.97949 -0.0253706
1.98047 0.00229984
1.98145 0.111388
1.98242 0.00600771
1.9834 -0.0447949
1.98438 0.0882577
1.98535 -0.0219104
1.98633 0.0503105
1.9873 0.0215159
1.98828 -0.02353
1.98926 0.0420958
1.99023 0.103907
1.99121 -0.0106388
1.99219 -0.0257221
1.99316 -0.0546246
1.99414 -0.00267787
1.99512 0.0446544
1.99609 0.078325
1.99707 0.0478904
1.99805 -0.0177755
1.99902 -0.0828982
