0 0.414425
0.000976562 0.646149
0.00195312 0.26428
0.00292969 -0.0266761
0.00390625 0.00541706
0.00488281 0.11549
0.00585938 -0.101986
0.00683594 -0.0554543
0.0078125 -0.195611
0.00878906 -0.358884
0.00976562 0.136357
0.0107422 0.108225
0.0117188 -0.0647908
0.0126953 0.269803
0.0136719 0.121649
0.0146484 0.169978
0.015625 -0.234255
0.0166016 -0.288643
0.0175781 0.0854448
0.0185547 -0.0772579
0.0195312 0.637331
0.0205078 0.483524
0.0214844 0.444728
0.0224609 0.106643
0.0234375 0.0379642
0.0244141 -0.0825359
0.0253906 -0.180867
0.0263672 -0.00922528
0.0273438 0.0136287
0.0283203 -0.258434
0.0292969 -0.0119192
0.0302734 -0.263923
0.03125 -0.0752961
0.0322266 -0.104845
0.0332031 0.301223
0.0341797 -0.403249
0.0351562 -0.339255
0.0361328 0.430841
0.0371094 -0.232682
0.0380859 0.138001
0.0390625 -0.119042
0.0400391 -0.559945
0.0410156 0.014821
0.0419922 -0.224115
0.0429688 0.249354
0.0439453 0.0398739
0.0449219 0.311502
0.0458984 -0.231053
0.046875 -0.317053
0.0478516 -0.0938934
0.0488281 0.248562
0.0498047 0.184363
0.0507812 0.120306
0.0517578 -0.444009
0.0527344 -0.324541
0.0537109 -0.0619098
0.0546875 -0.498733
0.0556641 -0.0365482
0.0566406 0.246608
0.0576172 0.415703
0.0585938 0.0429627
0.0595703 -0.42018
0.0605469 0.188069
0.0615234 0.144512
0.0625 0.0328382
0.0634766 0.128906
0.0644531 0.0214737
0.0654297 0.34196
0.0664062 0.0328534
0.0673828 -0.188946
0.0683594 0.028168
0.0693359 0.130335
0.0703125 -0.0912488
0.0712891 0.0870387
0.0722656 -0.410063
0.0732422 0.0780563
0.0742188 -0.107754
0.0751953 -0.228427
0.0761719 0.0443733
0.0771484 -0.367302
0.078125 0.132566
0.0791016 -0.0942987
0.0800781 0.522881
0.0810547 -0.203536
0.0820312 -0.808038
0.0830078 -0.144025
0.0839844 0.313071
0.0849609 0.00884714
0.0859375 0.144678
0.0869141 -0.00511042
0.0878906 0.225523
0.0888672 -0.063684
0.0898438 -0.169074
0.0908203 0.0127249
0.0917969 -0.392665
0.0927734 -0.240994
0.09375 -0.324476
0.0947266 -0.00224179
0.0957031 0.35027
0.0966797 0.369505
0.0976562 0.418649
0.0986328 -0.30708
0.0996094 -0.30347
0.100586 -0.069077
0.101562 0.31527
0.102539 0.394824
0.103516 -0.0936489
0.104492 0.17248
0.105469 -0.179241
0.106445 0.584645
0.107422 0.110407
0.108398 0.0211658
0.109375 -0.178694
0.110352 -0.0217352
0.111328 -0.0808166
0.112305 0.151882
0.113281 0.233386
0.114258 0.41011
0.115234 0.0853947
0.116211 -0.0249835
0.117188 -0.0980521
0.118164 -0.523295
0.119141 -0.000572951
0.120117 0.0699299
0.121094 0.310227
0.12207 0.129485
0.123047 -0.150405
0.124023 -0.0585045
0.125 -0.319328
0.125977 0.200712
0.126953 -0.253004
0.12793 0.0203756
0.128906 0.269406
0.129883 -0.103863
0.130859 0.126889
0.131836 0.210862
0.132812 -0.293763
0.133789 0.297463
0.134766 -0.430303
0.135742 -0.403797
0.136719 0.235961
0.137695 0.61595
0.138672 -0.198386
0.139648 -0.0874049
0.140625 0.0112204
0.141602 0.0808795
0.142578 -0.156634
0.143555 0.176701
0.144531 0.0424273
0.145508 -0.189891
0.146484 -0.166566
0.147461 0.284825
0.148438 0.300576
0.149414 -0.266189
0.150391 0.0576701
0.151367 -0.283913
0.152344 -0.304812
0.15332 -0.333331
0.154297 0.195777
0.155273 -0.0591825
0.15625 -0.172883
0.157227 0.0649778
0.158203 0.133791
0.15918 0.359883
0.160156 0.0925958
0.161133 -0.125393
0.162109 -0.0384377
0.163086 -0.0567462
0.164062 0.00110279
0.165039 -0.368903
0.166016 -0.159372
0.166992 0.0466092
0.167969 0.382292
0.168945 0.36071
0.169922 0.342874
0.170898 -0.224844
0.171875 -0.0397161
0.172852 -0.00836418
0.173828 -0.487819
0.174805 -0.241184
0.175781 0.298935
0.176758 -0.223037
0.177734 0.247999
0.178711 0.361352
0.179688 -0.0498487
0.180664 -0.165988
0.181641 0.207845
0.182617 0.316209
0.183594 0.281511
0.18457 0.152895
0.185547 0.0957355
0.186523 -0.299125
0.1875 -0.203174
0.188477 -0.233598
0.189453 -0.259596
0.19043 -0.0763629
0.191406 -0.0172887
0.192383 -0.11352
0.193359 -0.147353
0.194336 0.163093
0.195312 0.219866
0.196289 0.222296
0.197266 -0.324197
0.198242 -0.561367
0.199219 0.129659
0.200195 0.0375626
0.201172 0.180259
0.202148 0.177822
0.203125 0.194799
0.204102 0.205987
0.205078 0.421481
0.206055 -0.185696
0.207031 0.0423341
0.208008 0.243605
0.208984 -0.0754229
0.209961 -0.0635958
0.210938 -0.132447
0.211914 -0.24166
0.212891 -0.153199
0.213867 -0.150807
0.214844 -0.0570721
0.21582 -0.215062
0.216797 0.287611
0.217773 0.0822403
0.21875 0.289261
0.219727 0.345306
0.220703 0.327666
0.22168 -0.215093
0.222656 -0.155832
0.223633 -0.122735
0.224609 0.43929
0.225586 0.0367968
0.226562 -0.0118827
0.227539 0.0534612
0.228516 0.295553
0.229492 -0.00359654
0.230469 -0.109259
0.231445 -0.300104
0.232422 -0.26721
0.233398 -0.0385282
0.234375 0.246021
0.235352 -0.0750236
0.236328 -0.141235
0.237305 -0.00151279
0.238281 -0.0338751
0.239258 0.1093
0.240234 0.0250015
0.241211 -0.203638
0.242188 0.287054
0.243164 -0.0459476
0.244141 -0.0757088
0.245117 -0.503139
0.246094 0.314883
0.24707 0.300226
0.248047 -0.0893187
0.249023 -0.112857
0.25 0.121576
0.250977 0.0737321
0.251953 0.230507
0.25293 -0.257631
0.253906 0.346049
0.254883 -0.0245944
0.255859 0.198122
0.256836 0.329017
0.257812 0.0294919
0.258789 0.270351
0.259766 0.109237
0.260742 0.191048
0.261719 -0.195867
0.262695 -0.176787
0.263672 -0.0866761
0.264648 0.341472
0.265625 0.0136878
0.266602 -0.0987436
0.267578 0.219828
0.268555 -0.0906004
0.269531 -0.194975
0.270508 -0.445354
0.271484 -0.241321
0.272461 -0.136672
0.273438 -0.183315
0.274414 0.258933
0.275391 -0.0513403
0.276367 0.165727
0.277344 0.238934
0.27832 -0.0729603
0.279297 -0.0694228
0.280273 -0.0173895
0.28125 0.37084
0.282227 0.315838
0.283203 -0.065186
0.28418 -0.155333
0.285156 0.02914
0.286133 -0.397128
0.287109 0.232094
0.288086 0.0313105
0.289062 0.233091
0.290039 -0.101554
0.291016 -0.18414
0.291992 0.0441668
0.292969 0.167708
0.293945 0.275436
0.294922 0.152314
0.295898 0.0568302
0.296875 0.295092
0.297852 -0.142517
0.298828 -0.107417
0.299805 0.44904
0.300781 0.296944
0.301758 -0.0501968
0.302734 -0.115915
0.303711 0.0692455
0.304688 -0.340399
0.305664 -0.108525
0.306641 0.0527068
0.307617 -0.0811919
0.308594 0.196642
0.30957 -0.543
0.310547 -0.263401
0.311523 -0.202425
0.3125 -0.0163201
0.313477 0.0462524
0.314453 -0.170439
0.31543 -0.261906
0.316406 0.0704997
0.317383 0.097591
0.318359 0.135761
0.319336 0.0502749
0.320312 0.0776907
0.321289 -0.211836
0.322266 -0.432318
0.323242 0.0110067
0.324219 0.393075
0.325195 -0.0769367
0.326172 0.299347
0.327148 -0.332382
0.328125 0.018943
0.329102 0.224015
0.330078 0.0371745
0.331055 0.319804
0.332031 -0.112819
0.333008 0.222512
0.333984 0.229386
0.334961 0.224522
0.335938 0.0233096
0.336914 0.148843
0.337891 -0.0861955
0.338867 -0.395167
0.339844 -0.184825
0.34082 0.104694
0.341797 0.354168
0.342773 0.110547
0.34375 -0.393317
0.344727 0.121375
0.345703 -0.0448431
0.34668 0.130706
0.347656 0.0012317
0.348633 -0.111123
0.349609 -0.309401
0.350586 0.0219467
0.351562 -0.104259
0.352539 -0.297814
0.353516 -0.241011
0.354492 0.429829
0.355469 0.156885
0.356445 0.257181
0.357422 0.169388
0.358398 0.294188
0.359375 0.359499
0.360352 0.415965
0.361328 0.396482
0.362305 0.0102652
0.363281 0.306151
0.364258 0.499009
0.365234 0.250583
0.366211 -0.000202368
0.367188 -0.216373
0.368164 0.0166857
0.369141 0.220821
0.370117 0.059681
0.371094 -0.187649
0.37207 -0.304568
0.373047 0.362371
0.374023 0.00418283
0.375 0.0451139
0.375977 0.111128
0.376953 -0.0284553
0.37793 0.215485
0.378906 0.00771486
0.379883 0.299184
0.380859 0.239152
0.381836 0.28445
0.382812 -0.00526265
0.383789 -0.13199
0.384766 -0.618547
0.385742 -0.162182
0.386719 0.177998
0.387695 -0.395268
0.388672 -0.167176
0.389648 0.177702
0.390625 0.474779
0.391602 -0.193241
0.392578 0.139223
0.393555 -0.0942378
0.394531 0.217012
0.395508 0.171301
0.396484 -0.189769
0.397461 0.230456
0.398438 -0.220273
0.399414 0.268291
0.400391 0.257462
0.401367 0.0806091
0.402344 0.54293
0.40332 -0.315645
0.404297 0.0307934
0.405273 -0.16416
0.40625 -0.0220892
0.407227 0.141063
0.408203 -0.106476
0.40918 0.408637
0.410156 0.202039
0.411133 -0.0900387
0.412109 0.222734
0.413086 -0.12121
0.414062 -0.135427
0.415039 -0.161127
0.416016 -0.0175777
0.416992 0.0480282
0.417969 0.0043891
0.418945 -0.249998
0.419922 -0.0566732
0.420898 0.304266
0.421875 -0.0922118
0.422852 -0.000947114
0.423828 -0.0160764
0.424805 0.0845566
0.425781 0.114668
0.426758 -0.0875782
0.427734 -0.133632
0.428711 -0.461151
0.429688 -0.124135
0.430664 0.191583
0.431641 0.047341
0.432617 0.467663
0.433594 -0.123222
0.43457 0.120463
0.435547 0.251053
0.436523 -0.105968
0.4375 0.137278
0.438477 -0.166151
0.439453 -0.19162
0.44043 -0.000321233
0.441406 0.122827
0.442383 -0.0108348
0.443359 0.0933835
0.444336 0.255674
0.445312 0.18838
0.446289 0.0933929
0.447266 0.270696
0.448242 -0.45802
0.449219 -0.221687
0.450195 -0.166067
0.451172 -0.00427821
0.452148 -0.443534
0.453125 -0.467521
0.454102 -0.0398897
0.455078 0.183597
0.456055 0.0332871
0.457031 -0.146205
0.458008 0.0320793
0.458984 -0.0134389
0.459961 -0.16513
0.460938 0.0573933
0.461914 -0.178337
0.462891 0.0412619
0.463867 -0.305052
0.464844 -0.144999
0.46582 0.0193816
0.466797 -0.0765761
0.467773 0.011027
0.46875 0.626538
0.469727 0.55308
0.470703 0.225257
0.47168 0.186029
0.472656 0.0277242
0.473633 -0.075515
0.474609 0.185977
0.475586 0.227727
0.476562 0.279917
0.477539 0.196789
0.478516 0.246944
0.479492 0.234705
0.480469 0.0458309
0.481445 0.305267
0.482422 0.0148535
0.483398 0.0172288
0.484375 -0.386449
0.485352 0.40936
0.486328 0.22051
0.487305 -0.417849
0.488281 0.484873
0.489258 0.456177
0.490234 0.365321
0.491211 0.340856
0.492188 0.4846
0.493164 0.685594
0.494141 0.498353
0.495117 0.0950897
0.496094 0.869963
0.49707 0.628092
0.498047 0.763965
0.499023 0.550376
0.5 0.875203
0.500977 1.16007
0.501953 1.1167
0.50293 0.170191
0.503906 1.00191
0.504883 1.01658
0.505859 1.15817
0.506836 0.924388
0.507812 0.816409
0.508789 0.764971
0.509766 0.456382
0.510742 0.0201726
0.511719 0.176805
0.512695 0.151312
0.513672 0.0188155
0.514648 -0.3791
0.515625 -0.00467034
0.516602 0.0158387
0.517578 0.0881119
0.518555 -0.359311
0.519531 0.0283883
0.520508 -0.157704
0.521484 0.452376
0.522461 0.0335568
0.523438 -0.126371
0.524414 -0.00712077
0.525391 0.0045801
0.526367 0.446847
0.527344 -0.0259918
0.52832 -0.126087
0.529297 -0.0849965
0.530273 -0.49172
0.53125 0.29508
0.532227 -0.24532
0.533203 0.0703954
0.53418 0.0315382
0.535156 0.151017
0.536133 0.0722826
0.537109 0.286764
0.538086 0.0920355
0.539062 -0.213711
0.540039 0.310537
0.541016 0.221329
0.541992 0.368627
0.542969 -0.209536
0.543945 0.132428
0.544922 -0.0185624
0.545898 -0.119448
0.546875 -0.110065
0.547852 -0.130566
0.548828 -0.0775172
0.549805 -0.537337
0.550781 -0.106733
0.551758 -0.21489
0.552734 -0.0913602
0.553711 -0.301316
0.554688 -0.145961
0.555664 0.0460691
0.556641 0.324078
0.557617 -0.147927
0.558594 0.178265
0.55957 0.270228
0.560547 0.143862
0.561523 -0.0945725
0.5625 -0.489897
0.563477 -0.177025
0.564453 -0.227556
0.56543 -0.175178
0.566406 0.277168
0.567383 -0.469502
0.568359 -0.0111235
0.569336 0.0392436
0.570312 0.39442
0.571289 0.289961
0.572266 0.166891
0.573242 -0.42999
0.574219 0.00252823
0.575195 -0.365698
0.576172 0.445794
0.577148 0.118635
0.578125 0.544006
0.579102 0.192695
0.580078 -0.115295
0.581055 0.0819322
0.582031 0.210633
0.583008 -0.0644484
0.583984 -0.0477514
0.584961 0.145484
0.585938 -0.1935
0.586914 -0.225552
0.587891 -0.189825
0.588867 0.216099
0.589844 0.0797491
0.59082 -0.459386
0.591797 -0.08442
0.592773 -0.0215045
0.59375 0.133962
0.594727 -0.0527866
0.595703 0.289762
0.59668 0.471409
0.597656 0.576926
0.598633 -0.0168718
0.599609 0.00105284
0.600586 -0.436771
0.601562 0.343406
0.602539 0.0476976
0.603516 -0.084376
0.604492 -0.0780483
0.605469 0.289184
0.606445 -0.029961
0.607422 0.307858
0.608398 -0.104477
0.609375 -0.120666
0.610352 -0.187536
0.611328 -0.127874
0.612305 0.231568
0.613281 0.0429012
0.614258 -0.140434
0.615234 -0.0872146
0.616211 -0.0198875
0.617188 -0.0715981
0.618164 0.27434
0.619141 0.0264713
0.620117 -0.172741
0.621094 0.296488
0.62207 -0.358763
0.623047 0.0971615
0.624023 0.333045
0.625 0.0104896
0.625977 0.462066
0.626953 0.411116
0.62793 0.249388
0.628906 -0.401823
0.629883 -0.147299
0.630859 -0.184701
0.631836 -0.119482
0.632812 -0.0231837
0.633789 -0.182814
0.634766 0.270838
0.635742 -0.0836249
0.636719 -0.463092
0.637695 -0.205341
0.638672 -0.083374
0.639648 -0.115141
0.640625 0.361921
0.641602 0.195002
0.642578 -0.0304487
0.643555 -0.06589
0.644531 -0.16191
0.645508 0.12655
0.646484 0.315439
0.647461 0.0991028
0.648438 -0.0369478
0.649414 -0.0672114
0.650391 -0.648033
0.651367 -0.150038
0.652344 0.115839
0.65332 -0.445566
0.654297 -0.183751
0.655273 -0.0481503
0.65625 -0.0349174
0.657227 0.37267
0.658203 -0.12614
0.65918 0.0512811
0.660156 -0.025326
0.661133 -0.126904
0.662109 0.247537
0.663086 0.349894
0.664062 0.364578
0.665039 -0.198234
0.666016 -0.202036
0.666992 0.101502
0.667969 0.159567
0.668945 0.450059
0.669922 -0.278458
0.670898 0.0920893
0.671875 0.243146
0.672852 -0.0858989
0.673828 -0.181787
0.674805 0.182029
0.675781 0.0396566
0.676758 0.04778
0.677734 0.0185996
0.678711 -0.0112298
0.679688 0.0305068
0.680664 -0.193969
0.681641 -0.129458
0.682617 -0.0309246
0.683594 0.245971
0.68457 -0.00917204
0.685547 -0.144242
0.686523 0.255037
0.6875 0.152027
0.688477 0.12907
0.689453 0.295929
0.69043 -0.0288884
0.691406 0.0727857
0.692383 0.2629
0.693359 0.49919
0.694336 0.374846
0.695312 0.0883531
0.696289 -0.127814
0.697266 -0.174168
0.698242 0.0784209
0.699219 0.301126
0.700195 -0.0940202
0.701172 0.0511863
0.702148 -0.10466
0.703125 0.148802
0.704102 0.227201
0.705078 -0.0485286
0.706055 -0.159181
0.707031 -0.284391
0.708008 -0.238175
0.708984 7.44677e-05
0.709961 0.243827
0.710938 -0.0967663
0.711914 0.236763
0.712891 0.214441
0.713867 -0.1016
0.714844 -0.101624
0.71582 0.117159
0.716797 0.0327125
0.717773 -0.00360337
0.71875 0.0518455
0.719727 0.404752
0.720703 0.0823903
0.72168 0.0321933
0.722656 0.0687363
0.723633 0.189595
0.724609 -0.0881677
0.725586 -0.0841173
0.726562 -0.185571
0.727539 0.210504
0.728516 -0.0409653
0.729492 -0.306374
0.730469 -0.278587
0.731445 0.234277
0.732422 0.158445
0.733398 -0.229928
0.734375 -0.237349
0.735352 0.204229
0.736328 0.0573284
0.737305 -0.0758984
0.738281 -0.0569241
0.739258 0.118821
0.740234 0.0892463
0.741211 -0.0244532
0.742188 0.0568891
0.743164 0.172867
0.744141 0.0615153
0.745117 0.0386385
0.746094 0.833989
0.74707 -0.0504514
0.748047 0.066607
0.749023 0.168687
0.75 -0.214101
0.750977 -0.227712
0.751953 0.146412
0.75293 -0.097659
0.753906 0.112601
0.754883 0.285376
0.755859 -0.214985
0.756836 0.0824744
0.757812 -0.355991
0.758789 0.244754
0.759766 0.246206
0.760742 -0.00125521
0.761719 0.0554278
0.762695 0.231336
0.763672 0.246068
0.764648 0.243379
0.765625 0.260367
0.766602 -0.258626
0.767578 0.105612
0.768555 -0.275387
0.769531 0.205259
0.770508 0.114223
0.771484 -0.0110884
0.772461 -0.00729878
0.773438 -0.147448
0.774414 -0.170803
0.775391 -0.0541638
0.776367 0.029412
0.777344 -0.30227
0.77832 0.180558
0.779297 -0.0823913
0.780273 0.128416
0.78125 -0.355598
0.782227 -0.0178835
0.783203 0.092914
0.78418 0.0858091
0.785156 0.144666
0.786133 -0.151696
0.787109 -0.246129
0.788086 -0.209291
0.789062 -0.30252
0.790039 0.0222419
0.791016 -0.412488
0.791992 -0.0314561
0.792969 0.234305
0.793945 0.079032
0.794922 -0.0157015
0.795898 0.150356
0.796875 0.198955
0.797852 -0.271892
0.798828 -0.417842
0.799805 -0.257659
0.800781 -0.117072
0.801758 -0.125271
0.802734 0.168708
0.803711 0.0787966
0.804688 0.19611
0.805664 0.146851
0.806641 0.146066
0.807617 0.273678
0.808594 -0.801322
0.80957 -0.0478748
0.810547 0.0761201
0.811523 -0.280126
0.8125 0.405331
0.813477 0.0407628
0.814453 0.211293
0.81543 0.00224643
0.816406 0.044343
0.817383 -0.268803
0.818359 0.148704
0.819336 -0.20377
0.820312 -0.357431
0.821289 0.0156398
0.822266 -0.197688
0.823242 -0.0260558
0.824219 0.0766131
0.825195 -0.270934
0.826172 0.0508352
0.827148 -0.304812
0.828125 -0.4292
0.829102 -0.106649
0.830078 -0.456201
0.831055 0.255707
0.832031 -0.0977397
0.833008 0.0423102
0.833984 -0.00349476
0.834961 -0.134481
0.835938 0.306859
0.836914 0.085652
0.837891 0.297627
0.838867 -0.0105313
0.839844 -0.0732902
0.84082 -0.095195
0.841797 0.211173
0.842773 0.42092
0.84375 0.242807
0.844727 -0.439549
0.845703 -0.0415858
0.84668 0.263404
0.847656 0.0237187
0.848633 0.13052
0.849609 0.143635
0.850586 -0.110654
0.851562 -0.224736
0.852539 0.233296
0.853516 -0.123062
0.854492 0.457859
0.855469 0.146802
0.856445 0.0243349
0.857422 0.00355937
0.858398 0.103375
0.859375 0.0334022
0.860352 -0.00105326
0.861328 0.186611
0.862305 0.386853
0.863281 -0.0918095
0.864258 0.208031
0.865234 -0.208686
0.866211 0.437924
0.867188 0.037499
0.868164 0.170372
0.869141 0.0748854
0.870117 -0.180802
0.871094 0.0317329
0.87207 -0.151978
0.873047 -0.0295285
0.874023 -0.0452373
0.875 -0.176179
0.875977 0.192729
0.876953 0.410241
0.87793 0.466576
0.878906 -0.0027287
0.879883 0.310581
0.880859 -0.154846
0.881836 0.174921
0.882812 -0.158957
0.883789 -0.494448
0.884766 -0.0714226
0.885742 0.0683515
0.886719 0.303086
0.887695 0.0296553
0.888672 0.326081
0.889648 0.00429089
0.890625 0.466798
0.891602 -0.0692159
0.892578 -0.303198
0.893555 0.065221
0.894531 0.189315
0.895508 0.654924
0.896484 0.140139
0.897461 0.141552
0.898438 -0.135201
0.899414 0.566876
0.900391 0.377701
0.901367 0.0101768
0.902344 0.516208
0.90332 0.116059
0.904297 0.125279
0.905273 -0.0807587
0.90625 0.116058
0.907227 0.358446
0.908203 -0.00146458
0.90918 0.15335
0.910156 -0.309235
0.911133 -0.109275
0.912109 0.0439572
0.913086 0.0447527
0.914062 -0.0728311
0.915039 -0.101176
0.916016 0.0413635
0.916992 0.0627365
0.917969 0.487398
0.918945 0.242965
0.919922 0.0507518
0.920898 0.0234228
0.921875 -0.1021
0.922852 -0.191831
0.923828 0.239719
0.924805 0.113118
0.925781 -0.385881
0.926758 -0.158759
0.927734 0.294028
0.928711 -0.11996
0.929688 -0.246225
0.930664 0.0239112
0.931641 -0.499957
0.932617 -0.208499
0.933594 0.0863553
0.93457 -0.137559
0.935547 0.190096
0.936523 0.379366
0.9375 0.490409
0.938477 -0.144819
0.939453 0.19895
0.94043 0.041268
0.941406 -0.441123
0.942383 0.210558
0.943359 -0.116898
0.944336 -0.220631
0.945312 0.0265987
0.946289 0.070577
0.947266 -0.0850651
0.948242 0.221909
0.949219 -0.0271706
0.950195 0.086399
0.951172 0.572399
0.952148 -0.193126
0.953125 0.167097
0.954102 -0.00588287
0.955078 0.499563
0.956055 0.00944605
0.957031 -0.238238
0.958008 0.453826
0.958984 0.0882518
0.959961 0.456315
0.960938 0.382615
0.961914 0.0805421
0.962891 -0.0759354
0.963867 -0.00435836
0.964844 0.572332
0.96582 0.0981752
0.966797 -0.00127353
0.967773 0.123542
0.96875 0.146349
0.969727 -0.306383
0.970703 -0.259622
0.97168 0.13532
0.972656 -0.249843
0.973633 -0.0737584
0.974609 0.223448
0.975586 0.0945197
0.976562 0.1342
0.977539 -0.0311532
0.978516 0.241185
0.979492 0.463566
0.980469 0.373887
0.981445 0.0876088
0.982422 -0.21499
0.983398 -0.0748511
0.984375 0.409518
0.985352 0.115527
0.986328 0.102314
0.987305 -0.432018
0.988281 0.0198064
0.989258 -0.226192
0.990234 -0.15081
0.991211 -0.384875
0.992188 -0.0236827
0.993164 0.160601
0.994141 0.159011
0.995117 -0.250544
0.996094 -0.410312
0.99707 -0.00634832
0.998047 0.400145
0.999023 -0.265123
1 -0.437494
1.00098 0.250595
1.00195 -0.229155
1.00293 -0.135965
1.00391 0.0625882
1.00488 -0.210971
1.00586 0.22765
1.00684 0.12541
1.00781 0.479454
1.00879 -0.0356217
1.00977 -0.0041681
1.01074 -0.0569964
1.01172 0.187496
1.0127 0.058822
1.01367 0.016887
1.01465 0.169665
1.01562 0.360158
1.0166 0.302494
1.01758 -0.0680653
1.01855 0.0244167
1.01953 -0.00743012
1.02051 -0.320419
1.02148 0.00733269
1.02246 0.141703
1.02344 0.269627
1.02441 -0.0146443
1.02539 -0.179696
1.02637 0.51073
1.02734 0.117653
1.02832 -0.0738737
1.0293 0.586918
1.03027 0.372021
1.03125 -0.311707
1.03223 -0.0993611
1.0332 0.201749
1.03418 -0.169611
1.03516 0.0883642
1.03613 -0.103466
1.03711 -0.198712
1.03809 -0.268692
1.03906 0.0189534
1.04004 0.130795
1.04102 -0.215382
1.04199 0.033268
1.04297 -0.0256959
1.04395 0.173992
1.04492 -0.121021
1.0459 -0.0483373
1.04688 -0.00263527
1.04785 0.0591526
1.04883 -0.0660548
1.0498 0.416241
1.05078 -0.165411
1.05176 0.0698284
1.05273 0.302195
1.05371 -0.158578
1.05469 -0.0787784
1.05566 0.253582
1.05664 0.379719
1.05762 -0.160493
1.05859 0.0914365
1.05957 0.211718
1.06055 0.0217128
1.06152 0.258782
1.0625 0.578635
1.06348 0.0344199
1.06445 0.0995296
1.06543 0.162979
1.06641 -0.442926
1.06738 0.268387
1.06836 0.354582
1.06934 0.0285029
1.07031 -0.325762
1.07129 0.310472
1.07227 -0.113752
1.07324 -0.0842942
1.07422 0.270263
1.0752 0.220995
1.07617 0.132654
1.07715 0.127278
1.07812 0.0462453
1.0791 0.406346
1.08008 -0.0207906
1.08105 -0.0380449
1.08203 0.0253311
1.08301 -0.347902
1.08398 -0.0547067
1.08496 -0.187251
1.08594 -0.0410113
1.08691 0.229406
1.08789 -0.134183
1.08887 -0.0619283
1.08984 -0.139328
1.09082 -0.149144
1.0918 0.00117983
1.09277 0.0943327
1.09375 0.554156
1.09473 -0.324163
1.0957 -0.00386059
1.09668 -0.178789
1.09766 -0.0682567
1.09863 -0.305618
1.09961 0.555579
1.10059 -0.355732
1.10156 -0.223029
1.10254 0.342979
1.10352 0.0132007
1.10449 0.220024
1.10547 -0.176461
1.10645 -0.498225
1.10742 0.345652
1.1084 -0.275951
1.10938 -0.187862
1.11035 -0.129329
1.11133 -0.152775
1.1123 -0.181088
1.11328 0.214214
1.11426 0.154007
1.11523 -0.0207408
1.11621 0.0658123
1.11719 -0.0495215
1.11816 0.385423
1.11914 0.34655
1.12012 0.056202
1.12109 -0.118566
1.12207 -0.306627
1.12305 0.138552
1.12402 0.139196
1.125 -0.176512
1.12598 -0.16682
1.12695 0.0129593
1.12793 -0.255686
1.12891 0.21065
1.12988 0.126164
1.13086 -0.480581
1.13184 -0.111065
1.13281 -0.618133
1.13379 0.167738
1.13477 0.00697255
1.13574 0.0931807
1.13672 -0.127121
1.1377 0.276988
1.13867 -0.17096
1.13965 -0.016858
1.14062 -0.107683
1.1416 -0.00135352
1.14258 -0.146722
1.14355 0.0878486
1.14453 -0.134816
1.14551 0.173485
1.14648 0.241617
1.14746 0.289099
1.14844 -0.134372
1.14941 -0.0566173
1.15039 0.14922
1.15137 0.177382
1.15234 -0.0398443
1.15332 -0.175398
1.1543 0.142994
1.15527 -0.480221
1.15625 0.0434921
1.15723 0.0726199
1.1582 0.0689357
1.15918 0.0475926
1.16016 0.413174
1.16113 0.395802
1.16211 -0.249981
1.16309 0.16311
1.16406 -0.322248
1.16504 -0.0371382
1.16602 0.0204676
1.16699 -0.365936
1.16797 0.251515
1.16895 0.174329
1.16992 0.208499
1.1709 0.177103
1.17188 -0.102307
1.17285 -0.141213
1.17383 0.04674
1.1748 0.0131175
1.17578 0.0932517
1.17676 0.11391
1.17773 0.0448758
1.17871 -0.0359546
1.17969 0.326984
1.18066 -0.0766925
1.18164 -0.162701
1.18262 -0.264982
1.18359 -0.193754
1.18457 -0.186782
1.18555 -0.646674
1.18652 -0.24003
1.1875 0.297543
1.18848 0.289205
1.18945 0.127767
1.19043 0.130214
1.19141 0.0489699
1.19238 -0.158178
1.19336 -0.374136
1.19434 -0.528488
1.19531 -0.220093
1.19629 -0.00871251
1.19727 0.0654874
1.19824 0.187305
1.19922 0.252719
1.2002 -0.41834
1.20117 -0.211156
1.20215 -0.320678
1.20312 -0.108965
1.2041 0.14456
1.20508 -0.0674858
1.20605 -0.272731
1.20703 0.0369653
1.20801 0.115753
1.20898 -0.180829
1.20996 0.355295
1.21094 -0.0793216
1.21191 -0.501871
1.21289 -0.00217398
1.21387 -0.0988909
1.21484 0.158864
1.21582 0.254603
1.2168 -0.0344939
1.21777 0.156736
1.21875 -0.0733262
1.21973 -0.766646
1.2207 -0.0425019
1.22168 0.178699
1.22266 0.124928
1.22363 -0.0146131
1.22461 0.144064
1.22559 -0.0839976
1.22656 0.190375
1.22754 -0.0918623
1.22852 -0.247765
1.22949 -0.033147
1.23047 -0.141918
1.23145 -0.0663299
1.23242 0.136038
1.2334 -0.157595
1.23438 0.139357
1.23535 0.145011
1.23633 -0.0945112
1.2373 0.440373
1.23828 0.0165369
1.23926 0.25553
1.24023 0.0395507
1.24121 0.188367
1.24219 0.249223
1.24316 -0.114115
1.24414 0.162499
1.24512 -0.0588126
1.24609 -0.0661926
1.24707 -0.474988
1.24805 0.0364009
1.24902 -0.0807611
1.25 0.150555
1.25098 -0.175212
1.25195 -0.15279
1.25293 -0.00562904
1.25391 -0.0332573
1.25488 0.25259
1.25586 0.183727
1.25684 0.525733
1.25781 0.546239
1.25879 0.483255
1.25977 0.0249052
1.26074 0.283849
1.26172 -0.106737
1.2627 0.0549175
1.26367 0.0349258
1.26465 -0.0935695
1.26562 0.296147
1.2666 -0.25843
1.26758 0.0194367
1.26855 -0.0715053
1.26953 0.455346
1.27051 0.342097
1.27148 -0.0465255
1.27246 0.191437
1.27344 -0.0163141
1.27441 0.0246166
1.27539 -0.240833
1.27637 -0.326139
1.27734 0.132663
1.27832 0.229193
1.2793 -0.262343
1.28027 -0.0757589
1.28125 0.149335
1.28223 0.27079
1.2832 -0.277062
1.28418 0.246519
1.28516 0.467663
1.28613 -0.121666
1.28711 -0.128559
1.28809 -0.133312
1.28906 0.188663
1.29004 -0.18612
1.29102 -0.156258
1.29199 -0.0444496
1.29297 0.264791
1.29395 -0.108333
1.29492 0.0326065
1.2959 0.127809
1.29688 0.0180488
1.29785 0.36896
1.29883 0.448821
1.2998 -0.299625
1.30078 0.144717
1.30176 0.0617218
1.30273 0.00812491
1.30371 0.0507511
1.30469 -0.0698593
1.30566 0.202203
1.30664 -0.154068
1.30762 0.423899
1.30859 -0.133522
1.30957 -0.257959
1.31055 -0.171649
1.31152 -0.0678319
1.3125 -0.168998
1.31348 0.14166
1.31445 -0.109447
1.31543 0.202347
1.31641 0.182504
1.31738 0.2683
1.31836 0.173272
1.31934 -0.0603916
1.32031 0.257012
1.32129 0.087452
1.32227 0.00935853
1.32324 0.00205168
1.32422 0.304867
1.3252 0.2764
1.32617 0.358705
1.32715 -0.126468
1.32812 0.0311967
1.3291 0.140526
1.33008 -0.226533
1.33105 -0.168026
1.33203 -0.13144
1.33301 0.276769
1.33398 -0.178531
1.33496 0.160932
1.33594 0.126998
1.33691 -0.314717
1.33789 0.305718
1.33887 -0.181169
1.33984 -0.235834
1.34082 0.243895
1.3418 -0.0927496
1.34277 0.0618833
1.34375 -0.0113524
1.34473 -0.123917
1.3457 -0.12408
1.34668 0.200415
1.34766 -0.114812
1.34863 0.160323
1.34961 0.0391666
1.35059 -0.182885
1.35156 0.0849696
1.35254 0.319222
1.35352 0.0814038
1.35449 -0.191583
1.35547 0.439626
1.35645 -0.160743
1.35742 0.0881721
1.3584 -0.20691
1.35938 0.165325
1.36035 0.19468
1.36133 -0.0610593
1.3623 -0.224849
1.36328 0.193562
1.36426 0.00593927
1.36523 -0.0238292
1.36621 -0.61222
1.36719 0.104008
1.36816 0.00926019
1.36914 0.292009
1.37012 0.0738414
1.37109 -0.264454
1.37207 -0.382423
1.37305 -0.394235
1.37402 -0.253315
1.375 0.302768
1.37598 -0.0309051
1.37695 0.128934
1.37793 0.269754
1.37891 0.0465332
1.37988 0.138232
1.38086 0.176608
1.38184 0.451082
1.38281 0.233437
1.38379 0.272387
1.38477 -0.0487614
1.38574 -0.0834235
1.38672 0.213238
1.3877 0.31278
1.38867 -0.108615
1.38965 -0.119728
1.39062 -0.0260073
1.3916 -0.018564
1.39258 -0.0444584
1.39355 -0.0413544
1.39453 0.0205352
1.39551 -0.00474695
1.39648 -0.319786
1.39746 -0.222956
1.39844 -0.103294
1.39941 -0.0577447
1.40039 0.0551806
1.40137 -0.143009
1.40234 0.180997
1.40332 0.501807
1.4043 0.222032
1.40527 -0.0658186
1.40625 0.298717
1.40723 0.203582
1.4082 0.266271
1.40918 -0.0940727
1.41016 -0.109844
1.41113 0.163469
1.41211 0.28285
1.41309 -0.0146454
1.41406 0.0315934
1.41504 -0.43073
1.41602 0.0833969
1.41699 -0.055152
1.41797 -0.0786338
1.41895 -0.277676
1.41992 -0.405862
1.4209 0.194794
1.42188 0.574071
1.42285 0.424865
1.42383 -0.0235715
1.4248 0.00853779
1.42578 0.237931
1.42676 0.441449
1.42773 0.0940818
1.42871 0.297402
1.42969 0.28149
1.43066 0.0282646
1.43164 -0.26194
1.43262 0.059014
1.43359 0.313296
1.43457 -0.228008
1.43555 0.00822981
1.43652 -0.0602931
1.4375 -0.11707
1.43848 0.262151
1.43945 0.151588
1.44043 0.145489
1.44141 -0.0492588
1.44238 -0.128233
1.44336 0.281957
1.44434 0.284078
1.44531 0.115384
1.44629 -0.0287776
1.44727 -0.240576
1.44824 0.0466492
1.44922 0.39969
1.4502 -0.273055
1.45117 -0.0620077
1.45215 0.187107
1.45312 -0.253024
1.4541 -0.369508
1.45508 -0.276738
1.45605 -0.0372048
1.45703 0.396233
1.45801 0.037193
1.45898 0.116143
1.45996 0.209721
1.46094 0.103528
1.46191 0.139059
1.46289 0.00220514
1.46387 0.0234639
1.46484 0.307107
1.46582 0.348716
1.4668 -0.151138
1.46777 0.142197
1.46875 -0.193318
1.46973 -0.287532
1.4707 -0.622909
1.47168 0.10647
1.47266 -0.456988
1.47363 0.0373265
1.47461 -0.0139237
1.47559 0.113343
1.47656 0.230806
1.47754 0.271269
1.47852 0.00324513
1.47949 -0.0316249
1.48047 0.0542634
1.48145 0.110636
1.48242 0.141671
1.4834 -0.0883796
1.48438 -0.322682
1.48535 0.21247
1.48633 0.350062
1.4873 0.376474
1.48828 -0.182931
1.48926 -0.113044
1.49023 0.294095
1.49121 0.235718
1.49219 0.347102
1.49316 0.141333
1.49414 0.0965114
1.49512 -0.34537
1.49609 0.0662676
1.49707 -0.198881
1.49805 -0.071096
1.49902 -0.0243718
1.5 0.0797841
1.50098 0.587601
1.50195 0.413177
1.50293 0.338559
1.50391 -0.132392
1.50488 -0.402398
1.50586 0.42285
1.50684 0.0386849
1.50781 0.399236
1.50879 -0.0614898
1.50977 0.329393
1.51074 -0.111836
1.51172 0.0660843
1.5127 0.103401
1.51367 0.349211
1.51465 0.11443
1.51562 0.0157784
1.5166 -0.00630308
1.51758 0.163509
1.51855 0.0129811
1.51953 0.325836
1.52051 -0.203639
1.52148 0.104183
1.52246 0.268839
1.52344 0.207461
1.52441 0.236914
1.52539 0.132923
1.52637 0.200752
1.52734 -0.0120994
1.52832 0.0550726
1.5293 -0.220476
1.53027 0.110111
1.53125 -0.0845734
1.53223 -0.228306
1.5332 0.0117075
1.53418 0.0422887
1.53516 -0.106903
1.53613 0.237498
1.53711 -0.114577
1.53809 0.218184
1.53906 -0.0897387
1.54004 0.0201331
1.54102 -0.0322205
1.54199 0.311279
1.54297 0.141887
1.54395 -0.00945291
1.54492 -0.194037
1.5459 -0.0105491
1.54688 0.21551
1.54785 0.257716
1.54883 0.481836
1.5498 0.385924
1.55078 0.480433
1.55176 0.024785
1.55273 -0.141073
1.55371 0.182591
1.55469 -0.126568
1.55566 -0.121838
1.55664 0.162358
1.55762 0.236623
1.55859 0.378169
1.55957 0.332053
1.56055 0.132861
1.56152 0.00178931
1.5625 0.0751548
1.56348 0.277605
1.56445 0.0720636
1.56543 0.289631
1.56641 0.35514
1.56738 -0.343076
1.56836 0.00477013
1.56934 -0.33167
1.57031 0.148264
1.57129 -0.028641
1.57227 0.0597785
1.57324 0.0769448
1.57422 0.314265
1.5752 -0.156682
1.57617 0.449989
1.57715 -0.192461
1.57812 -0.301278
1.5791 0.303727
1.58008 0.0728943
1.58105 -0.105773
1.58203 0.208135
1.58301 0.0353442
1.58398 0.0549855
1.58496 -0.353418
1.58594 -0.424232
1.58691 -0.267985
1.58789 0.00920184
1.58887 0.354996
1.58984 -0.0136455
1.59082 0.146036
1.5918 -0.447745
1.59277 -0.125027
1.59375 0.217015
1.59473 0.107195
1.5957 0.135915
1.59668 0.266071
1.59766 -0.184379
1.59863 0.0645154
1.59961 0.551345
1.60059 0.396721
1.60156 0.196922
1.60254 0.434571
1.60352 0.24511
1.60449 -0.136235
1.60547 -0.176684
1.60645 -0.0228957
1.60742 0.106504
1.6084 -0.248249
1.60938 -0.327615
1.61035 -0.0376235
1.61133 0.0982381
1.6123 0.180489
1.61328 -0.0429704
1.61426 -0.0356119
1.61523 -0.338341
1.61621 0.341741
1.61719 -0.227036
1.61816 -0.146885
1.61914 0.612839
1.62012 -0.0158659
1.62109 0.0611309
1.62207 0.565716
1.62305 -0.219111
1.62402 0.1456
1.625 -0.193203
1.62598 -0.128886
1.62695 0.085581
1.62793 0.0605763
1.62891 0.316098
1.62988 -0.10901
1.63086 0.571921
1.63184 -0.107227
1.63281 -0.135626
1.63379 -0.135013
1.63477 -0.201179
1.63574 -0.223919
1.63672 -0.284451
1.6377 0.205465
1.63867 0.161218
1.63965 0.24674
1.64062 0.104641
1.6416 0.287913
1.64258 0.027947
1.64355 0.320645
1.64453 -0.0420778
1.64551 0.35846
1.64648 0.182026
1.64746 -0.145418
1.64844 0.257692
1.64941 -0.154557
1.65039 -0.48872
1.65137 0.0817929
1.65234 0.0755715
1.65332 0.0880571
1.6543 0.144825
1.65527 0.235517
1.65625 0.0451721
1.65723 0.0765045
1.6582 0.3098
1.65918 0.039366
1.66016 -0.258547
1.66113 -0.0583817
1.66211 -0.554661
1.66309 -0.00450987
1.66406 0.024966
1.66504 -0.211498
1.66602 -0.262871
1.66699 0.0837729
1.66797 -0.142436
1.66895 -0.0846023
1.66992 0.120468
1.6709 0.224911
1.67188 0.231783
1.67285 0.196513
1.67383 -0.120378
1.6748 -0.4153
1.67578 0.093059
1.67676 0.344956
1.67773 -0.0435967
1.67871 -0.0954694
1.67969 0.268698
1.68066 0.266213
1.68164 -0.192985
1.68262 0.609136
1.68359 0.245395
1.68457 -0.0172396
1.68555 0.0258863
1.68652 -0.296408
1.6875 0.0659599
1.68848 0.194119
1.68945 0.320362
1.69043 -0.065107
1.69141 -0.0146711
1.69238 -0.0359112
1.69336 0.0909034
1.69434 0.619791
1.69531 -0.000443639
1.69629 0.392705
1.69727 0.117605
1.69824 -0.265679
1.69922 -0.254219
1.7002 -0.201021
1.70117 -0.00156596
1.70215 0.288831
1.70312 0.213732
1.7041 0.255162
1.70508 0.164059
1.70605 0.00308947
1.70703 -0.0851431
1.70801 -0.178029
1.70898 0.287585
1.70996 0.184291
1.71094 0.0453567
1.71191 0.290864
1.71289 -0.261346
1.71387 0.243671
1.71484 0.249161
1.71582 0.038537
1.7168 -0.247561
1.71777 0.0509791
1.71875 0.171057
1.71973 0.0986609
1.7207 0.00276056
1.72168 0.242174
1.72266 -0.126337
1.72363 0.33135
1.72461 -0.296964
1.72559 -0.12946
1.72656 0.0809659
1.72754 0.0696172
1.72852 -0.145923
1.72949 0.394985
1.73047 0.0148847
1.73145 0.163209
1.73242 -0.212334
1.7334 -0.122393
1.73438 -0.129248
1.73535 -0.00701694
1.73633 -0.00389406
1.7373 0.414573
1.73828 -0.282933
1.73926 -0.175788
1.74023 -0.131079
1.74121 -0.422161
1.74219 -0.131708
1.74316 -0.389567
1.74414 -0.0794104
1.74512 0.146587
1.74609 -0.10544
1.74707 0.0511268
1.74805 0.323143
1.74902 -0.0558626
1.75 0.216454
1.75098 -0.128226
1.75195 -0.0476121
1.75293 0.537918
1.75391 0.350341
1.75488 0.23918
1.75586 -0.0312232
1.75684 -0.275749
1.75781 0.308462
1.75879 0.32462
1.75977 -0.0323293
1.76074 0.146126
1.76172 -0.184472
1.7627 0.382773
1.76367 0.269041
1.76465 -0.021159
1.76562 0.237538
1.7666 -0.098112
1.76758 0.0931357
1.76855 0.0568884
1.76953 -0.0752413
1.77051 0.0279074
1.77148 -0.270915
1.77246 -0.102774
1.77344 0.109094
1.77441 -0.359903
1.77539 -0.202978
1.77637 0.0342434
1.77734 0.0194166
1.77832 0.969221
1.7793 0.525962
1.78027 0.101217
1.78125 0.260787
1.78223 0.418131
1.7832 0.193921
1.78418 -0.0843195
1.78516 0.0225656
1.78613 -0.0971249
1.78711 0.0548456
1.78809 -0.00723364
1.78906 0.505466
1.79004 0.0545984
1.79102 -0.309887
1.79199 -0.424565
1.79297 0.0803831
1.79395 -0.368654
1.79492 -0.083295
1.7959 -0.344408
1.79688 0.475872
1.79785 0.369713
1.79883 -0.0111437
1.7998 0.193442
1.80078 0.36109
1.80176 -0.0522383
1.80273 0.168124
1.80371 -0.0891222
1.80469 0.0606439
1.80566 -0.00025472
1.80664 0.260836
1.80762 0.280274
1.80859 0.00517106
1.80957 -0.111934
1.81055 0.348074
1.81152 0.41651
1.8125 0.0187873
1.81348 0.148159
1.81445 0.624708
1.81543 0.0640953
1.81641 0.249959
1.81738 -0.233234
1.81836 -0.0865251
1.81934 -0.32101
1.82031 0.233116
1.82129 0.181083
1.82227 -0.0253335
1.82324 0.256799
1.82422 0.0566567
1.8252 -0.0137148
1.82617 -0.128167
1.82715 0.00623333
1.82812 0.192064
1.8291 -0.253901
1.83008 0.199149
1.83105 -0.0543683
1.83203 -0.0780055
1.83301 0.470807
1.83398 0.235224
1.83496 -0.303704
1.83594 -0.136985
1.83691 -0.340116
1.83789 -0.100562
1.83887 0.0686828
1.83984 0.342948
1.84082 0.529113
1.8418 -0.0629763
1.84277 0.0227477
1.84375 0.0710059
1.84473 0.00844721
1.8457 -0.270089
1.84668 -0.171146
1.84766 0.250942
1.84863 -0.00419056
1.84961 -0.119135
1.85059 0.0898117
1.85156 0.353815
1.85254 0.0847029
1.85352 -0.122699
1.85449 -0.170803
1.85547 -0.00572873
1.85645 -0.22385
1.85742 0.202927
1.8584 0.0432449
1.85938 -0.0998565
1.86035 0.391508
1.86133 -0.245043
1.8623 0.253912
1.86328 0.246369
1.86426 0.544679
1.86523 0.524869
1.86621 -0.205478
1.86719 -0.0871594
1.86816 0.235523
1.86914 0.172649
1.87012 0.0860058
1.87109 0.401907
1.87207 0.0555391
1.87305 0.0727299
1.87402 -0.0942018
1.875 0.232719
1.87598 0.176982
1.87695 0.424902
1.87793 -0.156479
1.87891 -0.131588
1.87988 -0.266159
1.88086 0.245042
1.88184 0.141425
1.88281 -0.0675898
1.88379 0.261861
1.88477 0.250334
1.88574 -0.147173
1.88672 0.231258
1.8877 0.433613
1.88867 0.368627
1.88965 -0.232202
1.89062 0.111217
1.8916 0.381828
1.89258 0.0978372
1.89355 -0.0682056
1.89453 -0.0376945
1.89551 -0.0301752
1.89648 -0.39176
1.89746 0.173568
1.89844 -0.00458915
1.89941 0.309929
1.90039 0.299082
1.90137 0.0154489
1.90234 -0.165747
1.90332 0.367783
1.9043 0.160323
1.90527 0.136642
1.90625 0.277368
1.90723 -0.186396
1.9082 -0.0815996
1.90918 0.0804527
1.91016 0.301918
1.91113 0.448677
1.91211 -0.0648278
1.91309 0.0522249
1.91406 0.362348
1.91504 -0.12586
1.91602 0.163522
1.91699 0.416682
1.91797 0.237102
1.91895 -0.1909
1.91992 0.120542
1.9209 -0.30559
1.92188 0.0395281
1.92285 0.463714
1.92383 -0.372404
1.9248 -0.0396169
1.92578 0.0454294
1.92676 -0.433461
1.92773 -0.0345999
1.92871 -0.300288
1.92969 -0.356452
1.93066 -0.221206
1.93164 -0.0703446
1.93262 0.29042
1.93359 0.0973596
1.93457 -0.0328016
1.93555 0.0119128
1.93652 0.179641
1.9375 0.0802105
1.93848 -0.0882683
1.93945 0.0372074
1.94043 0.133629
1.94141 0.172893
1.94238 0.0350092
1.94336 0.482118
1.94434 0.114998
1.94531 0.137288
1.94629 -0.126429
1.94727 -0.227193
1.94824 0.0891485
1.94922 0.254314
1.9502 -0.171468
1.95117 -0.175517
1.95215 0.164009
1.95312 0.392776
1.9541 -0.38574
1.95508 0.332318
1.95605 0.0329548
1.95703 -0.0881812
1.95801 0.0661506
1.95898 0.248072
1.95996 0.0383405
1.96094 0.579361
1.96191 0.101892
1.96289 -0.111297
1.96387 -0.169581
1.96484 0.173753
1.96582 0.0564869
1.9668 0.525007
1.96777 0.0352857
1.96875 0.264988
1.96973 -0.189414
1.9707 0.0249722
1.97168 0.0451374
1.97266 -0.0805055
1.97363 -0.335172
1.97461 -0.0643956
1.97559 0.27566
1.97656 -0.0657356
1.97754 0.277856
1.97852 -0.100854
1.97949 -0.0568074
1.98047 0.422191
1.98145 -0.0517221
1.98242 0.523598
1.9834 -0.217178
1.98438 0.0972792
1.98535 0.215375
1.98633 -0.149973
1.9873 -0.148538
1.98828 -0.28788
1.98926 0.0116163
1.99023 0.363834
1.99121 -0.0447927
1.99219 -0.104182
1.99316 -0.0780207
1.99414 0.180068
1.99512 0.000478318
1.99609 0.197403
1.99707 0.317572
1.99805 -0.0138733
1.99902 0.28529
