0 0.0234088
0.000976562 0.0939436
0.00195312 -0.00696588
0.00292969 0.0704098
0.00390625 -0.0120375
0.00488281 0.055145
0.00585938 -0.0429505
0.00683594 0.0602763
0.0078125 -0.100825
0.00878906 0.0134066
0.00976562 -0.149688
0.0107422 0.0529638
0.0117188 -0.158513
0.0126953 0.0976062
0.0136719 -0.115401
0.0146484 -0.135527
0.015625 -0.0704142
0.0166016 -0.0997393
0.0175781 0.131558
0.0185547 -0.0263768
0.0195312 0.242266
0.0205078 -0.142039
0.0214844 -0.0339399
0.0224609 0.0269274
0.0234375 -0.0241754
0.0244141 -0.12508
0.0253906 0.0146531
0.0263672 0.00687024
0.0273438 0.062374
0.0283203 -0.0484558
0.0292969 0.066675
0.0302734 0.0836651
0.03125 0.0562086
0.0322266 -0.00183143
0.0332031 -0.0448745
0.0341797 0.136257
0.0351562 0.0585839
0.0361328 0.12356
0.0371094 0.019697
0.0380859 0.0140702
0.0390625 -0.0446157
0.0400391 -0.100947
0.0410156 0.050629
0.0419922 0.0172768
0.0429688 -0.0376951
0.0439453 -0.00480276
0.0449219 -0.154927
0.0458984 -0.0171775
0.046875 -0.0540952
0.0478516 0.0306319
0.0488281 0.0952404
0.0498047 0.0578788
0.0507812 0.0778767
0.0517578 0.0485944
0.0527344 0.0690522
0.0537109 -0.0213645
0.0546875 -0.220317
0.0556641 -0.00165817
0.0566406 -0.0501892
0.0576172 0.0338511
0.0585938 -0.133767
0.0595703 -0.0100399
0.0605469 0.106837
0.0615234 -0.0922692
0.0625 0.0813572
0.0634766 -0.0252278
0.0644531 -0.00755553
0.0654297 0.0276024
0.0664062 -0.0158317
0.0673828 -0.0141336
0.0683594 -0.0308424
0.0693359 0.00666523
0.0703125 -0.166872
0.0712891 -0.0559467
0.0722656 0.113978
0.0732422 0.00802938
0.0742188 -0.0841683
0.0751953 0.0188536
0.0761719 0.0298879
0.0771484 -0.0415642
0.078125 -0.156561
0.0791016 -0.0812063
0.0800781 0.108801
0.0810547 -0.0528182
0.0820312 0.0571353
0.0830078 0.0502365
0.0839844 0.0176712
0.0849609 0.127852
0.0859375 0.00401853
0.0869141 0.106843
0.0878906 0.0118496
0.0888672 0.0273971
0.0898438 -0.0167708
0.0908203 0.025212
0.0917969 -0.148806
0.0927734 0.189509
0.09375 0.00353156
0.0947266 0.0330534
0.0957031 0.0195047
0.0966797 0.135018
0.0976562 0.124919
0.0986328 0.114313
0.0996094 -0.0588003
0.100586 -0.138555
0.101562 -0.0324442
0.102539 -0.180451
0.103516 -0.00755303
0.104492 -0.148835
0.105469 0.106889
0.106445 0.179014
0.107422 -0.00750671
0.108398 -0.00885076
0.109375 0.0998219
0.110352 0.0573946
0.111328 0.108748
0.112305 0.14246
0.113281 0.0385301
0.114258 0.0855951
0.115234 0.0377481
0.116211 0.0709851
0.117188 0.0601214
0.118164 0.0646322
0.119141 -0.113576
0.120117 -0.0297761
0.121094 0.0437733
0.12207 -0.0695663
0.123047 0.118366
0.124023 0.127487
0.125 0.0482631
0.125977 -0.054078
0.126953 -0.0720817
0.12793 -0.072529
0.128906 0.031285
0.129883 0.0265056
0.130859 -0.112071
0.131836 0.147994
0.132812 -0.0544854
0.133789 0.0859549
0.134766 -0.00228801
0.135742 0.0472258
0.136719 -0.0181385
0.137695 0.0682668
0.138672 0.129471
0.139648 -0.0149183
0.140625 -0.0746367
0.141602 -0.0957442
0.142578 -0.014962
0.143555 -0.0828651
0.144531 -0.00234372
0.145508 0.0122092
0.146484 -0.0259076
0.147461 0.0901436
0.148438 0.0864643
0.149414 0.00507487
0.150391 0.0938271
0.151367 0.00713632
0.152344 -0.0672684
0.15332 -0.0551672
0.154297 0.00807818
0.155273 -0.0465657
0.15625 0.101517
0.157227 0.0123451
0.158203 0.13235
0.15918 -0.0248067
0.160156 0.0874189
0.161133 0.0140632
0.162109 -0.069562
0.163086 0.127782
0.164062 0.0522358
0.165039 -0.106755
0.166016 0.0616003
0.166992 -0.0447371
0.167969 0.0352086
0.168945 0.0736674
0.169922 0.0869066
0.170898 0.017265
0.171875 -0.0451067
0.172852 -0.00571467
0.173828 -0.00154397
0.174805 -0.00809477
0.175781 0.132381
0.176758 0.0270327
0.177734 -0.00856689
0.178711 -0.160321
0.179688 0.064918
0.180664 -0.045976
0.181641 -0.0930127
0.182617 -0.0133196
0.183594 0.0113217
0.18457 -0.0320077
0.185547 0.0405756
0.186523 -0.118153
0.1875 -0.0244416
0.188477 -0.131157
0.189453 0.0543245
0.19043 -0.0308918
0.191406 0.0312033
0.192383 0.0135389
0.193359 -0.0325361
0.194336 -0.146754
0.195312 -0.0402197
0.196289 -0.0370646
0.197266 -0.0184485
0.198242 0.148336
0.199219 0.0396685
0.200195 -0.074205
0.201172 0.0505097
0.202148 0.168224
0.203125 0.086207
0.204102 -0.0183954
0.205078 -0.0578003
0.206055 -0.124761
0.207031 -0.0501949
0.208008 0.0975706
0.208984 -0.0377816
0.209961 0.0248816
0.210938 -0.0407723
0.211914 0.132809
0.212891 -0.174058
0.213867 0.17164
0.214844 -0.0873899
0.21582 -0.0317276
0.216797 0.0389343
0.217773 0.0551883
0.21875 0.0640568
0.219727 0.0304976
0.220703 -0.0276128
0.22168 0.116245
0.222656 -0.0381374
0.223633 0.0279466
0.224609 0.187374
0.225586 -0.0991529
0.226562 0.0116177
0.227539 -0.0654395
0.228516 -0.0572054
0.229492 -0.0406726
0.230469 0.0397744
0.231445 -0.00142114
0.232422 0.163156
0.233398 0.0588684
0.234375 -0.0398747
0.235352 0.142975
0.236328 0.0563562
0.237305 0.0403067
0.238281 -0.0243528
0.239258 0.0399523
0.240234 -0.0563497
0.241211 -0.0627506
0.242188 0.115234
0.243164 -0.079877
0.244141 -0.0463721
0.245117 0.0848584
0.246094 0.0451857
0.24707 0.0868563
0.248047 0.120505
0.249023 -0.012723
0.25 -0.010073
0.250977 -0.0272624
0.251953 -0.0732645
0.25293 -0.0144426
0.253906 -0.0150198
0.254883 0.0486096
0.255859 -0.101217
0.256836 -0.0716445
0.257812 -0.0547908
0.258789 0.0114791
0.259766 0.103336
0.260742 -0.131726
0.261719 0.070237
0.262695 -0.0134641
0.263672 -0.128445
0.264648 0.0765829
0.265625 -0.0948465
0.266602 0.109442
0.267578 0.0383999
0.268555 0.0200388
0.269531 0.0486302
0.270508 0.139875
0.271484 0.0581868
0.272461 -0.0654934
0.273438 -0.121727
0.274414 -0.0142655
0.275391 0.102135
0.276367 -0.0945589
0.277344 -0.0317005
0.27832 0.0219817
0.279297 -0.039719
0.280273 0.0345981
0.28125 0.00600964
0.282227 -0.0434081
0.283203 -0.101483
0.28418 0.00192507
0.285156 0.0209685
0.286133 -0.0270789
0.287109 0.0587233
0.288086 -0.00461595
0.289062 0.0365732
0.290039 -0.116758
0.291016 0.0979596
0.291992 0.0762608
0.292969 0.0917573
0.293945 -0.0187924
0.294922 0.0109136
0.295898 -0.15668
0.296875 0.106742
0.297852 -0.00770949
0.298828 -0.0102107
0.299805 0.104062
0.300781 -0.139113
0.301758 0.0524821
0.302734 0.0149921
0.303711 0.0612611
0.304688 -0.104995
0.305664 -0.118924
0.306641 -0.127269
0.307617 -0.0640783
0.308594 0.09868
0.30957 -0.0120666
0.310547 0.0640576
0.311523 -0.0693726
0.3125 0.0376944
0.313477 -0.0541288
0.314453 0.111806
0.31543 -0.0173409
0.316406 0.135989
0.317383 0.00376084
0.318359 0.036088
0.319336 -0.0454819
0.320312 -0.137967
0.321289 0.103778
0.322266 0.162841
0.323242 0.0101079
0.324219 -0.0631883
0.325195 0.0755755
0.326172 -0.0134851
0.327148 -0.0984268
0.328125 0.0266075
0.329102 0.0392862
0.330078 0.101471
0.331055 0.0390311
0.332031 0.101615
0.333008 -0.0486386
0.333984 -0.0848095
0.334961 -0.0104447
0.335938 -0.0559309
0.336914 0.0174437
0.337891 0.22354
0.338867 -0.186428
0.339844 -0.0514497
0.34082 -0.0698488
0.341797 0.0296051
0.342773 0.0507267
0.34375 -0.188534
0.344727 0.119354
0.345703 0.0329695
0.34668 0.0939066
0.347656 0.0636495
0.348633 -0.0793189
0.349609 -0.0115561
0.350586 -0.0191146
0.351562 -0.0135613
0.352539 0.0564045
0.353516 -0.0838151
0.354492 0.0937906
0.355469 0.00598582
0.356445 -0.0517899
0.357422 0.10792
0.358398 0.104258
0.359375 0.102286
0.360352 -0.0715261
0.361328 -0.0700693
0.362305 -0.248005
0.363281 0.0261904
0.364258 -0.0981883
0.365234 0.084617
0.366211 0.0056455
0.367188 -0.129588
0.368164 -0.16615
0.369141 -0.0474024
0.370117 -0.041728
0.371094 -0.0699049
0.37207 -0.0603556
0.373047 0.00257706
0.374023 -0.0228304
0.375 -0.0270577
0.375977 0.083752
0.376953 -0.0516012
0.37793 0.0914393
0.378906 -0.0232072
0.379883 0.0638105
0.380859 -0.000443023
0.381836 0.00365549
0.382812 -0.059856
0.383789 -0.000269981
0.384766 -0.111876
0.385742 -0.00686153
0.386719 0.0306414
0.387695 0.0320512
0.388672 -0.043146
0.389648 -0.0948266
0.390625 -0.0758024
0.391602 -0.053157
0.392578 -0.0263337
0.393555 -0.0624916
0.394531 -0.113901
0.395508 0.00578113
0.396484 0.0188175
0.397461 0.00995853
0.398438 0.0315259
0.399414 -0.0719947
0.400391 -0.012496
0.401367 0.149721
0.402344 0.0682696
0.40332 -0.0249876
0.404297 -0.030149
0.405273 0.152111
0.40625 0.096318
0.407227 0.0218474
0.408203 -0.212152
0.40918 -0.0398152
0.410156 0.0811852
0.411133 -0.00278596
0.412109 -0.0431789
0.413086 -0.0365267
0.414062 -0.0591221
0.415039 -0.00677622
0.416016 -0.0177635
0.416992 -0.0436085
0.417969 -0.00627515
0.418945 0.0376482
0.419922 0.0290877
0.420898 0.0485558
0.421875 0.119835
0.422852 0.158425
0.423828 0.0386533
0.424805 -0.0699281
0.425781 0.056302
0.426758 0.144116
0.427734 0.20097
0.428711 0.0476473
0.429688 0.068492
0.430664 -0.0351845
0.431641 -0.0318274
0.432617 0.120784
0.433594 -0.0484204
0.43457 0.132375
0.435547 0.075491
0.436523 0.049295
0.4375 0.0311922
0.438477 -0.0370794
0.439453 -0.0824924
0.44043 0.0607877
0.441406 0.122976
0.442383 -0.0106459
0.443359 0.0538429
0.444336 0.100502
0.445312 -0.00893825
0.446289 0.00871903
0.447266 -0.124497
0.448242 -0.0594464
0.449219 0.0391212
0.450195 -0.0320075
0.451172 0.00726426
0.452148 0.0484016
0.453125 0.0633619
0.454102 0.0199159
0.455078 8.81902e-05
0.456055 0.0698234
0.457031 0.0670667
0.458008 0.0602818
0.458984 0.0527629
0.459961 0.0323231
0.460938 -0.0660519
0.461914 -0.125343
0.462891 0.0499201
0.463867 0.0239714
0.464844 -0.142923
0.46582 0.0669054
0.466797 -0.00256557
0.467773 -0.0998552
0.46875 -0.0672134
0.469727 -0.0254526
0.470703 -0.100416
0.47168 -0.0294857
0.472656 -0.00559863
0.473633 0.05701
0.474609 0.184596
0.475586 0.18499
0.476562 -0.105361
0.477539 -0.0666573
0.478516 0.0070127
0.479492 -0.0548438
0.480469 -0.042182
0.481445 0.0246885
0.482422 -0.0729544
0.483398 0.0249324
0.484375 0.0726837
0.485352 -0.10252
0.486328 0.145334
0.487305 -0.183416
0.488281 -0.100203
0.489258 -0.00847225
0.490234 0.014077
0.491211 -0.00599388
0.492188 0.0251904
0.493164 0.117008
0.494141 0.0932107
0.495117 0.0732958
0.496094 -0.014189
0.49707 -0.00702983
0.498047 0.0471966
0.499023 0.0169108
0.5 0.0533461
0.500977 0.0361694
0.501953 -0.078735
0.50293 0.176836
0.503906 -0.0431377
0.504883 0.0738605
0.505859 0.133789
0.506836 0.0965495
0.507812 0.0404072
0.508789 0.0587136
0.509766 -0.132637
0.510742 -0.0465742
0.511719 0.0718558
0.512695 0.019168
0.513672 -0.0279019
0.514648 -0.0180629
0.515625 -0.0924278
0.516602 0.031718
0.517578 0.0451867
0.518555 0.140622
0.519531 -0.253754
0.520508 0.132688
0.521484 -0.0669214
0.522461 -0.155379
0.523438 -0.152195
0.524414 0.0481713
0.525391 0.0777481
0.526367 -0.0223231
0.527344 -0.0613711
0.52832 0.0843911
0.529297 -0.0904701
0.530273 0.00290523
0.53125 0.0102192
0.532227 0.147054
0.533203 0.0529686
0.53418 -0.104901
0.535156 0.0206379
0.536133 -0.0824463
0.537109 0.108822
0.538086 0.00940907
0.539062 0.0442723
0.540039 0.0316047
0.541016 -0.177883
0.541992 -0.0936617
0.542969 -0.0752011
0.543945 0.0761232
0.544922 0.0191483
0.545898 -0.0326012
0.546875 0.0624073
0.547852 0.0557349
0.548828 0.128356
0.549805 -0.00995996
0.550781 0.0106108
0.551758 0.0833418
0.552734 0.154111
0.553711 0.0635813
0.554688 0.21836
0.555664 0.0323138
0.556641 0.0626926
0.557617 -0.251753
0.558594 0.0897819
0.55957 -0.125175
0.560547 -0.0699925
0.561523 0.104626
0.5625 0.0369948
0.563477 0.0334062
0.564453 0.108037
0.56543 0.0611316
0.566406 -0.0252904
0.567383 0.00861942
0.568359 -0.0168466
0.569336 0.067588
0.570312 -0.0136753
0.571289 0.0781879
0.572266 0.0199117
0.573242 0.107757
0.574219 0.0258823
0.575195 -0.0360255
0.576172 0.0670774
0.577148 0.19396
0.578125 0.00847352
0.579102 -0.0511135
0.580078 0.1538
0.581055 0.0838227
0.582031 -0.0111404
0.583008 0.127027
0.583984 0.0295816
0.584961 -0.0706115
0.585938 0.0612527
0.586914 0.0374114
0.587891 0.0641095
0.588867 -0.011109
0.589844 0.140643
0.59082 0.0492112
0.591797 -0.115086
0.592773 -0.051538
0.59375 -0.13739
0.594727 -0.0714524
0.595703 0.0500544
0.59668 -0.0141941
0.597656 -0.132858
0.598633 0.076281
0.599609 -0.106696
0.600586 -0.132573
0.601562 -0.0660192
0.602539 0.143283
0.603516 -0.0279664
0.604492 -0.0107843
0.605469 -0.0435512
0.606445 -0.0687996
0.607422 0.0496355
0.608398 -0.0191737
0.609375 0.156214
0.610352 0.0106563
0.611328 0.0637647
0.612305 -0.0294847
0.613281 0.0395889
0.614258 0.0193739
0.615234 0.0450547
0.616211 0.0461722
0.617188 0.0416101
0.618164 0.0035174
0.619141 -0.0687324
0.620117 0.0200093
0.621094 0.0436334
0.62207 -0.0202229
0.623047 -0.09396
0.624023 0.0512459
0.625 0.0517593
0.625977 -0.054292
0.626953 -0.105499
0.62793 0.0110494
0.628906 0.0115442
0.629883 0.0850401
0.630859 0.0424908
0.631836 0.129815
0.632812 -0.0566134
0.633789 0.101567
0.634766 0.041832
0.635742 0.0484243
0.636719 -0.00270575
0.637695 -0.037554
0.638672 0.0177885
0.639648 0.00456047
0.640625 -0.1399
0.641602 0.0294672
0.642578 -0.0467524
0.643555 -0.0231031
0.644531 0.0382785
0.645508 0.0878727
0.646484 0.0525024
0.647461 -0.0455587
0.648438 -0.0797429
0.649414 -0.0184636
0.650391 0.0282176
0.651367 0.0448698
0.652344 0.000848393
0.65332 -0.0490451
0.654297 0.00888413
0.655273 -0.155293
0.65625 -0.0395926
0.657227 0.0374797
0.658203 -0.0252627
0.65918 -0.0484038
0.660156 -0.0801073
0.661133 -0.0177828
0.662109 -0.00453067
0.663086 -0.110901
0.664062 -0.0605542
0.665039 -0.112366
0.666016 0.124347
0.666992 -0.0371291
0.667969 0.0820866
0.668945 -0.0133205
0.669922 -0.0171262
0.670898 0.256746
0.671875 0.0807983
0.672852 0.082519
0.673828 0.173745
0.674805 -0.0477219
0.675781 -0.10888
0.676758 -0.0363273
0.677734 -0.0850176
0.678711 -0.114656
0.679688 0.0326128
0.680664 0.0738457
0.681641 0.0581703
0.682617 -0.00803602
0.683594 -0.0673067
0.68457 -0.0578218
0.685547 0.0505963
0.686523 0.0161304
0.6875 -0.106192
0.688477 -0.106944
0.689453 -0.0881286
0.69043 0.0124157
0.691406 -0.0378173
0.692383 -0.100048
0.693359 -0.0517704
0.694336 -0.00722231
0.695312 -0.0390752
0.696289 -0.21875
0.697266 -0.063673
0.698242 0.0713248
0.699219 0.0586314
0.700195 -0.00998148
0.701172 -0.0823092
0.702148 -0.0864121
0.703125 -0.0119811
0.704102 0.0665716
0.705078 0.118698
0.706055 0.098779
0.707031 -0.0827485
0.708008 0.0827124
0.708984 0.0708708
0.709961 -0.119498
0.710938 -0.134746
0.711914 0.162576
0.712891 0.0402333
0.713867 -0.0916027
0.714844 -0.00467323
0.71582 -0.0228059
0.716797 -0.153335
0.717773 0.0355326
0.71875 -0.0720803
0.719727 -0.0313039
0.720703 0.125297
0.72168 -0.156551
0.722656 0.164362
0.723633 0.0830333
0.724609 -0.0486549
0.725586 -0.0339681
0.726562 0.0751061
0.727539 -0.0633576
0.728516 0.0225531
0.729492 0.0427566
0.730469 0.0135384
0.731445 0.0274306
0.732422 0.0304588
0.733398 0.117947
0.734375 0.12348
0.735352 -0.158563
0.736328 0.171128
0.737305 -0.0755062
0.738281 0.0813234
0.739258 -0.0191394
0.740234 -0.0444069
0.741211 0.131271
0.742188 -0.198185
0.743164 -0.081899
0.744141 -0.0588398
0.745117 0.0200126
0.746094 0.123212
0.74707 -0.0223237
0.748047 0.112305
0.749023 -0.0544718
0.75 0.150834
0.750977 0.0215527
0.751953 0.124446
0.75293 0.0635713
0.753906 0.00291223
0.754883 0.0849894
0.755859 0.005704
0.756836 -0.120192
0.757812 -0.030871
0.758789 0.077858
0.759766 -0.0181882
0.760742 -0.0300936
0.761719 0.10842
0.762695 -0.229492
0.763672 -0.0910437
0.764648 -0.000410074
0.765625 -0.0594193
0.766602 0.063879
0.767578 -0.0799933
0.768555 0.115823
0.769531 0.0251749
0.770508 0.0260475
0.771484 -0.0184554
0.772461 -0.0313427
0.773438 0.0811367
0.774414 0.0354893
0.775391 0.0301941
0.776367 0.0511023
0.777344 0.11003
0.77832 -0.0622701
0.779297 -0.0574583
0.780273 -0.159977
0.78125 -0.0340655
0.782227 -0.113787
0.783203 0.00128243
0.78418 -0.0400675
0.785156 -0.0588533
0.786133 0.0208322
0.787109 -0.0473842
0.788086 0.175056
0.789062 -0.0549099
0.790039 0.0235568
0.791016 0.0100883
0.791992 -0.014181
0.792969 0.258259
0.793945 -0.0571152
0.794922 0.0669685
0.795898 0.0322741
0.796875 -0.0563825
0.797852 0.0273634
0.798828 0.0197329
0.799805 -0.145288
0.800781 0.0440988
0.801758 -0.0837897
0.802734 0.04465
0.803711 0.0239256
0.804688 0.0480241
0.805664 -0.0378255
0.806641 0.0893787
0.807617 -0.0701936
0.808594 0.0877311
0.80957 -0.0359258
0.810547 -0.0774331
0.811523 -0.0243223
0.8125 0.00890751
0.813477 0.177288
0.814453 -0.0462893
0.81543 0.00557974
0.816406 0.162024
0.817383 -0.112621
0.818359 0.0773741
0.819336 0.0391733
0.820312 -0.0499798
0.821289 0.00226423
0.822266 0.0123855
0.823242 -0.0390275
0.824219 0.00401376
0.825195 0.122129
0.826172 -0.0932369
0.827148 0.0618645
0.828125 -0.0611794
0.829102 0.0104353
0.830078 0.0990787
0.831055 -0.0274783
0.832031 -0.0171254
0.833008 0.0137643
0.833984 0.014453
0.834961 -0.12947
0.835938 -0.0315979
0.836914 -0.0484846
0.837891 0.0586202
0.838867 0.0527517
0.839844 0.0561817
0.84082 0.00336159
0.841797 -0.0975364
0.842773 0.00384782
0.84375 -0.0870216
0.844727 0.00440189
0.845703 0.1332
0.84668 -0.0206227
0.847656 0.114446
0.848633 -0.0383857
0.849609 0.027728
0.850586 -0.00782058
0.851562 -0.0983026
0.852539 0.0465092
0.853516 0.105506
0.854492 0.184894
0.855469 0.0876257
0.856445 0.0377883
0.857422 0.0882198
0.858398 0.0250411
0.859375 0.0121293
0.860352 -0.0711885
0.861328 -0.0294042
0.862305 -0.181185
0.863281 0.04001
0.864258 0.0293323
0.865234 0.0670936
0.866211 0.0579984
0.867188 0.133793
0.868164 -0.0598879
0.869141 0.00761776
0.870117 -0.00641034
0.871094 -0.0165842
0.87207 0.0532883
0.873047 -0.0319499
0.874023 0.00470577
0.875 -0.00541908
0.875977 -0.0302465
0.876953 0.0823393
0.87793 -0.0371477
0.878906 -0.0347413
0.879883 -0.0535656
0.880859 0.133593
0.881836 -0.0514005
0.882812 -0.0580145
0.883789 -0.113052
0.884766 -0.0730604
0.885742 -0.00584048
0.886719 -0.076639
0.887695 0.124301
0.888672 -0.0296363
0.889648 -0.0938549
0.890625 -0.0452465
0.891602 -0.0683504
0.892578 0.123446
0.893555 0.0420507
0.894531 0.0226494
0.895508 -0.0852348
0.896484 -0.0255768
0.897461 0.048703
0.898438 -0.107564
0.899414 0.0701105
0.900391 0.115176
0.901367 0.0704204
0.902344 0.030081
0.90332 -0.0220079
0.904297 -0.060956
0.905273 -0.0258807
0.90625 -0.106476
0.907227 0.128693
0.908203 0.0812876
0.90918 -0.132626
0.910156 -0.00550919
0.911133 0.0284319
0.912109 0.00437672
0.913086 0.0749734
0.914062 -0.0769565
0.915039 0.0592978
0.916016 0.024478
0.916992 -0.0237224
0.917969 0.075671
0.918945 0.0929682
0.919922 -0.0453852
0.920898 -0.0210863
0.921875 0.0417836
0.922852 -0.0319303
0.923828 -0.0309353
0.924805 -0.0584764
0.925781 -0.0508228
0.926758 0.0327782
0.927734 -0.0188955
0.928711 -0.107194
0.929688 0.0222395
0.930664 -0.121915
0.931641 -0.0199125
0.932617 -0.036908
0.933594 -0.0321435
0.93457 -0.0515379
0.935547 0.349766
0.936523 0.598256
0.9375 0.301017
0.938477 0.442123
0.939453 0.760276
0.94043 0.499981
0.941406 0.195052
0.942383 0.0568012
0.943359 0.110182
0.944336 -0.0501399
0.945312 0.00354103
0.946289 -0.0232247
0.947266 0.0292981
0.948242 0.199083
0.949219 -0.069933
0.950195 0.0303997
0.951172 0.0472259
0.952148 0.102077
0.953125 0.00457949
0.954102 0.0823745
0.955078 -0.0565692
0.956055 0.0552281
0.957031 0.073778
0.958008 0.153677
0.958984 -0.112152
0.959961 -0.0385768
0.960938 -0.049618
0.961914 -0.0588752
0.962891 0.0323636
0.963867 -0.0159588
0.964844 -0.0205081
0.96582 -0.00486378
0.966797 -0.0807924
0.967773 -0.0419875
0.96875 0.0139995
0.969727 0.00397381
0.970703 0.0247957
0.97168 0.0524663
0.972656 -0.027908
0.973633 0.0112217
0.974609 0.125394
0.975586 -0.0717441
0.976562 -0.119254
0.977539 -0.0849857
0.978516 -0.0154064
0.979492 0.0123551
0.980469 -0.00807685
0.981445 0.0994913
0.982422 0.0765902
0.983398 0.0864579
0.984375 0.0624396
0.985352 0.0983535
0.986328 0.132296
0.987305 -0.0958031
0.988281 0.159598
0.989258 -0.0894736
0.990234 0.00918731
0.991211 -0.064325
0.992188 0.0878704
0.993164 0.00282093
0.994141 0.0576799
0.995117 0.085695
0.996094 0.10421
0.99707 -0.0648898
0.998047 -0.00927143
0.999023 -0.116231
1 -0.118347
1.00098 -0.0166506
1.00195 0.106579
1.00293 -0.0453426
1.00391 -0.0055432
1.00488 -0.0476629
1.00586 -0.0997287
1.00684 -0.0318274
1.00781 -0.0569172
1.00879 -0.0597475
1.00977 -0.0304351
1.01074 0.119342
1.01172 -0.0225329
1.0127 0.0100927
1.01367 0.109558
1.01465 -0.0458645
1.01562 0.0995332
1.0166 -0.160217
1.01758 -0.0224805
1.01855 -0.0205144
1.01953 -0.0869412
1.02051 -0.0293624
1.02148 -0.00921599
1.02246 0.0652682
1.02344 0.107137
1.02441 -0.0754961
1.02539 -0.141696
1.02637 0.171275
1.02734 -0.0265478
1.02832 -0.05993
1.0293 -0.0539664
1.03027 -0.00806722
1.03125 -0.0680668
1.03223 -0.0152295
1.0332 -0.0932855
1.03418 0.0146334
1.03516 0.0471104
1.03613 -0.0108951
1.03711 -0.00229133
1.03809 -0.165622
1.03906 -0.00861192
1.04004 -0.158527
1.04102 -0.161864
1.04199 -0.175155
1.04297 0.0628436
1.04395 0.0182546
1.04492 -0.0488927
1.0459 0.0972917
1.04688 -0.11869
1.04785 -0.0311923
1.04883 -0.0398684
1.0498 -0.064314
1.05078 0.0784441
1.05176 -0.0484885
1.05273 -0.0438804
1.05371 0.0946789
1.05469 -0.0204686
1.05566 0.286067
1.05664 -0.0268146
1.05762 -0.0724479
1.05859 -0.0281233
1.05957 0.179298
1.06055 0.0496668
1.06152 -0.0179578
1.0625 0.0621766
1.06348 0.156141
1.06445 0.0626862
1.06543 0.0939857
1.06641 -0.0376229
1.06738 0.04435
1.06836 -0.0712714
1.06934 0.0449815
1.07031 0.0248604
1.07129 0.102306
1.07227 0.252653
1.07324 0.000239996
1.07422 0.0697521
1.0752 0.185973
1.07617 -0.0516313
1.07715 -0.0457853
1.07812 -0.0299024
1.0791 -0.0473718
1.08008 -0.0537517
1.08105 -0.0681179
1.08203 -0.0871556
1.08301 -0.0224452
1.08398 -0.0204794
1.08496 0.00137634
1.08594 0.0987404
1.08691 0.0445039
1.08789 -0.0988358
1.08887 0.145976
1.08984 0.0490142
1.09082 0.0314751
1.0918 0.0297896
1.09277 -0.0635999
1.09375 -0.0163445
1.09473 -0.11424
1.0957 0.0342995
1.09668 0.0899296
1.09766 0.04993
1.09863 0.101843
1.09961 0.0157345
1.10059 -0.0461182
1.10156 -0.0891457
1.10254 -0.0718487
1.10352 0.104293
1.10449 -0.0219606
1.10547 -0.0341293
1.10645 -0.0215828
1.10742 -0.0860642
1.1084 -0.0627267
1.10938 -0.129423
1.11035 0.0222677
1.11133 -0.00979954
1.1123 0.00103749
1.11328 0.0206459
1.11426 -0.0401035
1.11523 -0.0116488
1.11621 0.0379949
1.11719 -0.0329377
1.11816 0.0262174
1.11914 0.0154967
1.12012 -0.0678386
1.12109 -0.024128
1.12207 -0.10145
1.12305 0.00112642
1.12402 -0.0951518
1.125 -0.0329196
1.12598 -0.0128739
1.12695 0.0443615
1.12793 -0.187519
1.12891 0.0758105
1.12988 0.032566
1.13086 0.062843
1.13184 0.0356398
1.13281 -0.010912
1.13379 0.0526881
1.13477 -0.052748
1.13574 0.0672957
1.13672 0.010741
1.1377 -0.0230978
1.13867 0.106701
1.13965 -0.133387
1.14062 -0.012077
1.1416 -0.00525086
1.14258 0.0835553
1.14355 -0.022736
1.14453 -0.0895976
1.14551 -0.130295
1.14648 -0.0759311
1.14746 -0.0254274
1.14844 -0.0195068
1.14941 -0.0279792
1.15039 -0.0635959
1.15137 -0.0511588
1.15234 0.161281
1.15332 0.0184098
1.1543 0.0194524
1.15527 -0.129936
1.15625 -0.000988144
1.15723 -0.0805885
1.1582 -0.0702593
1.15918 -0.0755936
1.16016 -0.134019
1.16113 0.0868644
1.16211 -0.0517466
1.16309 -0.0264916
1.16406 0.0580379
1.16504 -0.00383806
1.16602 0.142424
1.16699 -0.140764
1.16797 0.0218809
1.16895 0.126632
1.16992 0.0212749
1.1709 0.114617
1.17188 -0.0428182
1.17285 -0.078518
1.17383 0.085341
1.1748 0.056492
1.17578 0.0528786
1.17676 0.0602004
1.17773 0.00240982
1.17871 -0.013332
1.17969 -0.0559368
1.18066 -0.0627199
1.18164 0.111855
1.18262 -0.09734
1.18359 0.0332869
1.18457 -0.0540749
1.18555 0.0181207
1.18652 0.191059
1.1875 0.107497
1.18848 0.0842545
1.18945 0.15895
1.19043 0.0565899
1.19141 0.0531805
1.19238 0.127484
1.19336 0.0702292
1.19434 0.0163697
1.19531 -0.00659944
1.19629 -0.00157247
1.19727 -0.0308069
1.19824 0.0699859
1.19922 -0.0504421
1.2002 -0.0579854
1.20117 0.171974
1.20215 0.0548267
1.20312 0.107024
1.2041 -0.12073
1.20508 0.0801484
1.20605 0.20904
1.20703 0.048647
1.20801 0.0823748
1.20898 0.0819533
1.20996 -0.0392562
1.21094 0.0825515
1.21191 -0.0673372
1.21289 0.00902185
1.21387 0.104128
1.21484 -0.082978
1.21582 -0.0324393
1.2168 0.0596847
1.21777 -0.0784448
1.21875 0.0984422
1.21973 0.0450317
1.2207 -0.0316265
1.22168 -0.00374775
1.22266 -0.078487
1.22363 0.0640463
1.22461 0.0602505
1.22559 -0.00641795
1.22656 0.0473293
1.22754 -0.0481003
1.22852 0.132353
1.22949 -0.0949435
1.23047 0.0494311
1.23145 0.0875272
1.23242 0.0679207
1.2334 0.0335541
1.23438 0.0164408
1.23535 0.10561
1.23633 0.110818
1.2373 0.0548387
1.23828 0.0337997
1.23926 0.14704
1.24023 -0.0664944
1.24121 -0.00484072
1.24219 -0.118025
1.24316 -0.0454601
1.24414 0.111752
1.24512 -0.0373877
1.24609 0.0835617
1.24707 0.0092657
1.24805 -0.110926
1.24902 0.0702609
1.25 0.122284
1.25098 0.0409945
1.25195 0.020741
1.25293 -0.0620723
1.25391 -0.0378667
1.25488 -0.0918989
1.25586 0.0174346
1.25684 -0.0123675
1.25781 0.0138868
1.25879 -0.0366151
1.25977 -0.0694693
1.26074 0.00476165
1.26172 -0.0410106
1.2627 -0.0327238
1.26367 -0.0802837
1.26465 -0.021596
1.26562 -0.091692
1.2666 -0.0366693
1.26758 -0.122372
1.26855 0.0862871
1.26953 -0.0130402
1.27051 0.0964644
1.27148 0.108448
1.27246 0.105701
1.27344 0.0975053
1.27441 0.0922218
1.27539 -0.0646987
1.27637 0.129875
1.27734 0.00934705
1.27832 0.217754
1.2793 0.0361402
1.28027 0.0876314
1.28125 0.0819583
1.28223 -0.0710643
1.2832 -0.00909417
1.28418 -0.134742
1.28516 0.103027
1.28613 0.0185507
1.28711 -0.0736259
1.28809 0.0670474
1.28906 0.0132967
1.29004 -0.00864425
1.29102 0.0309055
1.29199 0.0971879
1.29297 0.0779569
1.29395 -0.103936
1.29492 0.112941
1.2959 -0.0290842
1.29688 0.0412806
1.29785 0.13696
1.29883 -0.0489558
1.2998 -0.113569
1.30078 0.0863714
1.30176 -0.110572
1.30273 0.0521386
1.30371 0.0236351
1.30469 0.0832274
1.30566 0.111377
1.30664 -0.139732
1.30762 0.059351
1.30859 0.0170788
1.30957 -0.0921376
1.31055 0.12715
1.31152 -0.0949649
1.3125 0.0151431
1.31348 0.0764924
1.31445 -0.108935
1.31543 -0.0363459
1.31641 0.0381965
1.31738 0.0808561
1.31836 -0.023375
1.31934 0.222394
1.32031 -0.0937671
1.32129 0.087639
1.32227 0.0482118
1.32324 -0.0220297
1.32422 0.0150973
1.3252 -0.0618791
1.32617 -0.00193224
1.32715 -0.00892081
1.32812 -0.0285244
1.3291 0.157217
1.33008 0.083318
1.33105 0.078577
1.33203 0.0839293
1.33301 -0.00201398
1.33398 0.00234893
1.33496 0.039066
1.33594 0.0696466
1.33691 0.0735848
1.33789 0.0122515
1.33887 -0.0762925
1.33984 -0.0329628
1.34082 0.0391073
1.3418 0.120899
1.34277 0.00443157
1.34375 -0.00951242
1.34473 -0.0466801
1.3457 -0.0302939
1.34668 -0.113798
1.34766 -0.0815955
1.34863 0.0381664
1.34961 0.0627388
1.35059 -0.0472415
1.35156 0.0458108
1.35254 -0.0545464
1.35352 0.0136708
1.35449 -0.0123168
1.35547 -0.0720665
1.35645 -0.0308203
1.35742 -0.0455825
1.3584 0.0322226
1.35938 0.015109
1.36035 -0.139693
1.36133 0.0649738
1.3623 -0.0375778
1.36328 0.0367516
1.36426 -0.0476422
1.36523 0.0146027
1.36621 -0.0904398
1.36719 -0.0556971
1.36816 0.0885925
1.36914 0.140472
1.37012 -0.0359101
1.37109 -0.0100546
1.37207 0.113444
1.37305 0.133175
1.37402 0.00179505
1.375 0.0789364
1.37598 0.0480261
1.37695 0.0155689
1.37793 0.044063
1.37891 0.0618423
1.37988 0.158793
1.38086 -0.0731067
1.38184 -0.201009
1.38281 -0.0980576
1.38379 0.0361246
1.38477 -0.0239266
1.38574 -0.0685309
1.38672 -0.0248981
1.3877 0.0662009
1.38867 0.0512251
1.38965 -0.0412948
1.39062 0.0992219
1.3916 -0.0747501
1.39258 -0.172671
1.39355 0.0155305
1.39453 0.0410138
1.39551 0.0496575
1.39648 0.0516608
1.39746 -0.0876701
1.39844 0.0606098
1.39941 0.0292571
1.40039 0.0469672
1.40137 0.0364299
1.40234 0.0383282
1.40332 0.0466631
1.4043 -0.00474814
1.40527 0.00883424
1.40625 0.0175893
1.40723 0.175829
1.4082 0.152194
1.40918 -0.0785769
1.41016 -0.0642886
1.41113 0.00786823
1.41211 0.00646336
1.41309 0.021711
1.41406 -0.00594292
1.41504 -0.130805
1.41602 0.0638847
1.41699 -0.126911
1.41797 -0.0669153
1.41895 0.122409
1.41992 -0.015319
1.4209 0.0149261
1.42188 0.0603708
1.42285 -0.169071
1.42383 0.119284
1.4248 0.0112621
1.42578 0.0946492
1.42676 0.047164
1.42773 0.109036
1.42871 0.146247
1.42969 0.0125207
1.43066 -0.0382608
1.43164 -0.00364713
1.43262 -0.121211
1.43359 0.0904748
1.43457 0.0533967
1.43555 0.0365231
1.43652 0.0437409
1.4375 0.0020701
1.43848 0.191456
1.43945 -0.00764696
1.44043 -0.035009
1.44141 0.0840687
1.44238 0.202721
1.44336 0.115698
1.44434 0.014898
1.44531 -0.17712
1.44629 -0.237375
1.44727 0.121071
1.44824 0.0702449
1.44922 -0.0399487
1.4502 0.0139872
1.45117 -0.0478446
1.45215 0.00694373
1.45312 0.119688
1.4541 0.0534042
1.45508 0.0908337
1.45605 0.103967
1.45703 0.0697702
1.45801 -0.04552
1.45898 0.144246
1.45996 0.0971336
1.46094 0.0123506
1.46191 -0.00214233
1.46289 -0.0324812
1.46387 0.177661
1.46484 -0.154811
1.46582 -0.0577463
1.4668 -0.000427376
1.46777 0.0446228
1.46875 -0.0687826
1.46973 0.00975462
1.4707 0.0429138
1.47168 -0.0138471
1.47266 0.0411743
1.47363 0.0567487
1.47461 -0.10565
1.47559 0.0161442
1.47656 0.0836864
1.47754 -0.0265178
1.47852 0.109241
1.47949 0.0777784
1.48047 -0.0322404
1.48145 0.10955
1.48242 -0.0160855
1.4834 0.0547492
1.48438 0.0427529
1.48535 -0.0114745
1.48633 0.0247969
1.4873 -0.00209225
1.48828 0.0368496
1.48926 0.0750696
1.49023 -0.00981759
1.49121 0.0846569
1.49219 0.174212
1.49316 0.0799248
1.49414 0.00126137
1.49512 -0.179059
1.49609 -0.121316
1.49707 0.0605404
1.49805 0.0948342
1.49902 -0.0439095
1.5 -0.133079
1.50098 -0.0235737
1.50195 0.103085
1.50293 0.0948994
1.50391 -0.0107314
1.50488 0.119762
1.50586 -0.0261884
1.50684 -0.08266
1.50781 0.0925653
1.50879 0.0344431
1.50977 -0.022267
1.51074 -0.115072
1.51172 0.0150311
1.5127 0.0840718
1.51367 0.133461
1.51465 0.0226649
1.51562 -0.00424536
1.5166 0.0560485
1.51758 0.0357976
1.51855 -0.0424385
1.51953 -0.0712615
1.52051 -0.0418307
1.52148 0.0179171
1.52246 0.109151
1.52344 0.0593001
1.52441 -0.0466073
1.52539 0.0153667
1.52637 -0.0577861
1.52734 -0.0471541
1.52832 -0.0146602
1.5293 -0.0110593
1.53027 0.133523
1.53125 0.205371
1.53223 0.0962497
1.5332 -0.0123008
1.53418 0.0116209
1.53516 -0.0905545
1.53613 0.030604
1.53711 -0.0567848
1.53809 -0.0425414
1.53906 0.0346414
1.54004 0.0229695
1.54102 0.0997824
1.54199 0.03235
1.54297 -0.107337
1.54395 0.123033
1.54492 0.00636132
1.5459 -0.0282788
1.54688 0.00772341
1.54785 -0.0165856
1.54883 -0.0137964
1.5498 0.0972406
1.55078 -0.0155966
1.55176 0.144487
1.55273 0.249603
1.55371 0.0905213
1.55469 0.00410221
1.55566 -0.219802
1.55664 -0.0684682
1.55762 0.0164765
1.55859 0.0552309
1.55957 -0.148724
1.56055 -0.0318049
1.56152 -0.0931896
1.5625 0.0481058
1.56348 -0.0158382
1.56445 0.109793
1.56543 -0.0629312
1.56641 -0.0695918
1.56738 -0.102824
1.56836 0.121819
1.56934 0.0948718
1.57031 0.158694
1.57129 -0.0548439
1.57227 0.116533
1.57324 0.0040418
1.57422 -0.0721975
1.5752 0.070997
1.57617 0.0600401
1.57715 0.0308859
1.57812 0.0546884
1.5791 -0.0439602
1.58008 -0.101584
1.58105 0.0577504
1.58203 -0.0192114
1.58301 0.095538
1.58398 0.0943289
1.58496 0.0505144
1.58594 0.022498
1.58691 0.058226
1.58789 0.069833
1.58887 0.0766234
1.58984 0.0522668
1.59082 0.13924
1.5918 0.101042
1.59277 0.0110632
1.59375 -0.0757765
1.59473 0.0170098
1.5957 -0.119948
1.59668 -0.00699717
1.59766 0.0803084
1.59863 -0.0106475
1.59961 0.0403619
1.60059 -0.108746
1.60156 0.0652229
1.60254 -0.0423276
1.60352 -0.0392962
1.60449 -0.0429805
1.60547 -0.0812053
1.60645 -0.0541861
1.60742 0.0749083
1.6084 0.0216741
1.60938 -0.0516733
1.61035 0.0095476
1.61133 -0.110383
1.6123 -0.0602251
1.61328 0.0921951
1.61426 0.0667523
1.61523 -0.0196798
1.61621 0.019608
1.61719 0.0289663
1.61816 0.168211
1.61914 0.093057
1.62012 -0.0281531
1.62109 0.0370923
1.62207 0.0404321
1.62305 0.0859768
1.62402 0.0648788
1.625 0.0495415
1.62598 0.0326456
1.62695 0.04186
1.62793 -0.0410375
1.62891 -0.018077
1.62988 0.0167968
1.63086 -0.0213931
1.63184 0.0415316
1.63281 0.0391905
1.63379 -0.117843
1.63477 0.00635504
1.63574 -0.165843
1.63672 -0.196142
1.6377 0.00628658
1.63867 -0.173135
1.63965 -0.144786
1.64062 -0.0749852
1.6416 -0.129921
1.64258 0.035144
1.64355 -0.0222514
1.64453 -0.04933
1.64551 0.0969505
1.64648 -0.0495108
1.64746 0.0405547
1.64844 0.0496677
1.64941 -0.0244391
1.65039 0.150085
1.65137 -0.01003
1.65234 -0.0509713
1.65332 0.0970601
1.6543 -0.0180212
1.65527 -0.0771897
1.65625 0.00109845
1.65723 0.0283288
1.6582 0.0389412
1.65918 0.0741762
1.66016 0.0284798
1.66113 0.0759501
1.66211 0.0251879
1.66309 0.12478
1.66406 0.120373
1.66504 0.00835661
1.66602 0.00303467
1.66699 -0.0630946
1.66797 -0.0242329
1.66895 0.102925
1.66992 0.0645981
1.6709 0.0133191
1.67188 0.0698163
1.67285 -0.0637892
1.67383 0.0198543
1.6748 -0.093595
1.67578 -0.0589341
1.67676 0.0509971
1.67773 -0.0412116
1.67871 0.0230309
1.67969 0.0332067
1.68066 0.0729809
1.68164 -0.00223268
1.68262 -0.0163568
1.68359 0.0258803
1.68457 0.049528
1.68555 0.0162109
1.68652 0.0949214
1.6875 0.0501474
1.68848 0.142012
1.68945 -0.0053048
1.69043 0.0708016
1.69141 0.0190078
1.69238 0.00977313
1.69336 0.0658052
1.69434 -0.0798433
1.69531 -0.0468144
1.69629 -0.122849
1.69727 -0.0907783
1.69824 0.0782432
1.69922 -0.0683567
1.7002 0.0916688
1.70117 0.0981148
1.70215 -0.0331705
1.70312 -0.0606475
1.7041 -0.0744904
1.70508 0.0184204
1.70605 0.0543444
1.70703 0.00262324
1.70801 0.11513
1.70898 0.173817
1.70996 0.108505
1.71094 0.0590192
1.71191 0.120737
1.71289 -0.0672155
1.71387 0.0709513
1.71484 0.0510081
1.71582 0.0184776
1.7168 -0.0126985
1.71777 0.0524357
1.71875 -0.0683043
1.71973 -0.0877648
1.7207 -0.0645461
1.72168 0.0878981
1.72266 0.0693086
1.72363 -0.0576229
1.72461 0.100989
1.72559 0.0757939
1.72656 0.0537764
1.72754 -0.0477938
1.72852 -0.0436516
1.72949 0.135001
1.73047 0.0396641
1.73145 0.0840029
1.73242 0.167383
1.7334 -0.0387434
1.73438 0.120259
1.73535 0.0505378
1.73633 -0.190902
1.7373 0.0679329
1.73828 0.0626157
1.73926 0.0390448
1.74023 -0.0454466
1.74121 0.0158707
1.74219 -0.0312765
1.74316 0.0349531
1.74414 0.0725468
1.74512 0.0826426
1.74609 -0.0680645
1.74707 0.0149358
1.74805 0.0159966
1.74902 -0.0496133
1.75 -0.0454464
1.75098 0.0100049
1.75195 0.00693024
1.75293 0.0742601
1.75391 -0.0361473
1.75488 0.130906
1.75586 0.139589
1.75684 -0.0435373
1.75781 0.00449305
1.75879 -0.0353313
1.75977 -0.043954
1.76074 -0.136873
1.76172 -0.046237
1.7627 0.078573
1.76367 -0.0729145
1.76465 0.0157391
1.76562 -0.0425728
1.7666 0.0411593
1.76758 0.0891128
1.76855 0.0427679
1.76953 0.069678
1.77051 0.0243287
1.77148 -0.0926528
1.77246 0.00274571
1.77344 0.0988149
1.77441 -0.138373
1.77539 -0.037804
1.77637 -0.032963
1.77734 -0.014846
1.77832 0.00155898
1.7793 -0.108315
1.78027 -0.093504
1.78125 -0.128648
1.78223 -0.107668
1.7832 0.0192169
1.78418 0.0537285
1.78516 0.0376986
1.78613 -0.0611346
1.78711 -0.0728803
1.78809 0.115552
1.78906 0.0769921
1.79004 0.0670768
1.79102 0.0360756
1.79199 0.0307582
1.79297 0.0233825
1.79395 0.000228289
1.79492 -0.0155701
1.7959 -0.0129989
1.79688 0.0662222
1.79785 0.0470245
1.79883 0.101993
1.7998 0.0743163
1.80078 0.0245904
1.80176 -0.0198143
1.80273 -0.0570904
1.80371 -0.0541709
1.80469 -0.01606
1.80566 0.0412173
1.80664 0.0818907
1.80762 -0.106187
1.80859 -0.0663253
1.80957 -0.0245211
1.81055 -0.0835184
1.81152 0.0140865
1.8125 -0.0769274
1.81348 -0.0124645
1.81445 0.0912791
1.81543 -0.0239025
1.81641 0.0288343
1.81738 -0.044687
1.81836 0.108965
1.81934 0.0798982
1.82031 0.0303981
1.82129 -0.0306062
1.82227 -0.0422324
1.82324 -0.00596483
1.82422 0.107326
1.8252 0.00618993
1.82617 -0.0275659
1.82715 0.0165886
1.82812 0.0254417
1.8291 -0.0133457
1.83008 -0.0282973
1.83105 0.0302312
1.83203 -0.0253038
1.83301 0.0333659
1.83398 0.0265122
1.83496 -0.0585543
1.83594 -0.0568055
1.83691 0.0672282
1.83789 -0.0846497
1.83887 0.184903
1.83984 -0.0633961
1.84082 -0.0226309
1.8418 -0.0646471
1.84277 -0.0588305
1.84375 0.0742645
1.84473 -0.0549831
1.8457 -0.115309
1.84668 -0.0538704
1.84766 0.174337
1.84863 0.0548443
1.84961 -0.106124
1.85059 0.0125044
1.85156 -0.0126369
1.85254 -0.0911034
1.85352 0.0648769
1.85449 0.022522
1.85547 -0.0717719
1.85645 0.00846945
1.85742 0.0702178
1.8584 -0.00031792
1.85938 0.061408
1.86035 0.0408109
1.86133 0.0113318
1.8623 -0.0748031
1.86328 0.0150304
1.86426 0.204148
1.86523 -0.0800537
1.86621 -0.0235893
1.86719 0.0287258
1.86816 0.189452
1.86914 -0.102369
1.87012 0.0330669
1.87109 0.0576806
1.87207 -0.0109468
1.87305 0.109804
1.87402 -0.112071
1.875 0.0711714
1.87598 -0.0599894
1.87695 0.00875734
1.87793 -0.00314515
1.87891 0.0700517
1.87988 -0.0200596
1.88086 -0.24962
1.88184 0.0549279
1.88281 0.00558153
1.88379 -0.0155592
1.88477 -0.104356
1.88574 0.151439
1.88672 -0.0506785
1.8877 -0.0232005
1.88867 -0.0297238
1.88965 -0.0513396
1.89062 -0.000528081
1.8916 -0.11982
1.89258 0.04019
1.89355 0.0296175
1.89453 0.0191981
1.89551 0.0968333
1.89648 0.0760157
1.89746 -0.0256416
1.89844 -0.0392756
1.89941 0.0321527
1.90039 0.00337712
1.90137 0.0198165
1.90234 0.058356
1.90332 0.138733
1.9043 0.0333613
1.90527 0.017999
1.90625 0.099767
1.90723 -0.0204445
1.9082 0.0647453
1.90918 0.0555911
1.91016 -0.0435095
1.91113 -0.0730158
1.91211 0.0215876
1.91309 -0.120061
1.91406 -0.00695679
1.91504 -0.0462806
1.91602 -0.0351599
1.91699 0.00836323
1.91797 -0.00551481
1.91895 -0.0639919
1.91992 -0.0922869
1.9209 -0.102163
1.92188 -0.0003126
1.92285 -0.0177038
1.92383 -0.00964481
1.9248 0.0937353
1.92578 -0.300184
1.92676 0.161841
1.92773 0.0150614
1.92871 0.0895856
1.92969 -0.0175027
1.93066 -0.0187976
1.93164 0.124893
1.93262 0.083828
1.93359 -0.110291
1.93457 -0.0185766
1.93555 -0.0395465
1.93652 -0.0390474
1.9375 -0.0822217
1.93848 0.00290474
1.93945 -0.00810087
1.94043 0.00694933
1.94141 0.0639246
1.94238 0.0622254
1.94336 -0.135414
1.94434 0.0296899
1.94531 0.0666796
1.94629 0.0765897
1.94727 -0.0516082
1.94824 0.0169886
1.94922 -0.0581944
1.9502 0.0314497
1.95117 0.112078
1.95215 0.0958284
1.95312 0.085976
1.9541 -0.128451
1.95508 -0.0347446
1.95605 0.0744945
1.95703 -0.00678263
1.95801 -0.0220617
1.95898 0.100117
1.95996 -0.0253636
1.96094 0.00550302
1.96191 -0.0338346
1.96289 0.00370421
1.96387 0.0413162
1.96484 -0.0325613
1.96582 -0.0487518
1.9668 -0.0409818
1.96777 -0.0148406
1.96875 0.00568828
1.96973 0.158851
1.9707 0.0584177
1.97168 -0.0456513
1.97266 -0.0662548
1.97363 0.0121799
1.97461 -0.0483722
1.97559 -0.128221
1.97656 -0.0405471
1.97754 0.0199879
1.97852 0.0559411
1.97949 -0.039602
1.98047 -0.0952623
1.98145 -0.000461026
1.98242 -0.0375629
1.9834 0.0352804
1.98438 -0.0139145
1.98535 0.0188498
1.98633 0.0236659
1.9873 0.0194133
1.98828 0.159887
1.98926 -0.00448053
1.99023 0.0872885
1.99121 0.0418144
1.99219 0.0959973
1.99316 -0.00507724
1.99414 0.074921
1.99512 -0.00516675
1.99609 0.0663345
1.99707 0.0112257
1.99805 0.102881
1.99902 0.116084
