0 0.0213806
0.000976562 0.0354644
0.00195312 0.0295344
0.00292969 -0.00628081
0.00390625 -0.0360142
0.00488281 0.00479557
0.00585938 0.0271289
0.00683594 -0.0130942
0.0078125 -0.011815
0.00878906 -0.0875262
0.00976562 0.0306203
0.0107422 0.0418174
0.0117188 0.0123793
0.0126953 0.0061346
0.0136719 -0.00279586
0.0146484 -0.0628558
0.015625 0.00557289
0.0166016 -0.00122424
0.0175781 0.0460069
0.0185547 -0.0460192
0.0195312 0.0110233
0.0205078 0.116518
0.0214844 0.0456844
0.0224609 -0.0277733
0.0234375 0.0252162
0.0244141 -0.0133593
0.0253906 0.0237736
0.0263672 0.0347829
0.0273438 -0.0304308
0.0283203 0.0330455
0.0292969 0.0477109
0.0302734 -0.00294743
0.03125 0.026837
0.0322266 0.00936953
0.0332031 0.0596735
0.0341797 0.0167327
0.0351562 -0.0316848
0.0361328 0.0160416
0.0371094 -0.0250686
0.0380859 0.058372
0.0390625 -0.00723763
0.0400391 0.0283664
0.0410156 -0.027475
0.0419922 -0.00710951
0.0429688 -0.0238106
0.0439453 -0.00125969
0.0449219 -0.0275078
0.0458984 -0.00797499
0.046875 -0.00973594
0.0478516 0.0512858
0.0488281 -0.0127524
0.0498047 0.010485
0.0507812 0.0162375
0.0517578 0.0883426
0.0527344 -0.0162874
0.0537109 0.00683856
0.0546875 -0.0662768
0.0556641 0.0351709
0.0566406 0.0207194
0.0576172 0.00426288
0.0585938 0.00249902
0.0595703 0.0248515
0.0605469 -0.0499982
0.0615234 -0.0118752
0.0625 0.0525636
0.0634766 0.0367974
0.0644531 -0.0477868
0.0654297 -0.0558558
0.0664062 -0.0219633
0.0673828 0.01956
0.0683594 0.0156391
0.0693359 0.0350143
0.0703125 -0.0720872
0.0712891 -0.0393199
0.0722656 -0.0102549
0.0732422 0.0438525
0.0742188 -0.0814856
0.0751953 0.0161648
0.0761719 0.056563
0.0771484 0.0455264
0.078125 0.00371806
0.0791016 0.0253539
0.0800781 0.041226
0.0810547 0.0276202
0.0820312 -0.0204658
0.0830078 0.0204136
0.0839844 0.00358388
0.0849609 0.0279782
0.0859375 -0.0225792
0.0869141 -0.0690152
0.0878906 0.00975103
0.0888672 0.00634463
0.0898438 -0.00512226
0.0908203 0.0379785
0.0917969 0.016258
0.0927734 0.0219337
0.09375 -0.0272411
0.0947266 -0.0180576
0.0957031 0.0706909
0.0966797 0.0866402
0.0976562 0.0340749
0.0986328 0.0389675
0.0996094 0.0613444
0.100586 0.0680012
0.101562 0.00314156
0.102539 -0.0398222
0.103516 0.0186801
0.104492 -0.0531863
0.105469 -0.0526753
0.106445 -0.00852423
0.107422 0.033334
0.108398 0.0257008
0.109375 0.0225892
0.110352 0.0164615
0.111328 0.0199442
0.112305 0.029093
0.113281 0.0364102
0.114258 0.0366917
0.115234 0.00642386
0.116211 -0.0232124
0.117188 -0.02415
0.118164 0.044992
0.119141 -0.0254035
0.120117 0.0772808
0.121094 0.013531
0.12207 -0.0337971
0.123047 0.0446421
0.124023 -0.00809492
0.125 0.042417
0.125977 -0.00699286
0.126953 -0.0252586
0.12793 -0.0249141
0.128906 -0.0195448
0.129883 0.0326489
0.130859 0.00211659
0.131836 -0.0994939
0.132812 -0.00555919
0.133789 0.0283851
0.134766 0.00809015
0.135742 -0.0243085
0.136719 0.00509904
0.137695 0.00491956
0.138672 0.0908798
0.139648 0.0358071
0.140625 -0.0003809
0.141602 0.0624425
0.142578 0.00686538
0.143555 -0.0122993
0.144531 -0.0524777
0.145508 -0.0275202
0.146484 0.0137583
0.147461 -0.0853992
0.148438 0.0211498
0.149414 0.0346656
0.150391 0.0110667
0.151367 -0.0658496
0.152344 -0.00386472
0.15332 -0.0675649
0.154297 -0.0567552
0.155273 0.0121986
0.15625 -0.0105093
0.157227 -0.0198459
0.158203 -0.0386372
0.15918 -0.000133435
0.160156 0.0332813
0.161133 0.0104583
0.162109 -0.0168638
0.163086 0.009494
0.164062 0.00724684
0.165039 -0.00663266
0.166016 0.0168918
0.166992 0.00634045
0.167969 -0.01531
0.168945 -0.00651969
0.169922 0.00349721
0.170898 -0.0436035
0.171875 0.0597908
0.172852 0.0171645
0.173828 -0.0124067
0.174805 0.00302799
0.175781 -0.0508819
0.176758 -0.0379251
0.177734 0.0423781
0.178711 -0.0308855
0.179688 0.00436932
0.180664 0.0333075
0.181641 0.0450334
0.182617 -0.00132234
0.183594 0.019265
0.18457 0.0433092
0.185547 0.0652162
0.186523 -0.0312225
0.1875 -0.0153206
0.188477 -0.0211307
0.189453 0.0239059
0.19043 -0.0197353
0.191406 -0.0258619
0.192383 0.0187142
0.193359 0.00390219
0.194336 -0.0255268
0.195312 0.0557134
0.196289 0.0323351
0.197266 0.00881119
0.198242 -0.0271414
0.199219 -0.0069496
0.200195 0.0657933
0.201172 0.0833085
0.202148 -0.036803
0.203125 -0.00237182
0.204102 0.0116756
0.205078 -0.001723
0.206055 0.0449662
0.207031 -0.00711781
0.208008 0.0186641
0.208984 -0.017093
0.209961 0.00983916
0.210938 0.0352458
0.211914 -0.0540409
0.212891 0.0199225
0.213867 -0.0583581
0.214844 0.0239662
0.21582 0.0359618
0.216797 -0.0266374
0.217773 0.0633986
0.21875 -0.00955958
0.219727 0.0537416
0.220703 0.0310467
0.22168 0.0230522
0.222656 0.0314542
0.223633 0.00455816
0.224609 0.0418071
0.225586 0.0361939
0.226562 -0.0492102
0.227539 0.057108
0.228516 -0.033559
0.229492 -0.022363
0.230469 0.0152571
0.231445 -0.00347753
0.232422 0.0116193
0.233398 0.0384091
0.234375 -0.0187214
0.235352 -0.00176966
0.236328 0.0236813
0.237305 -0.0424857
0.238281 -0.0310108
0.239258 -0.0457929
0.240234 0.0231333
0.241211 -0.0191965
0.242188 -0.0459552
0.243164 0.0175134
0.244141 -0.048949
0.245117 0.0643007
0.246094 0.0176877
0.24707 -0.000763932
0.248047 0.065833
0.249023 0.00819867
0.25 -0.0437937
0.250977 0.0361098
0.251953 0.0181264
0.25293 0.0315556
0.253906 0.0756966
0.254883 0.0403176
0.255859 0.0476865
0.256836 0.0676634
0.257812 0.0477876
0.258789 -0.0256304
0.259766 -0.0223594
0.260742 -0.00461836
0.261719 -0.00440951
0.262695 -0.0236772
0.263672 -0.025715
0.264648 -0.0603861
0.265625 -0.00256174
0.266602 -0.0142208
0.267578 0.0323842
0.268555 0.0139303
0.269531 -0.000235629
0.270508 0.062458
0.271484 -0.00126618
0.272461 -0.0077004
0.273438 0.0112636
0.274414 0.042583
0.275391 0.00314806
0.276367 -0.0279874
0.277344 -0.0532189
0.27832 0.072009
0.279297 0.0055957
0.280273 0.00126444
0.28125 0.0241571
0.282227 0.0232886
0.283203 0.0298665
0.28418 -0.00216072
0.285156 0.086441
0.286133 0.0559768
0.287109 0.0422719
0.288086 0.0102327
0.289062 -0.0369476
0.290039 0.0530649
0.291016 -0.0258028
0.291992 -0.0414678
0.292969 -0.0209531
0.293945 0.0313344
0.294922 0.0234098
0.295898 0.0276916
0.296875 -5.53691e-05
0.297852 0.017505
0.298828 -0.0136238
0.299805 0.0622883
0.300781 0.0104267
0.301758 0.00161677
0.302734 0.0438062
0.303711 0.02911
0.304688 0.0475254
0.305664 -0.0474995
0.306641 0.0186585
0.307617 0.061694
0.308594 0.0447679
0.30957 0.0367723
0.310547 0.0281894
0.311523 0.00451805
0.3125 0.00868457
0.313477 -0.0522802
0.314453 0.0127514
0.31543 -0.00583169
0.316406 0.00253938
0.317383 0.0942183
0.318359 0.0402916
0.319336 0.0922305
0.320312 0.0369983
0.321289 0.00388319
0.322266 -0.0308668
0.323242 -0.0297091
0.324219 -0.0389195
0.325195 0.102281
0.326172 0.00916775
0.327148 -0.0530465
0.328125 0.084276
0.329102 -0.0319616
0.330078 0.0192637
0.331055 0.0211824
0.332031 -0.0631069
0.333008 0.0182878
0.333984 2.57406e-05
0.334961 0.00659615
0.335938 -0.0124612
0.336914 -0.0112794
0.337891 -0.0247635
0.338867 -0.0203155
0.339844 0.0147921
0.34082 0.039995
0.341797 0.00996561
0.342773 0.0281837
0.34375 -0.00125763
0.344727 -0.0191198
0.345703 0.00989355
0.34668 0.0695559
0.347656 -0.0274603
0.348633 -0.00996738
0.349609 -0.0453542
0.350586 0.0233807
0.351562 0.0706925
0.352539 0.013496
0.353516 -0.00811382
0.354492 -0.0915361
0.355469 0.0959101
0.356445 0.0858965
0.357422 0.0141822
0.358398 -0.00390912
0.359375 0.026984
0.360352 -0.0412435
0.361328 -0.00660653
0.362305 0.00894889
0.363281 -0.0251804
0.364258 0.0245258
0.365234 0.107204
0.366211 0.0193354
0.367188 0.0839103
0.368164 -0.00759809
0.369141 0.00744476
0.370117 0.0571444
0.371094 0.0568462
0.37207 -0.0222519
0.373047 -0.0872296
0.374023 0.0438344
0.375 0.0717333
0.375977 -0.00750901
0.376953 0.0135068
0.37793 0.0131894
0.378906 -0.0469817
0.379883 0.0160609
0.380859 0.00937263
0.381836 -0.0275731
0.382812 0.0160459
0.383789 -0.0473959
0.384766 -0.0244267
0.385742 -0.0298246
0.386719 0.0128377
0.387695 -0.0428646
0.388672 -0.0441211
0.389648 -0.0296486
0.390625 -0.0456206
0.391602 0.00781508
0.392578 0.0136901
0.393555 0.0280329
0.394531 -0.00507545
0.395508 -0.0368583
0.396484 -0.0694697
0.397461 0.0216076
0.398438 0.0152004
0.399414 0.00747715
0.400391 0.0454891
0.401367 0.020684
0.402344 0.020219
0.40332 -0.0254618
0.404297 0.0323326
0.405273 0.0301901
0.40625 0.0173159
0.407227 0.0144755
0.408203 0.0369508
0.40918 0.0478081
0.410156 0.0183563
0.411133 0.0867644
0.412109 0.0182905
0.413086 0.028778
0.414062 -0.0392492
0.415039 -0.0128343
0.416016 -0.0124616
0.416992 -0.0687197
0.417969 -0.00445263
0.418945 -0.0304776
0.419922 -0.0573372
0.420898 -0.0120976
0.421875 -0.0546748
0.422852 -0.0143126
0.423828 0.0199176
0.424805 0.0431626
0.425781 0.00232972
0.426758 0.0702557
0.427734 -0.0444406
0.428711 -0.00695072
0.429688 0.0490472
0.430664 0.0548198
0.431641 0.0628231
0.432617 0.0308095
0.433594 -0.0103238
0.43457 0.027239
0.435547 0.0128562
0.436523 0.000690334
0.4375 0.0474594
0.438477 0.00486797
0.439453 0.00108189
0.44043 0.0252095
0.441406 -0.00926042
0.442383 0.0467495
0.443359 0.0239802
0.444336 -0.0187789
0.445312 0.0639254
0.446289 0.0397924
0.447266 -0.00347231
0.448242 -0.0432765
0.449219 -0.0034801
0.450195 0.0575347
0.451172 0.0386077
0.452148 -0.00707193
0.453125 -0.0511349
0.454102 -0.0488368
0.455078 0.0278979
0.456055 0.108551
0.457031 0.0370654
0.458008 0.0846186
0.458984 -0.0309871
0.459961 -0.0298007
0.460938 0.0116726
0.461914 -0.0568757
0.462891 0.0204222
0.463867 -0.0114247
0.464844 0.0145943
0.46582 -0.0497833
0.466797 0.000795267
0.467773 0.00336493
0.46875 -0.0549403
0.469727 0.00230569
0.470703 0.0714822
0.47168 0.0077367
0.472656 -0.00362289
0.473633 -0.0286465
0.474609 -0.0161204
0.475586 0.0170572
0.476562 -0.00495248
0.477539 0.0251034
0.478516 -0.0556218
0.479492 -0.0182898
0.480469 0.0529957
0.481445 -0.0363636
0.482422 -0.0394213
0.483398 -0.0401655
0.484375 -0.0199541
0.485352 -0.00664781
0.486328 0.0140758
0.487305 0.00356618
0.488281 -0.0469357
0.489258 -0.00724598
0.490234 -0.0129908
0.491211 0.0630062
0.492188 -0.0357999
0.493164 -0.0267058
0.494141 0.0536115
0.495117 0.0114508
0.496094 0.0247379
0.49707 -0.00620768
0.498047 0.0311202
0.499023 0.0103096
0.5 -0.0542416
0.500977 -0.0208183
0.501953 -0.029874
0.50293 0.00160939
0.503906 -0.0244292
0.504883 0.060914
0.505859 -0.0147078
0.506836 -0.00690072
0.507812 -0.024738
0.508789 0.0295562
0.509766 -0.00592158
0.510742 0.0117306
0.511719 -0.0556293
0.512695 -0.00876343
0.513672 0.00247799
0.514648 -0.0762165
0.515625 0.0584968
0.516602 -0.0212479
0.517578 0.0651536
0.518555 0.0201733
0.519531 0.0154579
0.520508 0.0321275
0.521484 0.0415632
0.522461 0.0546175
0.523438 0.017546
0.524414 0.0394202
0.525391 0.0506092
0.526367 0.0279912
0.527344 0.00301307
0.52832 -0.0646792
0.529297 -0.0304944
0.530273 0.0138531
0.53125 0.0767278
0.532227 0.0273949
0.533203 0.0273401
0.53418 0.00283698
0.535156 -0.0595986
0.536133 0.00882918
0.537109 0.0299366
0.538086 0.0034227
0.539062 0.0929254
0.540039 0.0508258
0.541016 0.0626256
0.541992 0.035064
0.542969 0.120043
0.543945 0.220001
0.544922 0.210157
0.545898 0.181452
0.546875 0.21522
0.547852 0.147712
0.548828 0.136224
0.549805 0.111541
0.550781 0.110619
0.551758 0.12539
0.552734 0.0542261
0.553711 0.0746141
0.554688 0.101946
0.555664 0.0513588
0.556641 0.114833
0.557617 0.0756822
0.558594 0.0207574
0.55957 0.0548043
0.560547 0.0409936
0.561523 0.00786744
0.5625 -0.0208121
0.563477 -0.0929345
0.564453 0.017013
0.56543 0.0172931
0.566406 0.0886762
0.567383 0.017969
0.568359 -0.0524009
0.569336 0.019864
0.570312 0.0164902
0.571289 0.0358358
0.572266 0.00521366
0.573242 0.0569672
0.574219 0.0603288
0.575195 -0.0108883
0.576172 -0.0476665
0.577148 0.0125342
0.578125 0.0203368
0.579102 -0.0163341
0.580078 -0.00576022
0.581055 0.0473424
0.582031 0.0203515
0.583008 0.0660642
0.583984 -0.0499303
0.584961 0.0573002
0.585938 0.035995
0.586914 0.00753647
0.587891 0.0193802
0.588867 -0.0505091
0.589844 0.0448787
0.59082 -0.0437147
0.591797 0.000314903
0.592773 -0.0169749
0.59375 -0.0589454
0.594727 0.00723506
0.595703 0.056934
0.59668 0.0827828
0.597656 0.0193399
0.598633 0.0573939
0.599609 -0.0074892
0.600586 -0.0240662
0.601562 0.0286237
0.602539 0.0702353
0.603516 0.0188952
0.604492 -0.0427042
0.605469 0.0525231
0.606445 0.0354468
0.607422 -0.0274537
0.608398 -0.0146125
0.609375 0.0219994
0.610352 0.00115304
0.611328 0.0385037
0.612305 -0.021261
0.613281 -0.0100504
0.614258 0.0864324
0.615234 -0.0314455
0.616211 0.0184513
0.617188 0.0153654
0.618164 0.0142216
0.619141 0.000327875
0.620117 0.00498508
0.621094 -0.0450163
0.62207 0.0146349
0.623047 -0.0209607
0.624023 -0.0268563
0.625 0.0432712
0.625977 -0.0116095
0.626953 0.00673192
0.62793 0.021196
0.628906 0.00887078
0.629883 0.00849404
0.630859 0.0296976
0.631836 0.078986
0.632812 0.0380926
0.633789 -0.0514615
0.634766 0.036652
0.635742 0.0102419
0.636719 0.0454608
0.637695 -0.0252373
0.638672 -0.0246423
0.639648 -0.00757438
0.640625 0.0427696
0.641602 0.0235397
0.642578 0.00191095
0.643555 0.04268
0.644531 -0.0251303
0.645508 0.00588143
0.646484 -0.0359915
0.647461 0.0352679
0.648438 0.0674455
0.649414 0.0536897
0.650391 -0.0502317
0.651367 -0.00865673
0.652344 0.0541763
0.65332 0.059499
0.654297 0.0203258
0.655273 -0.0246539
0.65625 -0.0647488
0.657227 0.121955
0.658203 0.0253244
0.65918 0.0294419
0.660156 -0.0121645
0.661133 0.0150529
0.662109 0.0036988
0.663086 -0.0139022
0.664062 -0.0229355
0.665039 -0.0147211
0.666016 0.120639
0.666992 0.0208051
0.667969 0.0777503
0.668945 0.0221172
0.669922 -0.034439
0.670898 0.0349116
0.671875 0.00829739
0.672852 0.0337366
0.673828 0.0410534
0.674805 0.0233389
0.675781 0.0505939
0.676758 -0.0490141
0.677734 0.0137008
0.678711 -0.0305524
0.679688 -0.039207
0.680664 0.029803
0.681641 0.00451552
0.682617 -0.0161652
0.683594 0.0384031
0.68457 0.0284283
0.685547 -0.0321345
0.686523 0.0403918
0.6875 -0.0468169
0.688477 -0.0303358
0.689453 0.0553504
0.69043 0.101025
0.691406 0.0289131
0.692383 0.0137349
0.693359 -0.0405512
0.694336 0.0519337
0.695312 -0.0446284
0.696289 -0.050697
0.697266 -0.0766619
0.698242 -0.0481785
0.699219 -0.023379
0.700195 -0.00855517
0.701172 0.00315361
0.702148 0.0279536
0.703125 -0.0399815
0.704102 -0.0195947
0.705078 -0.0259175
0.706055 -0.00424453
0.707031 0.0457922
0.708008 0.00806338
0.708984 0.0316568
0.709961 0.0235334
0.710938 0.009696
0.711914 -0.0484338
0.712891 -0.0410866
0.713867 -0.0141068
0.714844 0.0466517
0.71582 -0.0394457
0.716797 -0.076118
0.717773 -0.0294007
0.71875 -0.0368406
0.719727 0.0085223
0.720703 -0.0201812
0.72168 -0.0466343
0.722656 0.00846427
0.723633 0.0425805
0.724609 0.0876638
0.725586 -0.0175933
0.726562 -0.00504443
0.727539 -0.0115178
0.728516 -0.0301722
0.729492 0.0500161
0.730469 0.0177191
0.731445 0.00335173
0.732422 0.089309
0.733398 0.023629
0.734375 -0.0206047
0.735352 -0.00370898
0.736328 0.0133323
0.737305 0.0149708
0.738281 0.0113077
0.739258 -0.0441404
0.740234 -0.0303913
0.741211 0.0163275
0.742188 0.0210251
0.743164 0.0574533
0.744141 -0.0396885
0.745117 -0.0677785
0.746094 -0.021472
0.74707 0.00825644
0.748047 0.0163438
0.749023 -0.00313218
0.75 -0.0220886
0.750977 0.0171795
0.751953 -0.0241444
0.75293 0.0768059
0.753906 -0.00806429
0.754883 -0.00357853
0.755859 -0.0177419
0.756836 0.000276588
0.757812 0.0549826
0.758789 -0.00480127
0.759766 0.0195898
0.760742 0.0680938
0.761719 0.049248
0.762695 -0.0355936
0.763672 0.019652
0.764648 -0.0217606
0.765625 0.075346
0.766602 -0.0211846
0.767578 0.010134
0.768555 -0.0329881
0.769531 0.0116372
0.770508 -0.0235721
0.771484 0.0103905
0.772461 -0.0941016
0.773438 0.0406245
0.774414 -0.0473746
0.775391 -0.00782498
0.776367 0.0374157
0.777344 0.0249771
0.77832 -0.0583174
0.779297 0.0176085
0.780273 -0.0677073
0.78125 0.0504136
0.782227 0.0116036
0.783203 -0.00900874
0.78418 0.0366123
0.785156 -0.011191
0.786133 0.0611699
0.787109 -0.00455784
0.788086 0.0359325
0.789062 -0.0303625
0.790039 -0.0148524
0.791016 0.0402742
0.791992 0.0412831
0.792969 -0.0291693
0.793945 0.0117104
0.794922 -0.033191
0.795898 -0.0401765
0.796875 -0.0160969
0.797852 -0.0424199
0.798828 -0.0105393
0.799805 0.0086168
0.800781 -0.00357273
0.801758 -0.0308911
0.802734 0.0847037
0.803711 0.0611035
0.804688 0.00687272
0.805664 0.0151268
0.806641 -0.0296363
0.807617 0.0254011
0.808594 0.0532811
0.80957 -0.0258943
0.810547 -0.0105672
0.811523 -0.0143194
0.8125 0.0651739
0.813477 -0.0191236
0.814453 0.0178221
0.81543 0.0121752
0.816406 -0.0254682
0.817383 0.0161012
0.818359 0.124732
0.819336 0.0226226
0.820312 -0.039141
0.821289 -0.0176521
0.822266 0.0371902
0.823242 -0.0491665
0.824219 -0.0259177
0.825195 0.00833449
0.826172 0.0187263
0.827148 0.0110656
0.828125 0.0196877
0.829102 -0.0197949
0.830078 -0.0106256
0.831055 0.0233174
0.832031 0.0129169
0.833008 -0.0911416
0.833984 0.00681998
0.834961 0.0306051
0.835938 -0.00505581
0.836914 -0.0223619
0.837891 0.0671848
0.838867 -0.0383241
0.839844 -0.0514216
0.84082 0.00340126
0.841797 0.0557391
0.842773 0.0173948
0.84375 0.0249587
0.844727 0.0144198
0.845703 0.00919623
0.84668 -0.0504253
0.847656 0.045985
0.848633 0.0190643
0.849609 0.0125732
0.850586 -0.00284859
0.851562 -0.0513059
0.852539 -0.0950101
0.853516 -0.0298491
0.854492 -0.0136837
0.855469 -0.0498087
0.856445 0.0276936
0.857422 0.0328704
0.858398 0.0127651
0.859375 -0.0164687
0.860352 0.0337266
0.861328 -5.45698e-05
0.862305 -0.0222765
0.863281 0.120783
0.864258 0.0315967
0.865234 -0.0384423
0.866211 -0.0621287
0.867188 -0.0182035
0.868164 0.0605483
0.869141 0.00221802
0.870117 0.0668764
0.871094 0.00547674
0.87207 0.0258026
0.873047 -0.0280899
0.874023 0.00693728
0.875 0.0444305
0.875977 0.0153638
0.876953 -0.0295562
0.87793 0.0817276
0.878906 0.0127308
0.879883 0.0344175
0.880859 -0.0109617
0.881836 0.0343937
0.882812 0.0291395
0.883789 -0.0258808
0.884766 0.00871434
0.885742 -0.00273917
0.886719 0.019247
0.887695 -0.0527566
0.888672 0.0259209
0.889648 0.00605633
0.890625 -0.0238436
0.891602 0.00425942
0.892578 0.0381104
0.893555 0.0582853
0.894531 0.0299749
0.895508 0.0721402
0.896484 -0.0115728
0.897461 -0.00711958
0.898438 -0.0280683
0.899414 -0.0180926
0.900391 -0.00168571
0.901367 -0.0287972
0.902344 0.0303444
0.90332 0.0438849
0.904297 0.0214391
0.905273 0.00350217
0.90625 -0.00221722
0.907227 -0.0423019
0.908203 0.0274385
0.90918 0.0261274
0.910156 -0.016257
0.911133 0.0921657
0.912109 0.0152874
0.913086 0.0606024
0.914062 -0.00957018
0.915039 0.0616335
0.916016 0.0657216
0.916992 0.0395703
0.917969 0.00325738
0.918945 -0.0292336
0.919922 -0.0273591
0.920898 -0.0339363
0.921875 0.00960991
0.922852 -0.054421
0.923828 0.000630747
0.924805 -0.00429726
0.925781 -0.000408097
0.926758 -0.00982042
0.927734 0.0116146
0.928711 -0.073295
0.929688 -0.0486953
0.930664 -0.000820413
0.931641 -0.0485281
0.932617 0.06329
0.933594 0.0308905
0.93457 -0.00991127
0.935547 -0.0544301
0.936523 0.0347287
0.9375 0.0082188
0.938477 0.0160899
0.939453 -0.0307225
0.94043 -0.07067
0.941406 -0.00216362
0.942383 -0.00821709
0.943359 -0.0133004
0.944336 0.0430657
0.945312 0.0280024
0.946289 -0.0340501
0.947266 -0.0146517
0.948242 -0.0400901
0.949219 0.0859683
0.950195 -0.0216026
0.951172 0.058304
0.952148 0.0458825
0.953125 -0.0793372
0.954102 -0.0280366
0.955078 -0.0127252
0.956055 0.0311622
0.957031 0.0859206
0.958008 0.0284372
0.958984 -0.0516003
0.959961 -0.0339062
0.960938 -0.0232006
0.961914 0.0430012
0.962891 0.0504235
0.963867 0.0098323
0.964844 -0.0549446
0.96582 -0.00464041
0.966797 0.0702723
0.967773 -0.0658239
0.96875 0.0160043
0.969727 -0.0282692
0.970703 0.0640009
0.97168 -0.012412
0.972656 -0.00287603
0.973633 0.0616812
0.974609 0.0202067
0.975586 0.0424778
0.976562 0.0221848
0.977539 -0.0194297
0.978516 0.0440285
0.979492 -0.025809
0.980469 0.0241882
0.981445 0.0242573
0.982422 0.021547
0.983398 -0.00297486
0.984375 0.0230231
0.985352 0.00976003
0.986328 -0.010501
0.987305 0.0122004
0.988281 -0.0336106
0.989258 -0.0235213
0.990234 -0.0322471
0.991211 0.00235251
0.992188 -0.0175232
0.993164 0.00120616
0.994141 0.0208399
0.995117 -0.00383779
0.996094 0.0628681
0.99707 0.0143136
0.998047 0.0250448
0.999023 0.0424078
1 -0.0513661
1.00098 0.00875042
1.00195 0.0558285
1.00293 0.0031115
1.00391 0.0759177
1.00488 -0.0114743
1.00586 -0.0153466
1.00684 -0.0550924
1.00781 0.0123898
1.00879 -0.00400418
1.00977 0.0141598
1.01074 0.00476332
1.01172 -0.0274461
1.0127 0.00187526
1.01367 -0.0045903
1.01465 -0.00914301
1.01562 -0.0694633
1.0166 0.0099579
1.01758 -0.0187925
1.01855 -0.0332288
1.01953 0.0299666
1.02051 -0.0017196
1.02148 -0.00442829
1.02246 0.024052
1.02344 0.00733485
1.02441 -0.0464629
1.02539 0.0311968
1.02637 0.0400564
1.02734 -0.0253773
1.02832 0.0594717
1.0293 0.0246766
1.03027 0.0330657
1.03125 0.0250584
1.03223 0.0906512
1.0332 0.0275998
1.03418 -0.033007
1.03516 -0.0189627
1.03613 -0.0243435
1.03711 -0.0620195
1.03809 -0.051196
1.03906 0.0174812
1.04004 -0.0690184
1.04102 -0.00820708
1.04199 -0.00058024
1.04297 0.0233366
1.04395 -0.0288476
1.04492 0.00289556
1.0459 0.0126371
1.04688 -0.0366521
1.04785 0.049577
1.04883 0.0153554
1.0498 0.0468911
1.05078 0.0356666
1.05176 0.0417504
1.05273 2.17109e-05
1.05371 -0.0644785
1.05469 -0.0133261
1.05566 0.0103462
1.05664 0.0675852
1.05762 0.015669
1.05859 0.030473
1.05957 0.00687266
1.06055 -0.0190925
1.06152 0.0801932
1.0625 -0.00956601
1.06348 -0.00450764
1.06445 -0.0811713
1.06543 -0.0604343
1.06641 -0.0131209
1.06738 -0.0438413
1.06836 0.0336737
1.06934 0.00972774
1.07031 0.0800139
1.07129 -0.0272337
1.07227 0.0157287
1.07324 -0.0969525
1.07422 -0.00637097
1.0752 0.0194672
1.07617 -0.10604
1.07715 -0.00191911
1.07812 0.0085435
1.0791 -0.0285477
1.08008 0.0349273
1.08105 -0.0218771
1.08203 -0.0388877
1.08301 0.0186418
1.08398 0.00375781
1.08496 -0.0686758
1.08594 -0.010735
1.08691 0.0232288
1.08789 -0.0170851
1.08887 0.030563
1.08984 0.0288012
1.09082 0.0176528
1.0918 -0.00232383
1.09277 0.0360017
1.09375 -0.0191675
1.09473 -0.020531
1.0957 -0.0319804
1.09668 -0.0421728
1.09766 -0.00862049
1.09863 0.0386584
1.09961 0.0198407
1.10059 0.0566251
1.10156 0.0471747
1.10254 -0.0225347
1.10352 0.0207164
1.10449 0.0215837
1.10547 -0.0018457
1.10645 -0.0215465
1.10742 -0.00573586
1.1084 0.0167971
1.10938 0.0315506
1.11035 0.0449372
1.11133 -0.0359809
1.1123 -0.0532693
1.11328 0.0809117
1.11426 -0.0633542
1.11523 0.0155286
1.11621 -0.0456199
1.11719 -0.00920597
1.11816 -0.00240444
1.11914 0.00140326
1.12012 0.0525777
1.12109 -0.0146028
1.12207 0.00918611
1.12305 -0.00712183
1.12402 0.00142822
1.125 0.0520216
1.12598 0.0440116
1.12695 -0.0255901
1.12793 0.00229528
1.12891 0.0401896
1.12988 0.018099
1.13086 -0.0909949
1.13184 0.0326547
1.13281 -0.0516634
1.13379 0.0150335
1.13477 -0.0442506
1.13574 -0.0421566
1.13672 -0.013626
1.1377 0.0565764
1.13867 0.0247475
1.13965 -0.0175828
1.14062 -0.0144796
1.1416 -0.0262853
1.14258 0.0174441
1.14355 0.0223736
1.14453 0.0238727
1.14551 -0.0262707
1.14648 0.00620506
1.14746 0.0267107
1.14844 0.0216539
1.14941 0.00902561
1.15039 -0.0589261
1.15137 0.0192798
1.15234 0.0169329
1.15332 0.00656772
1.1543 -0.0163715
1.15527 -0.0407172
1.15625 0.00209926
1.15723 -0.0221186
1.1582 -0.00925988
1.15918 0.048686
1.16016 -0.0287324
1.16113 -0.0486214
1.16211 -0.0754943
1.16309 0.0561187
1.16406 -0.0333645
1.16504 -0.0533536
1.16602 0.0398515
1.16699 0.0278979
1.16797 0.066794
1.16895 -0.0123556
1.16992 0.0222416
1.1709 0.0247968
1.17188 0.0183156
1.17285 0.000520626
1.17383 -0.0253462
1.1748 -0.00298864
1.17578 0.0177628
1.17676 0.0300833
1.17773 -0.0319666
1.17871 -0.00875364
1.17969 0.0326301
1.18066 -0.0042114
1.18164 0.044584
1.18262 0.0571348
1.18359 0.021441
1.18457 0.00135882
1.18555 -0.0125438
1.18652 -0.0122068
1.1875 0.0458978
1.18848 -0.0328519
1.18945 -0.0290593
1.19043 -0.0343296
1.19141 -0.0197355
1.19238 -0.0423613
1.19336 -0.0298794
1.19434 0.012019
1.19531 -0.0296124
1.19629 0.0167015
1.19727 0.0189588
1.19824 -0.0750676
1.19922 0.00156308
1.2002 -0.0555597
1.20117 -0.0219156
1.20215 -0.0135923
1.20312 0.0537518
1.2041 -0.0337164
1.20508 0.019133
1.20605 -0.0415187
1.20703 0.0643495
1.20801 0.00865149
1.20898 -0.000209686
1.20996 -0.00396825
1.21094 0.0468015
1.21191 0.0197568
1.21289 -0.0676495
1.21387 -0.0187574
1.21484 -0.0438064
1.21582 -0.0229847
1.2168 -0.0234605
1.21777 0.034924
1.21875 0.00209202
1.21973 -0.0308951
1.2207 -0.00320492
1.22168 -0.00966082
1.22266 -0.024352
1.22363 0.0075339
1.22461 0.00833958
1.22559 0.0146348
1.22656 -0.0471496
1.22754 0.0586119
1.22852 0.0295136
1.22949 -0.000381122
1.23047 0.0306729
1.23145 0.00596837
1.23242 0.0398665
1.2334 -0.00181512
1.23438 -0.00578843
1.23535 0.0374182
1.23633 -0.0257198
1.2373 -0.0468725
1.23828 0.0573602
1.23926 0.0441485
1.24023 0.0195599
1.24121 -0.0420037
1.24219 0.00248649
1.24316 -0.00303168
1.24414 -0.024134
1.24512 0.078979
1.24609 0.0386859
1.24707 -0.0302909
1.24805 0.0279231
1.24902 0.0163766
1.25 0.0285013
1.25098 -0.00560223
1.25195 0.0271231
1.25293 0.00504909
1.25391 -0.0388069
1.25488 0.0684493
1.25586 -0.0519189
1.25684 -0.0541608
1.25781 0.0599375
1.25879 0.0627091
1.25977 0.0211009
1.26074 -0.0597019
1.26172 -0.0711358
1.2627 0.00712316
1.26367 0.0112068
1.26465 0.0833107
1.26562 0.0586847
1.2666 0.0343718
1.26758 0.0306201
1.26855 0.0684466
1.26953 -0.00236567
1.27051 0.0683679
1.27148 0.00603829
1.27246 0.0507692
1.27344 0.0566439
1.27441 0.0452754
1.27539 0.0629735
1.27637 -0.00019914
1.27734 -0.0154487
1.27832 0.0631791
1.2793 0.0120847
1.28027 -0.0140913
1.28125 -0.0419126
1.28223 0.0239029
1.2832 -0.0390927
1.28418 0.0265344
1.28516 0.0600542
1.28613 0.0224781
1.28711 0.0592067
1.28809 0.034845
1.28906 -0.0105884
1.29004 0.0511678
1.29102 -0.0120181
1.29199 -0.0267114
1.29297 -0.0206289
1.29395 0.00795395
1.29492 0.0127286
1.2959 -0.0108458
1.29688 0.0081718
1.29785 0.00944646
1.29883 0.047706
1.2998 0.0380667
1.30078 -0.0308716
1.30176 -0.0297871
1.30273 0.0199911
1.30371 0.021757
1.30469 0.0183417
1.30566 0.0702867
1.30664 0.0304314
1.30762 -0.0720947
1.30859 -0.0103051
1.30957 0.0172072
1.31055 0.0151667
1.31152 -0.0625324
1.3125 -0.029304
1.31348 0.0110781
1.31445 0.0115717
1.31543 -5.86461e-05
1.31641 0.0175534
1.31738 -0.0204067
1.31836 0.0302782
1.31934 -0.0269046
1.32031 -0.0520883
1.32129 -0.0418491
1.32227 0.0728758
1.32324 -0.0690104
1.32422 -0.0322597
1.3252 0.0323799
1.32617 0.0648907
1.32715 -0.00686062
1.32812 -0.0344287
1.3291 0.0385221
1.33008 0.0585005
1.33105 -0.0332136
1.33203 -0.0525084
1.33301 0.00129774
1.33398 0.000912454
1.33496 0.0152371
1.33594 -0.0384646
1.33691 0.0213361
1.33789 0.0133479
1.33887 -0.0344126
1.33984 0.0745552
1.34082 0.0338014
1.3418 0.0389184
1.34277 -0.015405
1.34375 0.0092215
1.34473 -0.00201843
1.3457 -0.00164076
1.34668 0.0313406
1.34766 -0.000258813
1.34863 0.0346717
1.34961 0.026552
1.35059 0.0105289
1.35156 0.0366016
1.35254 0.0770169
1.35352 -0.0659914
1.35449 -0.0234637
1.35547 0.0373577
1.35645 0.0527172
1.35742 -0.0377423
1.3584 -0.05458
1.35938 0.0405102
1.36035 -0.0012845
1.36133 0.0372006
1.3623 0.0156478
1.36328 -0.047989
1.36426 0.0666617
1.36523 0.0278892
1.36621 -0.00963197
1.36719 0.00539022
1.36816 0.0229402
1.36914 0.0190478
1.37012 0.0639447
1.37109 0.0231039
1.37207 -0.0178933
1.37305 -0.00262171
1.37402 -0.0439634
1.375 -0.0103563
1.37598 0.0525661
1.37695 0.035672
1.37793 -0.012444
1.37891 -0.0805535
1.37988 0.0149654
1.38086 -0.0586997
1.38184 -0.0212146
1.38281 0.035836
1.38379 0.04796
1.38477 0.0522737
1.38574 0.00843204
1.38672 0.0355143
1.3877 0.0382383
1.38867 0.00156943
1.38965 0.053286
1.39062 0.00573538
1.3916 -0.00474529
1.39258 0.0294639
1.39355 0.0751415
1.39453 -0.0122443
1.39551 0.0759151
1.39648 0.0918938
1.39746 0.00846582
1.39844 -0.0435043
1.39941 -0.0181627
1.40039 0.000233946
1.40137 0.0414675
1.40234 -0.00577842
1.40332 -0.0246864
1.4043 0.00164278
1.40527 -0.0155743
1.40625 0.0022584
1.40723 0.00192538
1.4082 0.0410285
1.40918 0.0804754
1.41016 0.0821645
1.41113 0.0355504
1.41211 0.00640411
1.41309 0.000345987
1.41406 -0.0593105
1.41504 -0.0586526
1.41602 -0.0168982
1.41699 -0.0759948
1.41797 -0.0637118
1.41895 -0.0106915
1.41992 0.00541886
1.4209 0.00111437
1.42188 0.0408527
1.42285 0.00412083
1.42383 -0.00168809
1.4248 0.0330851
1.42578 0.0207003
1.42676 0.020257
1.42773 0.00263772
1.42871 -0.0311688
1.42969 -0.00785598
1.43066 0.0361344
1.43164 0.0378573
1.43262 0.00881098
1.43359 0.0437884
1.43457 -0.0283973
1.43555 0.0348434
1.43652 0.0133517
1.4375 0.0542625
1.43848 -0.0350428
1.43945 0.0151907
1.44043 0.0314587
1.44141 -0.0333058
1.44238 0.0230133
1.44336 -0.0635983
1.44434 0.0170604
1.44531 0.00685676
1.44629 0.0124992
1.44727 0.0352459
1.44824 0.0506451
1.44922 0.0219182
1.4502 0.0751934
1.45117 -0.00475935
1.45215 0.0350831
1.45312 0.00314962
1.4541 -0.0356643
1.45508 -0.00550533
1.45605 0.0110554
1.45703 0.047381
1.45801 0.0596874
1.45898 -0.0320716
1.45996 -0.00564752
1.46094 -0.0107278
1.46191 0.0111878
1.46289 -0.0119798
1.46387 0.00448241
1.46484 -0.0186927
1.46582 -0.00690993
1.4668 0.0181107
1.46777 0.071313
1.46875 -0.0170004
1.46973 0.0401814
1.4707 -0.000784019
1.47168 0.0438328
1.47266 -0.00817554
1.47363 0.0061596
1.47461 0.0587382
1.47559 0.0258796
1.47656 0.0559955
1.47754 0.0740236
1.47852 -0.0194232
1.47949 0.051622
1.48047 -0.0289873
1.48145 0.0161729
1.48242 0.0260505
1.4834 0.0179643
1.48438 0.0387773
1.48535 -0.0286334
1.48633 0.0454961
1.4873 -0.00556374
1.48828 -0.0519314
1.48926 0.0586419
1.49023 -0.0515149
1.49121 0.0258635
1.49219 -0.0442224
1.49316 0.0209718
1.49414 -0.0299194
1.49512 0.0891687
1.49609 0.000959754
1.49707 -0.0125585
1.49805 -0.0221074
1.49902 -0.0183852
1.5 0.0438495
1.50098 0.0122455
1.50195 -0.0372051
1.50293 0.0475585
1.50391 0.00737741
1.50488 0.0275215
1.50586 -0.00838337
1.50684 0.0505778
1.50781 0.0635261
1.50879 0.0251421
1.50977 0.0104374
1.51074 -0.0473956
1.51172 -0.0675135
1.5127 0.0665734
1.51367 0.0189422
1.51465 -0.0153606
1.51562 -0.0163805
1.5166 0.0113052
1.51758 0.050061
1.51855 0.0299597
1.51953 0.0159395
1.52051 -0.00587398
1.52148 0.0459173
1.52246 -0.0687625
1.52344 -0.0150319
1.52441 0.0267834
1.52539 0.0101926
1.52637 0.0012023
1.52734 -0.0119982
1.52832 0.0283661
1.5293 0.0598395
1.53027 -0.0205636
1.53125 -0.0342825
1.53223 -0.000784731
1.5332 -0.0463419
1.53418 -0.0399369
1.53516 0.0212427
1.53613 -0.0822903
1.53711 0.0600906
1.53809 -0.0162147
1.53906 0.0128211
1.54004 -0.0194628
1.54102 -0.00686249
1.54199 0.0875765
1.54297 0.054898
1.54395 0.025541
1.54492 0.0376229
1.5459 0.0668293
1.54688 0.0356468
1.54785 0.0283852
1.54883 -0.0223743
1.5498 0.0350707
1.55078 -0.0305553
1.55176 0.00789276
1.55273 -0.0384769
1.55371 0.084345
1.55469 0.0517309
1.55566 -0.040453
1.55664 -0.0113694
1.55762 -0.0228937
1.55859 -0.0297468
1.55957 -0.0440107
1.56055 0.0019574
1.56152 -0.00701277
1.5625 0.0227895
1.56348 0.0496933
1.56445 -0.0138392
1.56543 -0.011195
1.56641 0.0544537
1.56738 0.0690329
1.56836 0.0826666
1.56934 -0.0240187
1.57031 0.0117989
1.57129 -0.0053559
1.57227 -0.0143442
1.57324 0.0243686
1.57422 0.0107469
1.5752 0.027223
1.57617 0.0222258
1.57715 0.00238568
1.57812 0.0484602
1.5791 -0.0130226
1.58008 -0.0254035
1.58105 0.0956944
1.58203 0.0455066
1.58301 0.0456319
1.58398 0.0152703
1.58496 0.0245639
1.58594 0.0456563
1.58691 -0.00405791
1.58789 0.0339478
1.58887 0.034207
1.58984 0.0548
1.59082 0.0106176
1.5918 -0.0547203
1.59277 -0.00954941
1.59375 -0.020336
1.59473 0.0919066
1.5957 0.0276548
1.59668 0.0153784
1.59766 -0.0441513
1.59863 -0.0325363
1.59961 -0.0205136
1.60059 -0.0496942
1.60156 0.00369493
1.60254 -0.0342202
1.60352 -0.0465213
1.60449 -0.0418224
1.60547 -0.0030157
1.60645 0.0500935
1.60742 -0.045951
1.6084 0.0228036
1.60938 0.0287677
1.61035 0.0354978
1.61133 -0.0173315
1.6123 0.0015178
1.61328 0.0195186
1.61426 0.0213951
1.61523 0.0080848
1.61621 0.0168989
1.61719 0.0213375
1.61816 0.0144251
1.61914 0.0238042
1.62012 0.0135784
1.62109 -0.0224743
1.62207 -0.0426084
1.62305 -0.00919034
1.62402 0.0504264
1.625 0.0101744
1.62598 0.0241421
1.62695 0.0444031
1.62793 0.0514988
1.62891 -0.00273623
1.62988 0.0671666
1.63086 0.00430687
1.63184 0.0231489
1.63281 -0.00568344
1.63379 0.0508623
1.63477 0.0551507
1.63574 -0.0262621
1.63672 0.0257765
1.6377 0.0306247
1.63867 0.0039671
1.63965 0.0846909
1.64062 -0.0116957
1.6416 -0.0290231
1.64258 0.0303136
1.64355 -0.0110419
1.64453 0.107508
1.64551 0.0485221
1.64648 0.0728918
1.64746 0.0399628
1.64844 -0.0165989
1.64941 0.0277436
1.65039 0.053815
1.65137 -0.0291561
1.65234 -0.0411927
1.65332 0.0118049
1.6543 -0.0425153
1.65527 0.0405648
1.65625 0.0087447
1.65723 -0.0214164
1.6582 0.0405727
1.65918 -0.0565009
1.66016 0.0636379
1.66113 0.0235597
1.66211 0.0116007
1.66309 0.0207823
1.66406 0.00618461
1.66504 -0.0335398
1.66602 0.0321393
1.66699 -0.0195632
1.66797 0.0559789
1.66895 -0.0811178
1.66992 -0.00370878
1.6709 -0.0168875
1.67188 0.00594717
1.67285 0.0227253
1.67383 0.0385853
1.6748 -0.0236881
1.67578 -0.000840704
1.67676 -0.0159317
1.67773 -0.00811697
1.67871 0.0438085
1.67969 -0.0173057
1.68066 0.0410959
1.68164 -0.0185049
1.68262 -0.0219926
1.68359 -0.0523338
1.68457 0.0406303
1.68555 -0.0431923
1.68652 -0.0178988
1.6875 0.0307864
1.68848 0.00336309
1.68945 0.0403919
1.69043 0.0469431
1.69141 0.0308157
1.69238 0.000529099
1.69336 -0.0303458
1.69434 -0.00471877
1.69531 -0.0189182
1.69629 0.0402889
1.69727 -0.0498609
1.69824 0.0229502
1.69922 0.0227828
1.7002 0.0218607
1.70117 0.0196388
1.70215 -0.0750467
1.70312 0.0416961
1.7041 0.00811205
1.70508 0.0152602
1.70605 0.00506717
1.70703 0.0221286
1.70801 0.00268883
1.70898 -0.0356363
1.70996 0.0271214
1.71094 -0.0184221
1.71191 -0.0361401
1.71289 0.0284883
1.71387 0.013937
1.71484 0.00466527
1.71582 -0.0121719
1.7168 -0.0461107
1.71777 0.0363015
1.71875 0.0548905
1.71973 0.0268286
1.7207 0.00769596
1.72168 0.0149934
1.72266 -0.0169407
1.72363 -0.0354403
1.72461 0.0631759
1.72559 0.0481688
1.72656 0.0522655
1.72754 0.043187
1.72852 -0.00589786
1.72949 -0.0257505
1.73047 0.00208581
1.73145 0.0129785
1.73242 -0.0542309
1.7334 -0.0273481
1.73438 0.0406589
1.73535 0.035793
1.73633 0.00837877
1.7373 -0.00370265
1.73828 -0.0178269
1.73926 -0.0445477
1.74023 0.0354327
1.74121 -0.0098906
1.74219 0.0545677
1.74316 -0.0154872
1.74414 0.0575021
1.74512 -0.00488823
1.74609 0.0121225
1.74707 -0.0256347
1.74805 0.0249653
1.74902 0.0304838
1.75 0.0120218
1.75098 0.0358035
1.75195 -0.0295095
1.75293 0.001087
1.75391 -0.0143142
1.75488 -0.0673973
1.75586 -0.00219654
1.75684 -0.00703718
1.75781 -0.00871814
1.75879 -0.0287152
1.75977 -0.0269937
1.76074 0.00589872
1.76172 0.0300109
1.7627 -0.00119797
1.76367 -0.0464291
1.76465 0.0158036
1.76562 0.0357709
1.7666 0.0240325
1.76758 0.0662655
1.76855 0.0543327
1.76953 0.00210393
1.77051 0.0369875
1.77148 0.0601157
1.77246 -0.00321571
1.77344 -0.00515414
1.77441 -0.0242792
1.77539 -0.0306919
1.77637 0.00733014
1.77734 -0.0223724
1.77832 -0.0504451
1.7793 0.0373255
1.78027 -0.0387128
1.78125 -0.0246651
1.78223 -0.0173811
1.7832 -0.0156314
1.78418 -0.0219261
1.78516 0.0913332
1.78613 0.0726525
1.78711 0.04622
1.78809 0.0960043
1.78906 0.0617208
1.79004 0.0419033
1.79102 -0.0165843
1.79199 0.0141265
1.79297 0.0137624
1.79395 -0.0134185
1.79492 -0.0380012
1.7959 -0.00634286
1.79688 -0.0166723
1.79785 -0.0461985
1.79883 0.0332317
1.7998 -0.0152118
1.80078 -0.0673347
1.80176 -0.0210314
1.80273 -0.0599712
1.80371 0.0187146
1.80469 -0.0366367
1.80566 -0.0418824
1.80664 0.0113785
1.80762 -0.06491
1.80859 -0.0573966
1.80957 0.00315696
1.81055 -0.0583924
1.81152 0.0173432
1.8125 -0.0110767
1.81348 -0.00797376
1.81445 -0.0101044
1.81543 -0.0326016
1.81641 0.0331006
1.81738 -0.0556636
1.81836 0.0217809
1.81934 0.0353493
1.82031 0.0974241
1.82129 -0.0180655
1.82227 -0.0156038
1.82324 -0.0832315
1.82422 -0.00128954
1.8252 0.0363727
1.82617 0.0133602
1.82715 0.0353356
1.82812 -0.0647355
1.8291 0.0387586
1.83008 0.045782
1.83105 0.0168253
1.83203 0.0103863
1.83301 0.0213514
1.83398 0.00206474
1.83496 0.0481337
1.83594 -0.0506215
1.83691 0.0618616
1.83789 -0.035563
1.83887 0.00186492
1.83984 0.0614097
1.84082 -0.0159329
1.8418 0.00330445
1.84277 0.0827523
1.84375 0.065637
1.84473 -0.00735739
1.8457 0.0357059
1.84668 -0.0354149
1.84766 0.00622005
1.84863 -0.0671355
1.84961 -0.0121758
1.85059 0.0133471
1.85156 0.0410105
1.85254 0.00428955
1.85352 0.00677009
1.85449 0.0400964
1.85547 0.031394
1.85645 0.016608
1.85742 0.0116507
1.8584 0.0271968
1.85938 0.00830125
1.86035 -0.0123605
1.86133 -0.00638671
1.8623 -0.0341002
1.86328 -0.0579443
1.86426 -0.051838
1.86523 0.0498165
1.86621 0.0147901
1.86719 -0.0162667
1.86816 0.0170872
1.86914 -0.0231776
1.87012 -0.0324741
1.87109 0.00146112
1.87207 0.0217208
1.87305 0.0552315
1.87402 0.00213414
1.875 -0.0431841
1.87598 0.0235357
1.87695 -0.0683101
1.87793 -0.00226566
1.87891 0.0400932
1.87988 0.0886954
1.88086 0.0298257
1.88184 -0.00047203
1.88281 -0.0499801
1.88379 0.0777803
1.88477 0.0174067
1.88574 0.0553343
1.88672 0.0571857
1.8877 0.0414346
1.88867 0.00174625
1.88965 0.0584009
1.89062 0.00615366
1.8916 0.0372907
1.89258 -0.0187416
1.89355 -0.0179736
1.89453 -0.0720283
1.89551 -0.0760837
1.89648 -0.0327988
1.89746 0.0421681
1.89844 0.0214871
1.89941 0.0638435
1.90039 0.00159879
1.90137 0.0233727
1.90234 -0.00883914
1.90332 -0.0408555
1.9043 -0.00236376
1.90527 -0.000856235
1.90625 0.0282563
1.90723 -0.0675879
1.9082 -0.0204458
1.90918 -0.0323615
1.91016 0.0381048
1.91113 0.0273103
1.91211 -0.0553873
1.91309 0.0377888
1.91406 -0.0264558
1.91504 0.002363
1.91602 0.0123476
1.91699 -0.00873613
1.91797 -0.0307426
1.91895 0.0561824
1.91992 0.112178
1.9209 -0.0301262
1.92188 0.000562653
1.92285 0.0596949
1.92383 0.0186201
1.9248 -0.0383964
1.92578 0.0328713
1.92676 0.0244979
1.92773 0.0205875
1.92871 0.0048411
1.92969 0.00343019
1.93066 0.0251986
1.93164 0.00867836
1.93262 0.0429394
1.93359 0.000584347
1.93457 -0.0474752
1.93555 -0.0393296
1.93652 -0.00420796
1.9375 0.0531176
1.93848 0.0799555
1.93945 -0.0252211
1.94043 0.0209317
1.94141 0.0352452
1.94238 -0.0247955
1.94336 -0.023302
1.94434 -0.0525686
1.94531 0.0138723
1.94629 0.0795385
1.94727 -0.0293224
1.94824 -0.0338393
1.94922 0.0582789
1.9502 -0.00170285
1.95117 -0.0302838
1.95215 -0.0931396
1.95312 -0.0268842
1.9541 0.0762117
1.95508 -0.0144695
1.95605 -0.0769216
1.95703 -0.00611913
1.95801 -0.108358
1.95898 -0.0359448
1.95996 0.0225045
1.96094 0.0556074
1.96191 0.0280153
1.96289 -0.0168773
1.96387 0.0283665
1.96484 0.0458776
1.96582 0.0549789
1.9668 0.0190746
1.96777 0.0144188
1.96875 0.0788114
1.96973 0.0246245
1.9707 0.0920913
1.97168 0.0480869
1.97266 -0.00281159
1.97363 -0.00840816
1.97461 0.0144161
1.97559 -0.0362759
1.97656 -0.0151892
1.97754 -0.0738196
1.97852 -0.0172
1.97949 -0.00903578
1.98047 0.0754097
1.98145 -0.0141544
1.98242 -0.0116489
1.9834 -0.0355421
1.98438 0.0459125
1.98535 0.0259338
1.98633 -0.0428434
1.9873 -0.0127681
1.98828 0.0225027
1.98926 0.0338595
1.99023 0.00469244
1.99121 0.054164
1.99219 0.0300415
1.99316 0.0325778
1.99414 -0.043098
1.99512 -0.0481235
1.99609 -0.00512428
1.99707 -0.00567643
1.99805 0.0213377
1.99902 -0.035329
