0 -0.0846323
0.000976562 0.0875015
0.00195312 -0.0794758
0.00292969 0.0173496
0.00390625 0.09144
0.00488281 0.0396495
0.00585938 0.0715447
0.00683594 0.0405495
0.0078125 0.157144
0.00878906 0.0197092
0.00976562 0.0392522
0.0107422 -0.0989166
0.0117188 0.0113999
0.0126953 0.0371345
0.0136719 0.100533
0.0146484 0.00669615
0.015625 -0.00394719
0.0166016 0.0701775
0.0175781 0.085101
0.0185547 -0.00102063
0.0195312 -0.0152249
0.0205078 0.0042007
0.0214844 0.0243988
0.0224609 -0.28449
0.0234375 -0.11319
0.0244141 -0.0670039
0.0253906 -0.0683359
0.0263672 -0.0346456
0.0273438 -0.0889692
0.0283203 0.0753467
0.0292969 0.0344302
0.0302734 -0.00358648
0.03125 -0.0481131
0.0322266 -0.0362701
0.0332031 -0.10844
0.0341797 -0.0209542
0.0351562 0.0640669
0.0361328 -0.0750429
0.0371094 -0.108454
0.0380859 0.054814
0.0390625 0.0126846
0.0400391 0.0937929
0.0410156 0.0612562
0.0419922 0.157495
0.0429688 0.00615983
0.0439453 -0.0116018
0.0449219 -0.00319074
0.0458984 -0.0371807
0.046875 0.0163732
0.0478516 -0.0330932
0.0488281 0.0483393
0.0498047 0.0627668
0.0507812 -0.0784724
0.0517578 -0.0287084
0.0527344 0.0210123
0.0537109 0.0918197
0.0546875 0.0884482
0.0556641 0.00557138
0.0566406 -0.0225704
0.0576172 0.0440617
0.0585938 0.0871819
0.0595703 0.24204
0.0605469 -0.100895
0.0615234 0.135417
0.0625 0.0762696
0.0634766 0.167487
0.0644531 0.00387093
0.0654297 0.0154428
0.0664062 0.00159249
0.0673828 -0.0373427
0.0683594 -0.0203405
0.0693359 -0.104664
0.0703125 -0.112676
0.0712891 0.0102544
0.0722656 0.0101598
0.0732422 -0.0208887
0.0742188 -0.00667617
0.0751953 -0.0452374
0.0761719 -0.0175431
0.0771484 -0.0215051
0.078125 -0.0177623
0.0791016 0.178602
0.0800781 0.00530689
0.0810547 0.0891737
0.0820312 0.000351561
0.0830078 0.0164283
0.0839844 -0.136394
0.0849609 -0.0323908
0.0859375 -0.00830189
0.0869141 -0.0460921
0.0878906 -0.0911173
0.0888672 -0.00899473
0.0898438 -0.0472312
0.0908203 0.0492472
0.0917969 -0.0451177
0.0927734 0.0609684
0.09375 -0.0556945
0.0947266 0.0128301
0.0957031 0.039394
0.0966797 0.0319562
0.0976562 -0.0342842
0.0986328 -0.0165881
0.0996094 -0.0419083
0.100586 0.0644176
0.101562 -0.0803627
0.102539 0.0711189
0.103516 0.0552722
0.104492 0.000729022
0.105469 -0.0350693
0.106445 -0.00668272
0.107422 -0.021208
0.108398 -0.0218213
0.109375 -0.0119516
0.110352 0.0205565
0.111328 0.0174924
0.112305 -0.0213511
0.113281 0.0231511
0.114258 0.0453138
0.115234 0.0333836
0.116211 0.166883
0.117188 -0.0348504
0.118164 -0.0398352
0.119141 0.075198
0.120117 0.078992
0.121094 0.0147128
0.12207 0.0867183
0.123047 -0.0462718
0.124023 -0.0201213
0.125 0.0472174
0.125977 0.163905
0.126953 0.0796975
0.12793 0.00364374
0.128906 -0.049006
0.129883 -0.0580836
0.130859 0.0195799
0.131836 0.00340262
0.132812 0.107881
0.133789 0.035059
0.134766 0.0630569
0.135742 0.00765253
0.136719 -0.0169307
0.137695 -0.114492
0.138672 0.0517516
0.139648 -0.120928
0.140625 0.0661654
0.141602 0.152537
0.142578 0.032476
0.143555 0.0559186
0.144531 -0.0740273
0.145508 0.000981194
0.146484 0.0351425
0.147461 -0.088631
0.148438 0.0874986
0.149414 -0.157615
0.150391 -0.0222611
0.151367 -0.0808221
0.152344 -0.102623
0.15332 0.0153222
0.154297 0.101106
0.155273 -0.00352048
0.15625 -0.0360555
0.157227 0.0982338
0.158203 0.0283719
0.15918 0.0450948
0.160156 -0.0222024
0.161133 0.106967
0.162109 0.0883186
0.163086 -0.122036
0.164062 0.0105764
0.165039 0.0815965
0.166016 0.113657
0.166992 -0.033271
0.167969 0.0128153
0.168945 0.0381088
0.169922 0.138215
0.170898 -0.00534052
0.171875 -0.065374
0.172852 -0.162827
0.173828 -0.042171
0.174805 -0.0372407
0.175781 -0.000273439
0.176758 0.0257295
0.177734 0.0349428
0.178711 0.0385209
0.179688 0.0977603
0.180664 -0.113698
0.181641 -0.0112329
0.182617 0.00653002
0.183594 0.0599865
0.18457 -0.0793189
0.185547 -0.0192348
0.186523 -0.0208651
0.1875 0.0548784
0.188477 0.0961662
0.189453 0.0911945
0.19043 -0.0162541
0.191406 0.0124521
0.192383 -0.0987985
0.193359 0.0154265
0.194336 0.0662813
0.195312 -0.0515726
0.196289 -0.0865006
0.197266 -0.0288631
0.198242 -0.088166
0.199219 -0.0683857
0.200195 -0.0152972
0.201172 0.0604196
0.202148 -0.0726005
0.203125 -0.118368
0.204102 0.00385675
0.205078 -0.049053
0.206055 -0.0383383
0.207031 0.0362493
0.208008 0.0219775
0.208984 -0.0883268
0.209961 -0.00167064
0.210938 0.0793185
0.211914 -0.0199476
0.212891 0.158796
0.213867 -0.052253
0.214844 0.109068
0.21582 0.0392822
0.216797 0.0926188
0.217773 -0.0373652
0.21875 -0.0347743
0.219727 -0.0479089
0.220703 0.0191759
0.22168 0.162132
0.222656 0.0412645
0.223633 -0.104985
0.224609 0.0155081
0.225586 -0.00724047
0.226562 -0.0172757
0.227539 0.07076
0.228516 0.0430769
0.229492 0.00752767
0.230469 0.0108177
0.231445 -0.149181
0.232422 0.0994003
0.233398 0.138241
0.234375 0.095397
0.235352 -0.052905
0.236328 0.024151
0.237305 -0.0191217
0.238281 0.0747746
0.239258 0.108669
0.240234 -0.113291
0.241211 0.0147867
0.242188 0.0142888
0.243164 0.11029
0.244141 -0.0495981
0.245117 -0.0496317
0.246094 0.0099218
0.24707 -0.0451158
0.248047 0.0173734
0.249023 -0.0200112
0.25 -0.0813468
0.250977 0.108731
0.251953 -0.0306874
0.25293 -0.0365575
0.253906 -0.0285285
0.254883 0.0395858
0.255859 -0.00572269
0.256836 -0.0517552
0.257812 0.060097
0.258789 -0.0605215
0.259766 0.0522224
0.260742 -0.138391
0.261719 0.0494667
0.262695 0.0355372
0.263672 0.0935826
0.264648 0.117537
0.265625 0.0247776
0.266602 -0.054226
0.267578 -0.0125042
0.268555 -0.0448763
0.269531 0.00951677
0.270508 0.0072602
0.271484 0.0435666
0.272461 -0.0247351
0.273438 -0.00625319
0.274414 0.000212861
0.275391 0.134296
0.276367 0.0190782
0.277344 -0.00279145
0.27832 0.0781612
0.279297 0.0968416
0.280273 -0.0125242
0.28125 0.0681921
0.282227 0.075063
0.283203 0.0485366
0.28418 -0.0394882
0.285156 0.0236785
0.286133 -0.069332
0.287109 -0.0247885
0.288086 0.062601
0.289062 -0.00985499
0.290039 -0.085653
0.291016 -0.169412
0.291992 0.0412373
0.292969 -0.108061
0.293945 -0.0518972
0.294922 0.0297753
0.295898 0.0422309
0.296875 0.0595054
0.297852 -0.0796899
0.298828 0.0973473
0.299805 -0.0203257
0.300781 0.00803264
0.301758 0.204441
0.302734 0.0731454
0.303711 0.00471719
0.304688 -0.00261485
0.305664 0.0896944
0.306641 -0.00399733
0.307617 0.0191807
0.308594 -0.0128022
0.30957 -0.0149012
0.310547 -0.0465726
0.311523 0.161908
0.3125 0.00676596
0.313477 -0.0852059
0.314453 0.0109352
0.31543 -0.00568476
0.316406 -0.0676562
0.317383 0.0536315
0.318359 0.0918717
0.319336 -0.060089
0.320312 0.0435321
0.321289 0.146936
0.322266 0.0444449
0.323242 0.0548297
0.324219 -0.0272101
0.325195 0.0936832
0.326172 -0.0382176
0.327148 0.00691902
0.328125 0.0462627
0.329102 0.0411974
0.330078 0.0383137
0.331055 -0.0351816
0.332031 -0.018167
0.333008 0.136425
0.333984 0.0124481
0.334961 0.00242926
0.335938 -0.0434865
0.336914 0.10768
0.337891 -0.041258
0.338867 -0.0567151
0.339844 0.0336882
0.34082 -0.0990303
0.341797 -0.0839202
0.342773 0.0627524
0.34375 -0.0751173
0.344727 0.0821095
0.345703 -0.0421193
0.34668 0.0520513
0.347656 0.0225142
0.348633 0.138091
0.349609 0.0876564
0.350586 -0.159326
0.351562 0.0876145
0.352539 -0.0198467
0.353516 0.0806448
0.354492 0.0673517
0.355469 0.00739866
0.356445 0.184532
0.357422 0.0260335
0.358398 0.0272371
0.359375 0.0590561
0.360352 0.0268654
0.361328 0.0817416
0.362305 0.0159878
0.363281 -0.0476621
0.364258 0.114154
0.365234 -0.0744502
0.366211 0.176435
0.367188 0.041684
0.368164 0.0289632
0.369141 0.0234668
0.370117 -0.053302
0.371094 -0.0230218
0.37207 0.13273
0.373047 -0.139671
0.374023 0.0147386
0.375 -0.0695991
0.375977 -0.0703602
0.376953 -0.049067
0.37793 0.0512731
0.378906 -0.0551072
0.379883 0.107851
0.380859 0.0030138
0.381836 0.0967965
0.382812 -0.0879748
0.383789 0.171765
0.384766 0.0575915
0.385742 0.612731
0.386719 0.620029
0.387695 0.0256411
0.388672 0.0884696
0.389648 0.0526151
0.390625 0.0218164
0.391602 -0.0787535
0.392578 0.132749
0.393555 0.0767309
0.394531 0.00568449
0.395508 0.000322271
0.396484 -0.0270788
0.397461 -0.104694
0.398438 0.0850834
0.399414 0.170667
0.400391 0.0815759
0.401367 0.0412865
0.402344 -0.0553835
0.40332 0.0354527
0.404297 0.00486987
0.405273 -0.0252396
0.40625 -0.0143571
0.407227 -0.0897611
0.408203 -0.174044
0.40918 0.0217539
0.410156 0.0188328
0.411133 -0.0915551
0.412109 -0.0270942
0.413086 0.0325739
0.414062 0.0175353
0.415039 0.194035
0.416016 0.152706
0.416992 0.142937
0.417969 -0.0657693
0.418945 0.0128707
0.419922 0.00282483
0.420898 -0.0725842
0.421875 0.0304716
0.422852 0.0911984
0.423828 0.104714
0.424805 0.0655313
0.425781 -0.0470707
0.426758 0.147744
0.427734 -0.0278394
0.428711 0.00252189
0.429688 -0.0835223
0.430664 0.0674866
0.431641 -0.102179
0.432617 0.0042683
0.433594 -0.121599
0.43457 0.037758
0.435547 0.102392
0.436523 -0.0410181
0.4375 0.069946
0.438477 -0.0300615
0.439453 0.0498604
0.44043 -0.0956469
0.441406 -0.173968
0.442383 -0.0405117
0.443359 0.00532817
0.444336 0.119039
0.445312 0.0640131
0.446289 -0.00486888
0.447266 -0.0541083
0.448242 -0.0616952
0.449219 0.129315
0.450195 0.0477795
0.451172 -0.0210277
0.452148 0.0458356
0.453125 -0.0990307
0.454102 -0.121983
0.455078 0.0258615
0.456055 -0.0109568
0.457031 0.148203
0.458008 0.0986681
0.458984 -0.0591954
0.459961 0.0664275
0.460938 0.0320612
0.461914 -0.0828741
0.462891 -0.0965938
0.463867 0.0774806
0.464844 -0.040364
0.46582 0.0404461
0.466797 -0.0469381
0.467773 0.0423162
0.46875 -0.0883569
0.469727 0.0913896
0.470703 0.127917
0.47168 0.0182042
0.472656 -0.0525842
0.473633 -0.0190238
0.474609 -0.000374262
0.475586 0.00839025
0.476562 0.0520046
0.477539 0.0193026
0.478516 -0.0130805
0.479492 0.026039
0.480469 -0.0780576
0.481445 0.127857
0.482422 -0.036612
0.483398 0.0131017
0.484375 -0.118646
0.485352 0.0110142
0.486328 0.033415
0.487305 -0.0401875
0.488281 -0.025079
0.489258 -0.0622118
0.490234 -0.117008
0.491211 0.0310529
0.492188 -0.020784
0.493164 0.107983
0.494141 0.0550232
0.495117 -0.119286
0.496094 -0.0695472
0.49707 -0.0329629
0.498047 -1.21947e-05
0.499023 -0.0128668
0.5 -0.0227854
0.500977 0.083194
0.501953 -0.0744366
0.50293 -0.0183353
0.503906 0.00607022
0.504883 0.0109523
0.505859 0.108244
0.506836 0.0176459
0.507812 -0.0966631
0.508789 -0.00100098
0.509766 0.0260591
0.510742 -0.171403
0.511719 -0.018583
0.512695 -0.04063
0.513672 -0.0108033
0.514648 -0.0231665
0.515625 -0.0426899
0.516602 -0.0150189
0.517578 -0.0651278
0.518555 -0.0497609
0.519531 0.0299646
0.520508 0.0142104
0.521484 -0.0197468
0.522461 -0.00730375
0.523438 0.0983897
0.524414 0.00899831
0.525391 -0.0116789
0.526367 0.0873603
0.527344 0.0169962
0.52832 0.0331612
0.529297 -0.0671814
0.530273 -0.0468725
0.53125 -0.113514
0.532227 0.0918745
0.533203 -0.13503
0.53418 -0.0166214
0.535156 0.0195078
0.536133 0.162999
0.537109 -0.0952193
0.538086 -0.0366213
0.539062 -0.0560523
0.540039 -0.0264741
0.541016 -0.0431349
0.541992 0.00168824
0.542969 0.0431245
0.543945 -0.0840142
0.544922 0.0452984
0.545898 0.0652858
0.546875 0.0280688
0.547852 0.121713
0.548828 0.046539
0.549805 -0.0828907
0.550781 -0.00257705
0.551758 -0.132836
0.552734 0.00888452
0.553711 0.128142
0.554688 -0.109922
0.555664 0.0278892
0.556641 0.0884671
0.557617 0.0484942
0.558594 0.14332
0.55957 -0.00989602
0.560547 -0.0619488
0.561523 -0.0844099
0.5625 -0.0267333
0.563477 0.0803417
0.564453 0.0102143
0.56543 0.130986
0.566406 0.0989895
0.567383 -0.0394507
0.568359 -0.0724169
0.569336 -0.0663799
0.570312 0.0995888
0.571289 -0.0778656
0.572266 0.123579
0.573242 -0.02415
0.574219 0.0576202
0.575195 -0.0657716
0.576172 -0.0891584
0.577148 0.0129929
0.578125 -0.0229345
0.579102 0.0990675
0.580078 0.032627
0.581055 0.0514609
0.582031 -0.0127631
0.583008 -0.00363912
0.583984 -0.0733973
0.584961 0.11351
0.585938 -0.138225
0.586914 0.00346974
0.587891 0.0877053
0.588867 0.0087695
0.589844 0.142323
0.59082 0.0166631
0.591797 -0.162753
0.592773 -0.0597008
0.59375 0.0283314
0.594727 -0.0396692
0.595703 0.0801693
0.59668 -0.0292142
0.597656 -0.0598782
0.598633 0.0268065
0.599609 0.021936
0.600586 0.0715107
0.601562 -0.108218
0.602539 0.00889916
0.603516 0.139248
0.604492 -0.0677427
0.605469 -0.0904391
0.606445 0.00458388
0.607422 -0.0213028
0.608398 0.0122729
0.609375 -0.0388403
0.610352 -0.0381111
0.611328 -0.0422132
0.612305 0.0115556
0.613281 -0.0301817
0.614258 0.0783807
0.615234 0.130097
0.616211 -0.117775
0.617188 0.0884185
0.618164 -0.0826972
0.619141 0.136819
0.620117 0.0152926
0.621094 -0.148367
0.62207 -0.000134599
0.623047 0.132909
0.624023 0.0956587
0.625 0.0342515
0.625977 -0.00450126
0.626953 -0.0759186
0.62793 0.0651565
0.628906 0.0292891
0.629883 -0.163591
0.630859 -0.0273284
0.631836 -0.0135451
0.632812 0.0278551
0.633789 0.0701057
0.634766 0.121328
0.635742 0.0135761
0.636719 -0.0406053
0.637695 -0.0457187
0.638672 -0.114955
0.639648 0.140619
0.640625 -0.0441365
0.641602 -0.0663611
0.642578 -0.019677
0.643555 0.0403907
0.644531 0.0223582
0.645508 -0.0425105
0.646484 -0.0519591
0.647461 0.0857072
0.648438 -0.154041
0.649414 0.0999216
0.650391 0.158027
0.651367 0.0566825
0.652344 -0.0521359
0.65332 -0.0556645
0.654297 0.190449
0.655273 0.0569244
0.65625 -0.0789714
0.657227 -0.118151
0.658203 0.0372909
0.65918 0.0741019
0.660156 -0.026468
0.661133 -0.153876
0.662109 -0.127931
0.663086 0.0635359
0.664062 0.00896906
0.665039 0.102257
0.666016 0.0477935
0.666992 0.0490311
0.667969 -0.0228161
0.668945 -0.107582
0.669922 0.0236483
0.670898 0.107384
0.671875 0.0333583
0.672852 0.12693
0.673828 0.0785871
0.674805 0.129565
0.675781 0.0391087
0.676758 -0.0373431
0.677734 -0.012955
0.678711 0.0571656
0.679688 -0.0756214
0.680664 0.0972734
0.681641 0.0671558
0.682617 0.0127019
0.683594 0.0661541
0.68457 0.0655179
0.685547 -0.0274404
0.686523 0.0106601
0.6875 -0.0234745
0.688477 -0.070454
0.689453 -0.0514077
0.69043 0.0811901
0.691406 -0.0712878
0.692383 0.0303307
0.693359 0.0436858
0.694336 -0.116113
0.695312 0.0871688
0.696289 0.0539518
0.697266 0.0178173
0.698242 -0.00274147
0.699219 -0.0667558
0.700195 -0.115242
0.701172 -0.0383748
0.702148 -0.03939
0.703125 0.0071268
0.704102 0.0717179
0.705078 -0.058721
0.706055 -0.122532
0.707031 0.0296584
0.708008 -0.0434065
0.708984 -0.15749
0.709961 -0.107029
0.710938 -0.0804625
0.711914 -0.0578156
0.712891 0.069674
0.713867 -0.0240346
0.714844 0.0302096
0.71582 0.0640172
0.716797 -0.0703673
0.717773 0.0725635
0.71875 -0.0978262
0.719727 0.065623
0.720703 0.0247574
0.72168 -0.0843754
0.722656 0.0472648
0.723633 0.139536
0.724609 0.00457107
0.725586 0.00433129
0.726562 0.0921666
0.727539 0.102082
0.728516 -0.00294056
0.729492 -0.0557641
0.730469 0.0054645
0.731445 0.00688294
0.732422 0.078302
0.733398 0.00364213
0.734375 -0.0152735
0.735352 0.0506437
0.736328 -0.027713
0.737305 0.0207513
0.738281 0.00583031
0.739258 0.0461622
0.740234 0.0216488
0.741211 0.0420895
0.742188 0.0864507
0.743164 0.0778915
0.744141 0.0146349
0.745117 -0.102481
0.746094 0.0464386
0.74707 0.0884422
0.748047 0.0583059
0.749023 0.047206
0.75 0.101439
0.750977 0.0447302
0.751953 0.0934758
0.75293 -0.146363
0.753906 0.0681578
0.754883 -0.112514
0.755859 -0.0800592
0.756836 -0.00562758
0.757812 0.0388624
0.758789 0.0718335
0.759766 0.0163375
0.760742 -0.0263874
0.761719 -0.0234412
0.762695 0.00379475
0.763672 -0.0582407
0.764648 -0.0303055
0.765625 -0.0224889
0.766602 -0.0182635
0.767578 -0.103057
0.768555 -0.0697597
0.769531 0.0895472
0.770508 -0.00498574
0.771484 -0.0982895
0.772461 0.253476
0.773438 0.0447657
0.774414 -0.0867158
0.775391 0.0130669
0.776367 0.176241
0.777344 -0.0982718
0.77832 -0.00624239
0.779297 -0.111616
0.780273 -0.0119545
0.78125 0.0157618
0.782227 0.0072745
0.783203 -0.0609486
0.78418 0.0565583
0.785156 -0.053348
0.786133 -0.00240363
0.787109 -0.0589718
0.788086 0.0704786
0.789062 -0.0295245
0.790039 -0.0269789
0.791016 -0.0214987
0.791992 -0.0444785
0.792969 -0.0771785
0.793945 0.0748018
0.794922 0.126021
0.795898 -0.0616484
0.796875 0.00652287
0.797852 0.116666
0.798828 -0.0261535
0.799805 0.0944295
0.800781 -0.0158456
0.801758 0.147554
0.802734 0.0323508
0.803711 0.078666
0.804688 0.0155773
0.805664 0.0456204
0.806641 0.0193044
0.807617 0.0902157
0.808594 -0.0487708
0.80957 0.0253121
0.810547 0.00222464
0.811523 -0.0487329
0.8125 -0.00988427
0.813477 0.00182187
0.814453 -0.0260273
0.81543 0.033452
0.816406 -0.0235481
0.817383 0.0703459
0.818359 -0.0118955
0.819336 0.0441299
0.820312 0.056284
0.821289 -0.110216
0.822266 -0.104409
0.823242 0.0458329
0.824219 -0.073203
0.825195 -0.0729155
0.826172 0.079799
0.827148 -0.0583525
0.828125 0.0430491
0.829102 0.192203
0.830078 -0.105929
0.831055 0.0692681
0.832031 -0.0370426
0.833008 0.0167611
0.833984 0.0545107
0.834961 0.0556558
0.835938 0.0534048
0.836914 0.0182088
0.837891 -0.0689425
0.838867 0.0789214
0.839844 0.0718649
0.84082 0.109748
0.841797 0.138414
0.842773 -0.039829
0.84375 -0.103265
0.844727 -0.055214
0.845703 0.0204251
0.84668 -0.0861661
0.847656 0.035277
0.848633 -0.0728145
0.849609 -0.00420014
0.850586 -0.0332928
0.851562 -0.134896
0.852539 0.122388
0.853516 -0.0917103
0.854492 -0.0636501
0.855469 -0.152134
0.856445 -0.081898
0.857422 0.0591202
0.858398 -0.0656934
0.859375 0.04443
0.860352 0.179005
0.861328 0.0983258
0.862305 -0.0123462
0.863281 -0.0145112
0.864258 0.0858927
0.865234 0.0483236
0.866211 -0.034071
0.867188 0.00199677
0.868164 0.0155805
0.869141 0.0192857
0.870117 -0.028968
0.871094 -0.0424773
0.87207 0.0263896
0.873047 0.00640232
0.874023 0.00496809
0.875 0.0923213
0.875977 -0.0619235
0.876953 -0.0415802
0.87793 -0.0514999
0.878906 0.0667876
0.879883 0.104207
0.880859 0.115939
0.881836 0.0388066
0.882812 -0.0736336
0.883789 0.122211
0.884766 0.07811
0.885742 -0.0828706
0.886719 -0.0297581
0.887695 -0.108748
0.888672 -0.0684904
0.889648 -0.0315178
0.890625 0.0898795
0.891602 0.0930854
0.892578 0.0642232
0.893555 -0.00512704
0.894531 -0.0672833
0.895508 0.0168768
0.896484 0.0961087
0.897461 -0.115713
0.898438 -0.101295
0.899414 0.127333
0.900391 0.0238214
0.901367 0.127689
0.902344 0.161435
0.90332 -0.0166964
0.904297 0.163383
0.905273 -0.0638087
0.90625 -0.015715
0.907227 -0.0123491
0.908203 0.0256975
0.90918 -0.0119062
0.910156 0.0139294
0.911133 0.0636676
0.912109 -0.119511
0.913086 -0.0565604
0.914062 0.0122395
0.915039 0.0529502
0.916016 0.0108689
0.916992 0.122047
0.917969 0.0798218
0.918945 0.0149939
0.919922 -0.124739
0.920898 0.0342706
0.921875 0.0079683
0.922852 0.0728251
0.923828 0.0742239
0.924805 0.0583828
0.925781 0.0668364
0.926758 0.0429464
0.927734 -0.0626648
0.928711 0.00315579
0.929688 0.102199
0.930664 0.0418649
0.931641 0.0178502
0.932617 0.0360838
0.933594 0.0606812
0.93457 -0.0824172
0.935547 -0.0368319
0.936523 0.0114911
0.9375 0.0127316
0.938477 -0.120374
0.939453 0.0343632
0.94043 0.0157764
0.941406 0.0242411
0.942383 -0.069717
0.943359 0.032299
0.944336 -0.0150871
0.945312 0.0561147
0.946289 -0.00196749
0.947266 -0.0194609
0.948242 -0.0486246
0.949219 -0.090888
0.950195 0.0181352
0.951172 0.0861258
0.952148 -0.0401389
0.953125 -0.000992983
0.954102 0.106854
0.955078 0.0396002
0.956055 -0.0182815
0.957031 -0.085396
0.958008 0.132371
0.958984 -0.0755994
0.959961 -0.123146
0.960938 -0.0612507
0.961914 -0.0313911
0.962891 0.0965888
0.963867 -0.00842983
0.964844 0.0112832
0.96582 -0.123782
0.966797 0.0174996
0.967773 0.0609578
0.96875 -0.00516698
0.969727 -0.0147493
0.970703 -0.0476096
0.97168 0.0909813
0.972656 0.0224211
0.973633 -0.0379999
0.974609 0.113436
0.975586 -0.0152543
0.976562 0.156899
0.977539 0.0754253
0.978516 0.07256
0.979492 0.0789703
0.980469 -0.0761733
0.981445 -0.0857223
0.982422 -0.0425436
0.983398 -0.012361
0.984375 0.0376149
0.985352 0.00426104
0.986328 -0.00547827
0.987305 -0.0826558
0.988281 0.0118963
0.989258 0.0143206
0.990234 -0.106446
0.991211 -0.0499007
0.992188 0.119597
0.993164 0.00629562
0.994141 0.0153623
0.995117 -0.035758
0.996094 -0.0667569
0.99707 -0.0301982
0.998047 -0.0304959
0.999023 0.0498916
1 -0.0526291
1.00098 0.0261984
1.00195 0.0883141
1.00293 -0.0066463
1.00391 0.0959043
1.00488 0.0661468
1.00586 0.112459
1.00684 -0.0165352
1.00781 0.0219215
1.00879 -0.0655794
1.00977 -0.00685803
1.01074 -0.0126476
1.01172 -0.084008
1.0127 -0.028319
1.01367 -0.121148
1.01465 0.04798
1.01562 0.0301008
1.0166 0.0687097
1.01758 0.0481329
1.01855 0.0173275
1.01953 0.0375647
1.02051 -0.0421692
1.02148 -0.0818865
1.02246 -0.073994
1.02344 -0.00819432
1.02441 0.0026029
1.02539 -0.0586843
1.02637 0.00025723
1.02734 0.00533622
1.02832 -0.00990481
1.0293 0.0698253
1.03027 -0.00976147
1.03125 0.0146686
1.03223 0.0797696
1.0332 -0.086558
1.03418 -0.0686783
1.03516 0.063915
1.03613 0.0377007
1.03711 -0.0587696
1.03809 0.0146137
1.03906 -0.228356
1.04004 0.0737402
1.04102 0.0709744
1.04199 0.0932906
1.04297 -0.0983788
1.04395 -0.105203
1.04492 0.0468323
1.0459 0.0447861
1.04688 0.0398386
1.04785 -0.146964
1.04883 -0.0466191
1.0498 -0.0478056
1.05078 -0.0181796
1.05176 -0.0155236
1.05273 0.134569
1.05371 -0.00639259
1.05469 -0.0971179
1.05566 0.265829
1.05664 0.057619
1.05762 0.0275302
1.05859 -0.0483428
1.05957 0.00590594
1.06055 -0.0619322
1.06152 0.0310485
1.0625 -0.0399052
1.06348 -0.00833476
1.06445 0.0857985
1.06543 -0.0219957
1.06641 -0.122864
1.06738 -0.119563
1.06836 -0.0544373
1.06934 0.0781694
1.07031 -0.103635
1.07129 -0.00986213
1.07227 0.0712565
1.07324 -0.0182994
1.07422 0.0420478
1.0752 0.0122384
1.07617 -0.0707414
1.07715 -0.0366469
1.07812 0.0234
1.0791 0.0623064
1.08008 0.0690344
1.08105 0.0333817
1.08203 0.00848694
1.08301 -0.0240971
1.08398 -0.0343584
1.08496 -0.0338682
1.08594 0.149659
1.08691 0.0553673
1.08789 0.109153
1.08887 0.0455231
1.08984 -0.0936723
1.09082 -0.0527753
1.0918 0.0619017
1.09277 -0.035989
1.09375 0.00631882
1.09473 0.0447404
1.0957 -0.0490142
1.09668 -0.0320117
1.09766 -0.0625395
1.09863 -0.032249
1.09961 0.118006
1.10059 0.0350936
1.10156 -0.0618112
1.10254 0.0974658
1.10352 -0.160252
1.10449 -0.0962697
1.10547 0.0297962
1.10645 -0.0258992
1.10742 -0.052523
1.1084 -0.00470517
1.10938 0.0876359
1.11035 -0.113637
1.11133 -0.117808
1.1123 0.0316709
1.11328 0.0511403
1.11426 0.0549561
1.11523 0.0343382
1.11621 -0.0614853
1.11719 -0.0245458
1.11816 0.0322722
1.11914 -0.00753602
1.12012 0.065791
1.12109 0.00503174
1.12207 -0.0279299
1.12305 -0.104718
1.12402 0.027884
1.125 -0.060366
1.12598 0.127259
1.12695 0.0530635
1.12793 0.0100248
1.12891 0.0020115
1.12988 -0.0458255
1.13086 0.0926089
1.13184 0.0960539
1.13281 -0.012861
1.13379 -0.0360324
1.13477 -0.0163232
1.13574 0.0130326
1.13672 0.0705003
1.1377 -0.0818721
1.13867 -0.0777484
1.13965 -0.00506143
1.14062 -0.0609399
1.1416 -0.00654871
1.14258 0.0342063
1.14355 0.123525
1.14453 -0.0480969
1.14551 0.0564887
1.14648 -0.0678022
1.14746 0.0507942
1.14844 0.00640362
1.14941 -0.00423063
1.15039 0.0264488
1.15137 0.153993
1.15234 0.137845
1.15332 0.07704
1.1543 -0.155095
1.15527 0.0110581
1.15625 0.0529214
1.15723 0.00976782
1.1582 -0.0284607
1.15918 0.092844
1.16016 -0.0116138
1.16113 -0.13216
1.16211 -0.0028974
1.16309 0.075551
1.16406 0.128744
1.16504 0.0256956
1.16602 0.0795319
1.16699 0.0138535
1.16797 0.0547575
1.16895 0.0647628
1.16992 -0.00849161
1.1709 0.0227002
1.17188 -0.074531
1.17285 -0.134822
1.17383 -0.0872401
1.1748 0.030581
1.17578 -0.0610533
1.17676 -0.151429
1.17773 -0.0962365
1.17871 -0.0375108
1.17969 -0.105832
1.18066 -0.0453108
1.18164 0.027326
1.18262 0.152536
1.18359 -0.107861
1.18457 0.0110691
1.18555 0.0775945
1.18652 -0.137125
1.1875 0.115893
1.18848 -0.0822113
1.18945 -0.143289
1.19043 0.116354
1.19141 -0.0890503
1.19238 -0.118486
1.19336 -0.086092
1.19434 -0.0414791
1.19531 -0.057875
1.19629 -0.0372121
1.19727 -0.0315323
1.19824 0.154607
1.19922 0.205985
1.2002 0.0800094
1.20117 0.0761525
1.20215 0.00936343
1.20312 0.0959691
1.2041 -0.0475609
1.20508 -0.144536
1.20605 -0.023197
1.20703 -0.0283553
1.20801 0.0143742
1.20898 0.128384
1.20996 0.0586374
1.21094 0.105531
1.21191 0.114743
1.21289 0.114663
1.21387 0.0643628
1.21484 -0.0532288
1.21582 0.0839445
1.2168 0.0479803
1.21777 -0.12108
1.21875 -0.0766889
1.21973 0.045269
1.2207 -0.122377
1.22168 -0.0565831
1.22266 -0.0300437
1.22363 -0.0110849
1.22461 0.032601
1.22559 0.0419461
1.22656 -0.0486473
1.22754 0.0863999
1.22852 0.0431884
1.22949 -0.0110571
1.23047 0.00512044
1.23145 -0.0517397
1.23242 0.145116
1.2334 0.0186071
1.23438 -0.0050132
1.23535 0.0805889
1.23633 -0.0648897
1.2373 -0.050439
1.23828 -0.0619591
1.23926 -0.0196541
1.24023 -0.0173428
1.24121 0.0487098
1.24219 -0.164089
1.24316 0.107849
1.24414 -0.0558097
1.24512 -0.0143943
1.24609 0.0167927
1.24707 -0.0693308
1.24805 -0.0557794
1.24902 -0.0168239
1.25 0.00560556
1.25098 0.0665901
1.25195 -0.0937735
1.25293 -0.0493994
1.25391 0.075039
1.25488 0.0146423
1.25586 -0.0104842
1.25684 -0.0356076
1.25781 0.108371
1.25879 0.0841534
1.25977 -0.0832637
1.26074 0.0299351
1.26172 0.0294101
1.2627 0.089521
1.26367 0.102851
1.26465 -0.106961
1.26562 0.0126993
1.2666 -0.0507772
1.26758 0.0834221
1.26855 -0.0291414
1.26953 -0.146494
1.27051 0.0275292
1.27148 0.078218
1.27246 0.0872651
1.27344 0.135586
1.27441 -0.122201
1.27539 0.107609
1.27637 0.112152
1.27734 -0.00148979
1.27832 -0.014906
1.2793 0.0577998
1.28027 -0.125032
1.28125 0.0366716
1.28223 0.0149158
1.2832 -0.125747
1.28418 -0.0497431
1.28516 -0.00652706
1.28613 0.0430749
1.28711 -0.0543526
1.28809 0.00254409
1.28906 -0.158971
1.29004 0.0195767
1.29102 0.0617188
1.29199 -0.0521564
1.29297 -0.0547018
1.29395 0.10296
1.29492 0.00493772
1.2959 0.103194
1.29688 -0.0728056
1.29785 -0.0328835
1.29883 0.127817
1.2998 0.0127507
1.30078 0.0120121
1.30176 0.0710702
1.30273 0.07444
1.30371 -0.016561
1.30469 0.0613334
1.30566 0.0454608
1.30664 0.0903284
1.30762 -0.0274596
1.30859 -0.0236626
1.30957 0.0365962
1.31055 0.15156
1.31152 0.110966
1.3125 0.0606495
1.31348 -0.091202
1.31445 -0.0453346
1.31543 -0.00929094
1.31641 -0.0923344
1.31738 -0.137201
1.31836 0.0427842
1.31934 0.00282017
1.32031 -0.0873883
1.32129 0.0585084
1.32227 -0.0835084
1.32324 0.0383517
1.32422 0.0569163
1.3252 0.0135062
1.32617 0.0988349
1.32715 0.0588933
1.32812 0.0227223
1.3291 0.00441906
1.33008 0.044394
1.33105 -0.0853385
1.33203 -0.0107679
1.33301 -0.0527881
1.33398 0.0253951
1.33496 0.0652276
1.33594 0.0428376
1.33691 0.00533553
1.33789 0.000628016
1.33887 0.0672998
1.33984 -0.0877748
1.34082 0.0846143
1.3418 -0.0500134
1.34277 -0.0378625
1.34375 -0.000146393
1.34473 0.0301812
1.3457 0.0479084
1.34668 0.0699895
1.34766 -0.00729403
1.34863 0.0496892
1.34961 0.102796
1.35059 0.0914443
1.35156 0.0377818
1.35254 -0.0157528
1.35352 -0.0299524
1.35449 0.0518176
1.35547 -0.0963896
1.35645 -0.0541171
1.35742 0.0407475
1.3584 -0.138503
1.35938 0.0145168
1.36035 -0.00901024
1.36133 0.0402966
1.3623 0.0105819
1.36328 0.0696055
1.36426 0.0151849
1.36523 -0.0329993
1.36621 -0.0280557
1.36719 -0.0696174
1.36816 -0.0786197
1.36914 0.0981588
1.37012 0.142089
1.37109 -0.0145558
1.37207 -0.0334836
1.37305 0.0415926
1.37402 0.0850538
1.375 -0.0348997
1.37598 0.0440402
1.37695 -0.0752762
1.37793 -0.134851
1.37891 -0.0540487
1.37988 -0.0340328
1.38086 0.0449515
1.38184 0.0275502
1.38281 0.0951509
1.38379 0.0203008
1.38477 0.0120097
1.38574 0.0694226
1.38672 -0.0726025
1.3877 -0.0131982
1.38867 0.0750807
1.38965 0.203759
1.39062 0.0224571
1.3916 0.0847915
1.39258 -0.00968558
1.39355 0.0770763
1.39453 -0.0101096
1.39551 0.0366126
1.39648 0.0276801
1.39746 0.0242958
1.39844 -0.0512366
1.39941 0.088031
1.40039 -0.0855484
1.40137 0.140659
1.40234 -0.109952
1.40332 -0.0274593
1.4043 0.00664826
1.40527 -0.0665778
1.40625 -0.013468
1.40723 -0.0417633
1.4082 -0.0142475
1.40918 -0.0927248
1.41016 -0.0389899
1.41113 0.0834907
1.41211 0.0726215
1.41309 0.0380567
1.41406 -0.0180303
1.41504 -0.0141056
1.41602 0.0459889
1.41699 0.00399749
1.41797 -0.0366918
1.41895 0.0955537
1.41992 0.00602209
1.4209 0.0880411
1.42188 -0.0150004
1.42285 0.0400336
1.42383 -0.0884451
1.4248 0.110924
1.42578 0.0415815
1.42676 -0.0237545
1.42773 -0.0865412
1.42871 0.00712546
1.42969 -0.0752295
1.43066 -0.0588664
1.43164 -0.0657558
1.43262 -0.0679237
1.43359 0.0738342
1.43457 -0.0656784
1.43555 -0.0350036
1.43652 -0.0757753
1.4375 0.080497
1.43848 0.0872738
1.43945 0.177773
1.44043 -0.0153284
1.44141 0.0957734
1.44238 -0.113703
1.44336 0.0562869
1.44434 -0.0277291
1.44531 -0.00671545
1.44629 -0.0748187
1.44727 -0.0571734
1.44824 -0.0407887
1.44922 0.0858579
1.4502 0.0898605
1.45117 -0.111653
1.45215 0.0568968
1.45312 -0.254878
1.4541 -0.0203634
1.45508 0.1195
1.45605 -0.0500887
1.45703 -0.018505
1.45801 -0.0403901
1.45898 0.219721
1.45996 0.0807903
1.46094 -0.0752512
1.46191 0.0812394
1.46289 0.0257912
1.46387 0.0651987
1.46484 -0.00814717
1.46582 0.11934
1.4668 0.0970187
1.46777 -0.111223
1.46875 0.101596
1.46973 0.0654163
1.4707 0.0333504
1.47168 -0.0164455
1.47266 0.070816
1.47363 0.0580391
1.47461 0.0378484
1.47559 0.0935688
1.47656 0.119433
1.47754 0.112919
1.47852 -0.0118009
1.47949 -0.0178173
1.48047 -0.08938
1.48145 0.0767112
1.48242 -0.0143354
1.4834 0.0682099
1.48438 0.0109666
1.48535 -0.0120365
1.48633 -0.0219048
1.4873 0.156868
1.48828 0.076572
1.48926 0.066306
1.49023 0.132653
1.49121 -0.044712
1.49219 -0.0492045
1.49316 -0.0619177
1.49414 -0.057063
1.49512 0.136269
1.49609 -0.105392
1.49707 0.028488
1.49805 0.103161
1.49902 -0.00964613
1.5 0.0443987
1.50098 0.0595345
1.50195 0.106135
1.50293 0.0487356
1.50391 -0.0378416
1.50488 0.00203771
1.50586 0.182924
1.50684 0.0481986
1.50781 0.0220344
1.50879 0.0876621
1.50977 -0.133898
1.51074 -0.0632963
1.51172 0.0564486
1.5127 0.124931
1.51367 -0.0250103
1.51465 0.00444874
1.51562 -0.019972
1.5166 0.14787
1.51758 0.0106941
1.51855 -0.00637693
1.51953 0.0454746
1.52051 0.0528866
1.52148 -0.0292444
1.52246 0.123851
1.52344 -0.0021434
1.52441 -0.0673832
1.52539 -0.00991977
1.52637 0.130324
1.52734 0.0955109
1.52832 0.0909427
1.5293 0.0755565
1.53027 0.0370511
1.53125 -0.0929361
1.53223 0.0395692
1.5332 0.095977
1.53418 0.126225
1.53516 -0.0516423
1.53613 0.0197276
1.53711 -0.0566352
1.53809 0.109259
1.53906 0.110973
1.54004 -0.0620654
1.54102 -0.158568
1.54199 -0.0351732
1.54297 -0.0116243
1.54395 0.0426258
1.54492 0.0810008
1.5459 0.176597
1.54688 -0.100523
1.54785 -0.0412414
1.54883 -0.111015
1.5498 0.0411185
1.55078 -0.0781706
1.55176 -0.0493598
1.55273 0.0605938
1.55371 0.0560564
1.55469 -0.0110316
1.55566 0.0877033
1.55664 -0.0437049
1.55762 -0.10781
1.55859 0.0482929
1.55957 0.140774
1.56055 0.0376954
1.56152 0.110614
1.5625 -0.0104527
1.56348 -0.0289737
1.56445 0.0161442
1.56543 0.101377
1.56641 0.194788
1.56738 0.00213289
1.56836 0.12328
1.56934 0.0644819
1.57031 0.0657427
1.57129 0.0629336
1.57227 -0.0226119
1.57324 -0.0483892
1.57422 -0.102844
1.5752 0.125374
1.57617 -0.0162456
1.57715 -0.0133159
1.57812 -0.0263248
1.5791 0.0879615
1.58008 0.065247
1.58105 -0.0664965
1.58203 0.0293943
1.58301 0.0382078
1.58398 -0.0942026
1.58496 0.0334781
1.58594 0.111531
1.58691 -0.0656228
1.58789 -0.113496
1.58887 0.0498591
1.58984 -0.0428635
1.59082 0.0668459
1.5918 0.0724193
1.59277 -0.0350244
1.59375 0.0891144
1.59473 0.112374
1.5957 -0.0220417
1.59668 0.0891472
1.59766 0.14308
1.59863 0.0696897
1.59961 0.0829546
1.60059 0.106928
1.60156 -0.0944684
1.60254 0.0960995
1.60352 -0.0639534
1.60449 -0.0259792
1.60547 -0.0234704
1.60645 0.167305
1.60742 -0.0676481
1.6084 0.102878
1.60938 0.172792
1.61035 0.044056
1.61133 0.119721
1.6123 0.0410957
1.61328 -0.0416035
1.61426 0.0535528
1.61523 0.0172156
1.61621 0.0862866
1.61719 0.100704
1.61816 -0.0303978
1.61914 -0.0198064
1.62012 0.0109916
1.62109 0.0152356
1.62207 0.113374
1.62305 0.0157316
1.62402 -0.0427014
1.625 0.00168794
1.62598 -0.0708739
1.62695 0.0712284
1.62793 0.0588528
1.62891 -0.119336
1.62988 0.0331229
1.63086 -0.0734718
1.63184 -0.0285497
1.63281 0.00515562
1.63379 -0.0282095
1.63477 0.0843081
1.63574 -0.169001
1.63672 0.0552414
1.6377 0.0425867
1.63867 0.00192404
1.63965 0.0243248
1.64062 -0.123444
1.6416 0.0500954
1.64258 0.0558807
1.64355 -0.0797595
1.64453 -0.0155628
1.64551 -0.0704074
1.64648 0.00145375
1.64746 -0.148311
1.64844 0.0191545
1.64941 -0.176965
1.65039 0.13955
1.65137 0.07787
1.65234 0.0435284
1.65332 0.0462983
1.6543 -0.00188519
1.65527 0.055539
1.65625 -0.03789
1.65723 0.0740263
1.6582 -0.0734068
1.65918 0.018846
1.66016 0.00234738
1.66113 0.151724
1.66211 0.142556
1.66309 0.075719
1.66406 0.0138298
1.66504 -0.0113655
1.66602 -0.081715
1.66699 -0.0302469
1.66797 0.0326888
1.66895 0.0534311
1.66992 0.00697651
1.6709 -0.0300433
1.67188 0.0686501
1.67285 -0.0316837
1.67383 0.0324026
1.6748 -0.0155142
1.67578 0.18402
1.67676 0.160923
1.67773 0.115221
1.67871 -0.114732
1.67969 0.057395
1.68066 0.0148077
1.68164 0.0361504
1.68262 0.116554
1.68359 0.231261
1.68457 0.0311708
1.68555 -0.025304
1.68652 -0.0163368
1.6875 0.0599948
1.68848 -0.0705128
1.68945 0.0134775
1.69043 0.0386279
1.69141 0.114322
1.69238 0.0692295
1.69336 -0.0593965
1.69434 -0.0173301
1.69531 -0.0345476
1.69629 0.201259
1.69727 -0.0893927
1.69824 0.0706184
1.69922 -0.00391353
1.7002 0.108915
1.70117 0.111195
1.70215 -0.0283564
1.70312 -0.0547545
1.7041 0.00360975
1.70508 -0.0212278
1.70605 0.0217605
1.70703 0.0223928
1.70801 -0.0156807
1.70898 0.0338436
1.70996 -0.0482037
1.71094 -0.0690888
1.71191 0.0587924
1.71289 0.111111
1.71387 -0.0552463
1.71484 0.0736784
1.71582 0.037416
1.7168 0.15306
1.71777 -0.0609655
1.71875 -0.0162404
1.71973 0.0431486
1.7207 -0.0316454
1.72168 0.112015
1.72266 -0.0110733
1.72363 -0.0546948
1.72461 -0.0673129
1.72559 0.0468076
1.72656 0.0433667
1.72754 0.135054
1.72852 -0.0848241
1.72949 0.100235
1.73047 -0.0692957
1.73145 0.131009
1.73242 0.0279763
1.7334 -0.113991
1.73438 -0.0569155
1.73535 0.0446523
1.73633 -0.0460065
1.7373 0.0415028
1.73828 0.00358251
1.73926 -0.0499127
1.74023 0.0591836
1.74121 0.0512574
1.74219 -0.0210792
1.74316 -0.0646035
1.74414 -0.205473
1.74512 -0.053011
1.74609 0.0686041
1.74707 0.0304921
1.74805 0.0389045
1.74902 -0.0451994
1.75 0.0937054
1.75098 -0.0284338
1.75195 -0.0846994
1.75293 0.0647071
1.75391 0.184915
1.75488 -0.11964
1.75586 -0.0572917
1.75684 0.0872641
1.75781 0.00755714
1.75879 0.0278906
1.75977 -0.0763729
1.76074 -0.00487659
1.76172 0.161201
1.7627 0.0424663
1.76367 0.0525637
1.76465 0.129166
1.76562 -0.0114683
1.7666 0.0685824
1.76758 -0.14067
1.76855 -0.0200782
1.76953 -0.00157656
1.77051 0.0496285
1.77148 0.00590307
1.77246 -0.0341145
1.77344 0.0352268
1.77441 0.0104686
1.77539 0.0667512
1.77637 -0.00581682
1.77734 -0.00793389
1.77832 0.0040174
1.7793 -0.0456834
1.78027 0.0700526
1.78125 -0.0914939
1.78223 0.0496645
1.7832 0.0602022
1.78418 -0.00992823
1.78516 -0.0999403
1.78613 0.0745647
1.78711 -0.0749617
1.78809 -0.0207443
1.78906 -0.0423088
1.79004 -0.0816364
1.79102 -0.0499586
1.79199 -0.0125846
1.79297 -0.146612
1.79395 -0.156739
1.79492 0.0872564
1.7959 0.104368
1.79688 0.0908813
1.79785 0.144429
1.79883 -0.0317092
1.7998 -0.0447023
1.80078 0.0646323
1.80176 0.0660966
1.80273 0.178432
1.80371 -0.0185421
1.80469 0.0209365
1.80566 0.133847
1.80664 0.0465491
1.80762 0.123302
1.80859 0.0278446
1.80957 0.0266034
1.81055 0.0457466
1.81152 0.00660033
1.8125 0.174457
1.81348 -0.0603806
1.81445 0.1546
1.81543 0.0924588
1.81641 0.0327575
1.81738 0.102627
1.81836 0.096785
1.81934 -0.00194337
1.82031 0.107569
1.82129 0.0324754
1.82227 -0.0819385
1.82324 -0.00772838
1.82422 -0.0276684
1.8252 0.0269996
1.82617 0.166228
1.82715 0.0484528
1.82812 0.0457137
1.8291 0.10891
1.83008 0.0219487
1.83105 0.0741024
1.83203 0.0854935
1.83301 0.077928
1.83398 0.0125605
1.83496 -0.00396302
1.83594 0.081866
1.83691 0.0487465
1.83789 -0.14046
1.83887 -0.0607223
1.83984 0.0695644
1.84082 -0.0232994
1.8418 -0.073641
1.84277 0.248464
1.84375 0.131497
1.84473 -0.0292359
1.8457 -0.0498363
1.84668 0.00425543
1.84766 0.062982
1.84863 0.105697
1.84961 0.0769439
1.85059 -0.0267103
1.85156 0.0204653
1.85254 0.0443121
1.85352 -0.0591563
1.85449 0.0591589
1.85547 0.12008
1.85645 0.0352545
1.85742 -0.0468689
1.8584 0.0935333
1.85938 -0.110171
1.86035 0.0469241
1.86133 -0.00504952
1.8623 0.0228253
1.86328 0.0660943
1.86426 -0.00143941
1.86523 -0.063876
1.86621 0.0410508
1.86719 0.0851787
1.86816 -0.0257565
1.86914 -0.134256
1.87012 -0.0489798
1.87109 -0.0413799
1.87207 0.00137352
1.87305 -0.0943804
1.87402 -0.128036
1.875 0.0233861
1.87598 0.0630746
1.87695 -0.0163603
1.87793 0.00575943
1.87891 -0.0786052
1.87988 0.110077
1.88086 0.000320378
1.88184 -0.17589
1.88281 -0.132992
1.88379 0.0762783
1.88477 -0.0840882
1.88574 -0.0443605
1.88672 0.130144
1.8877 -0.103988
1.88867 -0.00775915
1.88965 0.02507
1.89062 0.0791489
1.8916 0.251538
1.89258 -0.0984253
1.89355 0.0144552
1.89453 0.00944305
1.89551 0.0238951
1.89648 -0.0672365
1.89746 0.0759591
1.89844 -0.0326046
1.89941 0.13231
1.90039 0.0423322
1.90137 -0.178021
1.90234 0.00244592
1.90332 0.040982
1.9043 0.0618144
1.90527 -0.0456126
1.90625 -0.0119983
1.90723 -0.0129228
1.9082 -0.0201537
1.90918 -0.00824139
1.91016 0.0935524
1.91113 0.00457777
1.91211 -0.0194515
1.91309 -0.0979805
1.91406 0.0706142
1.91504 0.0664316
1.91602 0.0708698
1.91699 -0.106623
1.91797 0.0395276
1.91895 -0.126631
1.91992 -0.104072
1.9209 -0.00475713
1.92188 0.00109599
1.92285 0.0245968
1.92383 -0.0532506
1.9248 0.0517647
1.92578 -0.0417511
1.92676 0.0952059
1.92773 0.0426776
1.92871 0.0794119
1.92969 0.0102159
1.93066 -0.0931554
1.93164 -0.0647087
1.93262 0.0103278
1.93359 -0.045314
1.93457 0.0548914
1.93555 0.00639985
1.93652 0.0788058
1.9375 0.0351079
1.93848 -0.00719671
1.93945 0.0602703
1.94043 0.0657715
1.94141 0.0387778
1.94238 0.00509779
1.94336 -0.00743774
1.94434 -0.0478092
1.94531 0.0635523
1.94629 0.000666759
1.94727 -0.016485
1.94824 -0.0640098
1.94922 0.00744691
1.9502 -0.00469046
1.95117 -0.00223351
1.95215 -0.0206069
1.95312 0.0672291
1.9541 -0.0153031
1.95508 0.0189803
1.95605 -0.119497
1.95703 -0.00100372
1.95801 -0.0578407
1.95898 0.0394436
1.95996 0.0553301
1.96094 -0.130207
1.96191 -0.0799022
1.96289 -0.0193819
1.96387 -0.0069659
1.96484 0.118576
1.96582 0.078744
1.9668 -0.0170502
1.96777 0.026013
1.96875 -0.00808997
1.96973 0.00784267
1.9707 0.00578647
1.97168 0.131836
1.97266 -0.136605
1.97363 -0.242132
1.97461 -0.00348836
1.97559 0.0239121
1.97656 -0.0413269
1.97754 0.0427834
1.97852 -0.0515795
1.97949 -0.00212711
1.98047 -0.03663
1.98145 -0.0434227
1.98242 -0.0203365
1.9834 -0.0429046
1.98438 0.106638
1.98535 -0.0142028
1.98633 -0.0260088
1.9873 0.138642
1.98828 0.105904
1.98926 -0.0379057
1.99023 -0.0307144
1.99121 0.028373
1.99219 -0.0148406
1.99316 0.0875138
1.99414 0.0317247
1.99512 -0.105041
1.99609 -0.0173861
1.99707 -0.105686
1.99805 -0.0105411
1.99902 0.0636695
