0 0.00872655
0.000976562 -0.0115017
0.00195312 -0.0440181
0.00292969 -0.000418766
0.00390625 0.0334427
0.00488281 -0.0149045
0.00585938 -0.0311919
0.00683594 0.0732009
0.0078125 0.000901092
0.00878906 -0.0324902
0.00976562 0.0271586
0.0107422 0.057783
0.0117188 0.0284473
0.0126953 0.0642709
0.0136719 0.05099
0.0146484 -0.00332336
0.015625 -0.0156818
0.0166016 0.0206787
0.0175781 -0.0659636
0.0185547 0.0283828
0.0195312 -0.0037058
0.0205078 0.055755
0.0214844 -0.0389263
0.0224609 0.038733
0.0234375 0.0753338
0.0244141 0.0719048
0.0253906 0.0419938
0.0263672 -0.0282918
0.0273438 -0.00592265
0.0283203 0.0404234
0.0292969 0.0674025
0.0302734 0.0655861
0.03125 -0.020628
0.0322266 -0.0314577
0.0332031 -0.0219781
0.0341797 0.00792552
0.0351562 -0.0415635
0.0361328 -0.0393243
0.0371094 0.0629104
0.0380859 0.0162015
0.0390625 0.0571025
0.0400391 -0.0470086
0.0410156 0.0542147
0.0419922 -0.0260233
0.0429688 0.0569698
0.0439453 0.0162519
0.0449219 0.0708019
0.0458984 -0.0927216
0.046875 -0.0931843
0.0478516 -0.0440979
0.0488281 0.0511428
0.0498047 -0.0533806
0.0507812 -0.0496731
0.0517578 0.0589111
0.0527344 0.0123678
0.0537109 -0.109357
0.0546875 -0.00278763
0.0556641 0.0805261
0.0566406 -0.0500574
0.0576172 -0.0411501
0.0585938 -0.0234422
0.0595703 0.0258488
0.0605469 0.0945829
0.0615234 0.000904778
0.0625 0.0361543
0.0634766 -0.0147754
0.0644531 0.0279505
0.0654297 -0.0601742
0.0664062 0.0380298
0.0673828 0.0209001
0.0683594 -0.0277587
0.0693359 -0.0741901
0.0703125 -0.00632134
0.0712891 0.0338842
0.0722656 0.0502032
0.0732422 -0.00754907
0.0742188 0.0890579
0.0751953 0.00482838
0.0761719 -0.0676462
0.0771484 0.0574363
0.078125 -0.0407099
0.0791016 -0.0194635
0.0800781 -0.0204062
0.0810547 -0.0148645
0.0820312 0.0293089
0.0830078 0.0887336
0.0839844 -0.0319557
0.0849609 0.0558696
0.0859375 0.0075121
0.0869141 -0.015458
0.0878906 0.0432862
0.0888672 0.00216023
0.0898438 0.0211427
0.0908203 -0.0265859
0.0917969 0.0465523
0.0927734 -0.0359224
0.09375 -0.0105993
0.0947266 -0.00252942
0.0957031 0.0667825
0.0966797 0.0713267
0.0976562 -0.00288155
0.0986328 -0.045203
0.0996094 0.0420755
0.100586 -0.0189849
0.101562 -0.0428898
0.102539 0.0541466
0.103516 0.0416938
0.104492 -0.103492
0.105469 -0.0078629
0.106445 0.00354239
0.107422 -0.00334785
0.108398 0.00993159
0.109375 -0.004871
0.110352 -0.00730379
0.111328 -0.0382006
0.112305 0.030125
0.113281 -0.0763398
0.114258 -0.0541873
0.115234 0.0348646
0.116211 0.00223794
0.117188 -0.0335269
0.118164 -0.00621369
0.119141 0.0419686
0.120117 -0.0292754
0.121094 -0.0445375
0.12207 0.0512846
0.123047 -0.0175666
0.124023 -0.0295536
0.125 0.0148786
0.125977 -0.0173718
0.126953 -0.0117141
0.12793 0.0266053
0.128906 0.0121454
0.129883 -0.0311605
0.130859 -0.0301204
0.131836 0.0208694
0.132812 -0.0205427
0.133789 -0.0191174
0.134766 0.00771094
0.135742 0.0630022
0.136719 -0.0131593
0.137695 -0.0208221
0.138672 0.00814711
0.139648 0.0713598
0.140625 0.00787326
0.141602 0.121904
0.142578 -0.0121101
0.143555 -0.0145708
0.144531 0.000705616
0.145508 0.032282
0.146484 -0.0158328
0.147461 0.0265017
0.148438 -0.0106707
0.149414 0.00406489
0.150391 -0.0223405
0.151367 -0.0369328
0.152344 0.0075871
0.15332 0.0221765
0.154297 0.031533
0.155273 -0.00556117
0.15625 0.0232651
0.157227 -0.0453113
0.158203 0.0800114
0.15918 0.0270436
0.160156 -0.0589683
0.161133 0.00367678
0.162109 0.0216771
0.163086 0.102985
0.164062 -0.0476731
0.165039 0.00895581
0.166016 0.0152755
0.166992 -0.0209898
0.167969 -0.00486325
0.168945 -0.068511
0.169922 -0.017009
0.170898 0.0102579
0.171875 0.0272305
0.172852 0.0126352
0.173828 0.00606559
0.174805 -0.0117743
0.175781 0.0071842
0.176758 -0.0379393
0.177734 0.0564354
0.178711 0.0380338
0.179688 -0.0243492
0.180664 0.0182609
0.181641 -0.0306312
0.182617 -0.00173582
0.183594 0.0294543
0.18457 -0.0247871
0.185547 0.00132834
0.186523 0.013578
0.1875 -0.0130699
0.188477 -0.013856
0.189453 0.0150425
0.19043 0.00258996
0.191406 0.0368085
0.192383 0.00466474
0.193359 -0.109101
0.194336 0.0237802
0.195312 0.0182663
0.196289 0.0546316
0.197266 -0.00738506
0.198242 0.0490671
0.199219 0.0457716
0.200195 -0.0262221
0.201172 0.00904918
0.202148 0.0396533
0.203125 0.0553478
0.204102 0.0171789
0.205078 -0.000984236
0.206055 -0.0263509
0.207031 -0.00801044
0.208008 -0.0153325
0.208984 0.0221611
0.209961 0.0183635
0.210938 0.0345102
0.211914 -0.0713659
0.212891 -0.0123262
0.213867 -0.00208767
0.214844 0.00067644
0.21582 0.0211732
0.216797 0.0411705
0.217773 -0.0204585
0.21875 0.00433133
0.219727 0.0445245
0.220703 -0.00633069
0.22168 -0.0202298
0.222656 0.071064
0.223633 -0.0349582
0.224609 -0.066918
0.225586 -0.00227679
0.226562 -0.0372509
0.227539 0.0183444
0.228516 0.0316754
0.229492 0.0189658
0.230469 0.0065255
0.231445 -0.0439022
0.232422 -0.0105631
0.233398 0.0596807
0.234375 0.0296879
0.235352 0.038191
0.236328 0.0499892
0.237305 -0.0382173
0.238281 0.021978
0.239258 -0.0341625
0.240234 0.0943157
0.241211 0.0110518
0.242188 0.0170398
0.243164 0.0217018
0.244141 0.0143575
0.245117 0.0741531
0.246094 -0.0279112
0.24707 0.0337492
0.248047 -0.0321022
0.249023 0.00867418
0.25 -0.0195269
0.250977 0.00715021
0.251953 -0.032879
0.25293 -0.0754279
0.253906 0.0041614
0.254883 -0.00705056
0.255859 -0.0349391
0.256836 -0.0176172
0.257812 0.0442659
0.258789 0.0819791
0.259766 0.00632112
0.260742 0.068991
0.261719 0.0720963
0.262695 -0.0802679
0.263672 -0.00316574
0.264648 0.0327482
0.265625 0.0232524
0.266602 -0.0756716
0.267578 0.0738019
0.268555 -0.0285473
0.269531 -0.0112936
0.270508 -0.0192818
0.271484 0.0180739
0.272461 0.000800344
0.273438 0.00144677
0.274414 0.00878794
0.275391 0.033398
0.276367 -0.0182308
0.277344 0.0218323
0.27832 0.0126087
0.279297 -0.0070873
0.280273 -0.0302809
0.28125 0.0672496
0.282227 0.0567037
0.283203 -0.0435629
0.28418 0.0579063
0.285156 0.04116
0.286133 0.087419
0.287109 0.0342465
0.288086 0.0521009
0.289062 -0.012135
0.290039 0.00360386
0.291016 -0.0367768
0.291992 -0.0358316
0.292969 0.0176159
0.293945 0.00127884
0.294922 -0.0806903
0.295898 -0.00921453
0.296875 -0.0207143
0.297852 -0.0137833
0.298828 -0.093946
0.299805 0.0385964
0.300781 -0.00854569
0.301758 0.0132498
0.302734 0.0265153
0.303711 -0.0406342
0.304688 0.0201301
0.305664 0.00514088
0.306641 -0.0311583
0.307617 -0.0030376
0.308594 0.0207443
0.30957 -0.0751434
0.310547 0.070835
0.311523 0.0809569
0.3125 0.025291
0.313477 -0.0512027
0.314453 -0.00700217
0.31543 0.00289005
0.316406 0.0542761
0.317383 -0.0456309
0.318359 -0.00300093
0.319336 0.0692806
0.320312 -0.0153633
0.321289 -0.0353227
0.322266 0.0681346
0.323242 0.0520184
0.324219 -0.00566757
0.325195 -0.0088672
0.326172 -0.0133627
0.327148 -0.0312937
0.328125 0.00253482
0.329102 0.0230283
0.330078 0.0678081
0.331055 0.0205727
0.332031 0.0423469
0.333008 -0.0910351
0.333984 -0.0331838
0.334961 0.0236602
0.335938 0.0165597
0.336914 0.0607332
0.337891 -0.0163937
0.338867 -0.0517152
0.339844 0.011611
0.34082 -0.00311004
0.341797 0.0478359
0.342773 0.0269193
0.34375 0.0457107
0.344727 0.00202214
0.345703 0.0667013
0.34668 -0.0394662
0.347656 0.0200653
0.348633 -0.0355372
0.349609 -0.00992044
0.350586 0.0697539
0.351562 0.0105291
0.352539 -0.0306324
0.353516 0.013917
0.354492 0.021481
0.355469 0.0430008
0.356445 0.0225407
0.357422 -0.00205196
0.358398 0.0681453
0.359375 0.031263
0.360352 -0.0303452
0.361328 0.0104041
0.362305 0.0371805
0.363281 0.0102392
0.364258 0.0655469
0.365234 0.0491177
0.366211 0.0268076
0.367188 0.0466667
0.368164 0.0229028
0.369141 0.0706182
0.370117 0.0316329
0.371094 0.0265683
0.37207 0.00343264
0.373047 -0.0107346
0.374023 0.0707845
0.375 -0.0380829
0.375977 -0.000241529
0.376953 -0.0751199
0.37793 -0.0264628
0.378906 0.00535473
0.379883 -0.00899882
0.380859 0.0482853
0.381836 -0.0900017
0.382812 0.0603215
0.383789 -0.0582132
0.384766 0.0234674
0.385742 0.0519971
0.386719 0.000902056
0.387695 -0.0137584
0.388672 -0.00649005
0.389648 -0.010988
0.390625 -0.0598236
0.391602 -0.048639
0.392578 0.0280266
0.393555 0.101072
0.394531 0.0174029
0.395508 0.0726968
0.396484 0.0570482
0.397461 0.00107049
0.398438 0.0021806
0.399414 0.0209205
0.400391 0.0115985
0.401367 -0.0568174
0.402344 0.0128368
0.40332 0.0366633
0.404297 -0.0115066
0.405273 0.0121623
0.40625 0.027774
0.407227 0.035096
0.408203 0.045622
0.40918 -0.0051234
0.410156 0.0548459
0.411133 -0.0113915
0.412109 0.000680892
0.413086 -0.000195748
0.414062 -0.0104018
0.415039 -0.0124464
0.416016 0.0275881
0.416992 -0.0608049
0.417969 -0.0218372
0.418945 -0.00822138
0.419922 -0.00671074
0.420898 0.0492216
0.421875 -0.00224558
0.422852 0.00807541
0.423828 -0.0410322
0.424805 0.0381186
0.425781 0.0631003
0.426758 0.0646557
0.427734 0.0245836
0.428711 -0.0118598
0.429688 0.0657367
0.430664 0.059828
0.431641 0.0189837
0.432617 -0.0757522
0.433594 0.0471052
0.43457 0.00363113
0.435547 0.000640794
0.436523 -0.0286376
0.4375 -0.00157106
0.438477 -0.0218939
0.439453 0.0238955
0.44043 -0.0278905
0.441406 -0.0200024
0.442383 -0.0102136
0.443359 -0.0121245
0.444336 0.0249796
0.445312 0.0526123
0.446289 -0.0211643
0.447266 -0.0505764
0.448242 -0.00226573
0.449219 0.0166645
0.450195 -0.0298492
0.451172 -0.013071
0.452148 -0.0225071
0.453125 -0.00179493
0.454102 -0.011537
0.455078 0.0714757
0.456055 0.00113263
0.457031 0.0355941
0.458008 0.0148349
0.458984 -0.0153887
0.459961 -0.0197473
0.460938 -0.0357886
0.461914 -0.0259979
0.462891 -0.0330683
0.463867 0.0181277
0.464844 -0.0147901
0.46582 0.00888551
0.466797 0.0207392
0.467773 -0.0103289
0.46875 -0.0428093
0.469727 0.0569143
0.470703 0.0102593
0.47168 -0.0158566
0.472656 0.0334984
0.473633 0.0232948
0.474609 -0.0729035
0.475586 0.0185693
0.476562 0.0138639
0.477539 0.0168709
0.478516 -0.0714634
0.479492 0.00514751
0.480469 0.0313147
0.481445 -0.0145649
0.482422 -0.0324595
0.483398 0.034455
0.484375 0.0278511
0.485352 0.00579276
0.486328 0.0303296
0.487305 0.0281807
0.488281 0.0246164
0.489258 -0.0100209
0.490234 -0.0223864
0.491211 0.0261643
0.492188 -0.015527
0.493164 -0.0176923
0.494141 0.0132926
0.495117 -0.0451341
0.496094 0.0323365
0.49707 -0.045988
0.498047 -0.0132223
0.499023 0.0152708
0.5 0.0724974
0.500977 0.0581365
0.501953 -0.000228424
0.50293 -0.0424386
0.503906 0.0311636
0.504883 0.0478078
0.505859 0.0159138
0.506836 0.0651094
0.507812 -0.00683245
0.508789 0.0268355
0.509766 0.0162649
0.510742 0.0247333
0.511719 -0.0676613
0.512695 -0.0400297
0.513672 -0.0366369
0.514648 -0.0478091
0.515625 -0.0111517
0.516602 0.0405979
0.517578 -0.0509099
0.518555 -0.0352028
0.519531 -0.0362037
0.520508 0.0336056
0.521484 0.045196
0.522461 -0.0314594
0.523438 0.0290982
0.524414 -0.013012
0.525391 0.00597776
0.526367 0.0379061
0.527344 0.0444293
0.52832 0.0656118
0.529297 0.0502543
0.530273 0.0590456
0.53125 0.00571327
0.532227 -0.0025222
0.533203 0.00606363
0.53418 -0.0424455
0.535156 -0.0156229
0.536133 0.00512032
0.537109 0.0320689
0.538086 0.0923189
0.539062 0.00319873
0.540039 0.0525165
0.541016 0.0535219
0.541992 0.00972905
0.542969 -0.0050812
0.543945 0.0501786
0.544922 -0.0222397
0.545898 -0.0553692
0.546875 0.0506128
0.547852 -0.0444712
0.548828 0.0158639
0.549805 0.0232419
0.550781 -0.0264206
0.551758 0.0492104
0.552734 0.0559248
0.553711 -0.018782
0.554688 -0.0226135
0.555664 0.0165026
0.556641 -0.0220906
0.557617 0.0489823
0.558594 0.0207225
0.55957 -0.025094
0.560547 0.00882832
0.561523 -0.00769974
0.5625 0.0133926
0.563477 0.0379416
0.564453 0.0207892
0.56543 0.0216773
0.566406 -0.0322512
0.567383 -0.0533362
0.568359 0.0103628
0.569336 -0.0618366
0.570312 -0.0610418
0.571289 0.0752403
0.572266 0.0316646
0.573242 0.0459674
0.574219 0.0805463
0.575195 -0.0613437
0.576172 0.0289591
0.577148 -0.0195607
0.578125 0.021261
0.579102 -0.0113139
0.580078 0.00682125
0.581055 0.0574431
0.582031 0.0112702
0.583008 -0.0675975
0.583984 -0.000421827
0.584961 0.0317527
0.585938 0.0126201
0.586914 0.104268
0.587891 -0.0149714
0.588867 -0.0455736
0.589844 0.0107913
0.59082 -0.0210669
0.591797 -0.0431539
0.592773 0.069578
0.59375 0.0134729
0.594727 0.0293598
0.595703 0.0140602
0.59668 0.0171197
0.597656 0.00544705
0.598633 0.012516
0.599609 -0.0417948
0.600586 0.0434038
0.601562 -0.00739005
0.602539 -0.018817
0.603516 0.034017
0.604492 0.0710288
0.605469 -0.0248977
0.606445 -0.00947011
0.607422 0.0118698
0.608398 0.0624735
0.609375 -0.0449577
0.610352 0.0117853
0.611328 -0.0698379
0.612305 0.0510251
0.613281 -0.0090904
0.614258 0.0638441
0.615234 -0.0274146
0.616211 0.0543231
0.617188 0.0268883
0.618164 0.016795
0.619141 -0.0196459
0.620117 -0.0327006
0.621094 -0.0201461
0.62207 0.0636531
0.623047 0.046727
0.624023 0.0101329
0.625 0.0103058
0.625977 -0.0745581
0.626953 -0.053919
0.62793 -0.0181647
0.628906 -0.0126378
0.629883 -0.00289036
0.630859 0.0545027
0.631836 0.00945045
0.632812 0.0682808
0.633789 0.0800288
0.634766 0.00567166
0.635742 0.0461566
0.636719 0.0142138
0.637695 0.0366789
0.638672 -0.131973
0.639648 0.00700508
0.640625 -0.0299316
0.641602 0.0425405
0.642578 0.0677274
0.643555 0.0559996
0.644531 0.00624124
0.645508 0.0511982
0.646484 -0.0515406
0.647461 -0.0289656
0.648438 0.0119974
0.649414 -0.00860685
0.650391 -0.0610077
0.651367 -0.0377405
0.652344 0.0715569
0.65332 -0.110159
0.654297 0.0152757
0.655273 -0.0544286
0.65625 0.0111976
0.657227 0.0461513
0.658203 -0.0543932
0.65918 -0.00374223
0.660156 -0.0732748
0.661133 0.0756576
0.662109 0.0548368
0.663086 0.0266461
0.664062 -0.0270013
0.665039 0.0387104
0.666016 0.0954634
0.666992 -0.0198672
0.667969 0.0213129
0.668945 -0.00501595
0.669922 0.024801
0.670898 -0.00123212
0.671875 0.00585336
0.672852 -0.0383098
0.673828 0.0424799
0.674805 0.0741783
0.675781 0.0322646
0.676758 -0.0381796
0.677734 0.00849925
0.678711 -0.0294953
0.679688 0.0247448
0.680664 0.0403003
0.681641 -0.0680764
0.682617 0.047326
0.683594 0.00784218
0.68457 -0.00218257
0.685547 0.048496
0.686523 -0.0232883
0.6875 -0.0229842
0.688477 0.0608928
0.689453 0.0350621
0.69043 0.0718813
0.691406 -0.0628493
0.692383 0.0528298
0.693359 -0.00145154
0.694336 -0.0151228
0.695312 0.073663
0.696289 -0.0336801
0.697266 0.0550693
0.698242 0.0377278
0.699219 -0.0659339
0.700195 -0.0545625
0.701172 0.0200911
0.702148 0.0459952
0.703125 -0.0471116
0.704102 0.0756632
0.705078 0.0258585
0.706055 0.00763779
0.707031 0.00602532
0.708008 0.0939791
0.708984 0.026961
0.709961 0.0133522
0.710938 0.0787713
0.711914 -0.0345506
0.712891 0.0580205
0.713867 -0.0290417
0.714844 -0.00589375
0.71582 -0.00572705
0.716797 0.018512
0.717773 0.0185811
0.71875 0.0657043
0.719727 -0.00913925
0.720703 -0.0341588
0.72168 -0.0158882
0.722656 -0.000249618
0.723633 -0.0836438
0.724609 0.00312072
0.725586 0.0163094
0.726562 -0.0154708
0.727539 -0.00899244
0.728516 0.0377992
0.729492 -0.0512371
0.730469 -0.0873058
0.731445 -0.0342265
0.732422 0.0115704
0.733398 0.0155114
0.734375 0.0293605
0.735352 -0.00519961
0.736328 0.0371765
0.737305 0.016238
0.738281 0.0253722
0.739258 0.0475595
0.740234 -0.0243869
0.741211 -0.0564875
0.742188 0.0934677
0.743164 -0.0275016
0.744141 0.0194875
0.745117 -0.00859755
0.746094 -0.0648383
0.74707 -0.0350859
0.748047 -0.0342886
0.749023 -0.0128119
0.75 -0.0170976
0.750977 0.0642664
0.751953 -0.0170358
0.75293 0.035279
0.753906 0.0640144
0.754883 0.025341
0.755859 0.00856406
0.756836 -0.0182636
0.757812 0.03729
0.758789 -0.00119388
0.759766 0.0119233
0.760742 -0.0100414
0.761719 0.0126831
0.762695 -0.0319093
0.763672 -0.0251958
0.764648 0.0976025
0.765625 0.0298074
0.766602 -0.0633092
0.767578 0.00106187
0.768555 0.00394537
0.769531 -0.0332522
0.770508 0.00493238
0.771484 0.00147971
0.772461 -0.147604
0.773438 -0.0230857
0.774414 -0.00434937
0.775391 0.050472
0.776367 -0.030934
0.777344 -3.05774e-05
0.77832 -0.00563396
0.779297 -0.0244883
0.780273 -0.00390521
0.78125 0.019612
0.782227 -0.0522273
0.783203 0.0361977
0.78418 -0.0123035
0.785156 0.00369201
0.786133 0.0234691
0.787109 -0.0521647
0.788086 -0.0524892
0.789062 -0.0082784
0.790039 -0.0055229
0.791016 0.000501667
0.791992 0.00839518
0.792969 -0.0114705
0.793945 0.00118758
0.794922 0.0445195
0.795898 0.0398508
0.796875 -0.0210487
0.797852 0.00969477
0.798828 0.0379474
0.799805 -0.0350979
0.800781 0.00845909
0.801758 -0.0644255
0.802734 0.00697657
0.803711 0.00221727
0.804688 -0.0154791
0.805664 -0.0252628
0.806641 0.0563833
0.807617 0.0365708
0.808594 0.0138184
0.80957 -0.0100056
0.810547 -0.019162
0.811523 -0.0125234
0.8125 -0.063247
0.813477 -0.0488533
0.814453 0.0627233
0.81543 0.0358555
0.816406 0.0504176
0.817383 0.0517669
0.818359 0.0463194
0.819336 -0.0159304
0.820312 0.0597362
0.821289 -0.0161318
0.822266 0.00296517
0.823242 -0.00259445
0.824219 -0.00597944
0.825195 0.000551021
0.826172 0.0575769
0.827148 0.0378205
0.828125 -0.0415485
0.829102 0.0152452
0.830078 -0.00776891
0.831055 0.0226973
0.832031 0.0184791
0.833008 0.0952954
0.833984 0.0580945
0.834961 -0.0152136
0.835938 -0.0533491
0.836914 0.0143815
0.837891 0.0307367
0.838867 -0.0205625
0.839844 0.0410151
0.84082 0.0112489
0.841797 -0.0334162
0.842773 -0.0877657
0.84375 0.0277796
0.844727 0.0288398
0.845703 -0.00453689
0.84668 0.00568577
0.847656 -0.0256075
0.848633 0.00373376
0.849609 0.000636341
0.850586 0.0416855
0.851562 -0.00459065
0.852539 0.0101346
0.853516 0.0329773
0.854492 0.0606027
0.855469 0.0691417
0.856445 0.0131858
0.857422 0.0810325
0.858398 -0.0321993
0.859375 0.025557
0.860352 -0.0279633
0.861328 -0.0024162
0.862305 0.0422173
0.863281 -0.030006
0.864258 -0.00107041
0.865234 0.0233676
0.866211 0.0181428
0.867188 0.0123466
0.868164 0.0401633
0.869141 0.0365687
0.870117 -0.0139009
0.871094 -0.0225683
0.87207 -0.0440249
0.873047 -0.0872022
0.874023 0.0472926
0.875 0.000403735
0.875977 0.0135628
0.876953 0.0444588
0.87793 0.0107303
0.878906 -0.11922
0.879883 0.0101191
0.880859 -0.000366961
0.881836 0.0100035
0.882812 -0.0184023
0.883789 0.0268083
0.884766 -0.000242934
0.885742 -0.0187845
0.886719 0.045991
0.887695 -0.0283942
0.888672 -0.0357631
0.889648 -0.0381272
0.890625 -0.00353232
0.891602 -0.116542
0.892578 -0.0237147
0.893555 -0.00825291
0.894531 0.0346738
0.895508 -0.0417327
0.896484 0.0120515
0.897461 0.0250858
0.898438 -0.0439731
0.899414 0.0946619
0.900391 0.0196179
0.901367 -0.0250946
0.902344 -0.00900767
0.90332 0.0334348
0.904297 0.0167491
0.905273 -0.0381678
0.90625 0.0413387
0.907227 0.0130905
0.908203 -0.0519386
0.90918 0.0384216
0.910156 -0.0193945
0.911133 0.0256913
0.912109 -0.0331031
0.913086 0.0422551
0.914062 -0.0244204
0.915039 0.0430096
0.916016 -0.0590047
0.916992 0.00657267
0.917969 0.0346904
0.918945 0.107758
0.919922 -0.00317847
0.920898 0.0666693
0.921875 0.0374693
0.922852 -0.0188309
0.923828 0.0417957
0.924805 -0.0223018
0.925781 -0.017229
0.926758 0.0258652
0.927734 0.0114699
0.928711 0.0100402
0.929688 0.00457322
0.930664 0.061081
0.931641 -0.0259545
0.932617 -0.00178268
0.933594 0.0229119
0.93457 0.0647425
0.935547 -0.0407226
0.936523 -0.0129994
0.9375 0.0187226
0.938477 0.0184074
0.939453 0.0152733
0.94043 0.0161235
0.941406 0.046676
0.942383 -0.0842403
0.943359 0.0163199
0.944336 0.0613062
0.945312 -0.0309298
0.946289 -0.0107323
0.947266 -0.028065
0.948242 0.0123029
0.949219 -0.0781792
0.950195 0.0233016
0.951172 -0.0320123
0.952148 -0.000931876
0.953125 -0.0232289
0.954102 -0.0696481
0.955078 -0.00636049
0.956055 0.0295912
0.957031 -0.0569826
0.958008 0.0184721
0.958984 0.0383044
0.959961 0.0413391
0.960938 0.051835
0.961914 0.0222123
0.962891 0.0133347
0.963867 0.00887733
0.964844 -0.0443636
0.96582 -0.0357958
0.966797 0.0123158
0.967773 0.0500546
0.96875 -0.0625642
0.969727 0.00188983
0.970703 -0.0470201
0.97168 0.00659121
0.972656 0.00811837
0.973633 0.0514333
0.974609 -0.0591105
0.975586 -0.00420839
0.976562 0.00851107
0.977539 0.0754016
0.978516 0.00755993
0.979492 0.0433454
0.980469 -0.00244521
0.981445 -0.0220468
0.982422 0.0211856
0.983398 -0.0399063
0.984375 0.0353747
0.985352 0.0377553
0.986328 -0.0286209
0.987305 -0.0132197
0.988281 -0.00877013
0.989258 -0.0112765
0.990234 -0.0301677
0.991211 -0.0131218
0.992188 -0.014472
0.993164 -0.03815
0.994141 0.0457382
0.995117 -0.0273446
0.996094 0.0443489
0.99707 0.00283608
0.998047 0.0425015
0.999023 0.0418577
1 -0.00353925
1.00098 -0.0285843
1.00195 -0.00547923
1.00293 0.081461
1.00391 0.00867446
1.00488 0.00267001
1.00586 -0.0141399
1.00684 0.0397368
1.00781 0.0291528
1.00879 0.0578872
1.00977 0.00254637
1.01074 -0.0610928
1.01172 -0.0489131
1.0127 0.0938385
1.01367 0.0497118
1.01465 0.0143771
1.01562 -0.0189425
1.0166 -0.00160676
1.01758 0.00607847
1.01855 0.00626606
1.01953 -0.0748992
1.02051 0.0577254
1.02148 0.00858635
1.02246 0.00746634
1.02344 -0.00832522
1.02441 0.0239852
1.02539 -0.026545
1.02637 0.0189196
1.02734 0.00747586
1.02832 0.0339501
1.0293 -0.000560093
1.03027 -0.0456126
1.03125 0.0461788
1.03223 0.0365354
1.0332 0.0746443
1.03418 -0.107262
1.03516 0.0165143
1.03613 0.0245542
1.03711 0.00208796
1.03809 -0.00358252
1.03906 -0.0256568
1.04004 0.0167136
1.04102 0.00783714
1.04199 0.0236227
1.04297 -0.0141329
1.04395 -0.101314
1.04492 -0.0649156
1.0459 0.00811742
1.04688 0.0123614
1.04785 -0.0606749
1.04883 -0.02919
1.0498 -0.0255311
1.05078 -0.0366887
1.05176 0.00588938
1.05273 0.0312964
1.05371 0.0150276
1.05469 -0.0655603
1.05566 -0.0141575
1.05664 0.0276902
1.05762 0.00854496
1.05859 -0.00775021
1.05957 -0.019897
1.06055 0.0232984
1.06152 -0.01816
1.0625 0.0372441
1.06348 0.021776
1.06445 -0.0135069
1.06543 0.0147794
1.06641 -0.0103951
1.06738 -0.0641544
1.06836 -0.0461936
1.06934 0.0854098
1.07031 0.00449421
1.07129 0.0892573
1.07227 0.035571
1.07324 0.0869955
1.07422 0.0213201
1.0752 0.0403765
1.07617 -0.0512666
1.07715 0.0809042
1.07812 0.0161098
1.0791 -0.00950075
1.08008 0.170054
1.08105 0.243991
1.08203 0.198157
1.08301 0.11166
1.08398 0.0962929
1.08496 0.0538457
1.08594 0.0322923
1.08691 -0.0438965
1.08789 0.069233
1.08887 0.0864763
1.08984 0.0271353
1.09082 0.00243263
1.0918 0.0137803
1.09277 0.0484038
1.09375 0.00106402
1.09473 -0.0824972
1.0957 0.0469077
1.09668 -0.0253301
1.09766 0.0398111
1.09863 0.0135321
1.09961 -0.107674
1.10059 -0.0533235
1.10156 0.0428625
1.10254 -0.0151949
1.10352 0.0401493
1.10449 0.0163433
1.10547 0.0499433
1.10645 -0.0364038
1.10742 0.0707067
1.1084 -0.0427847
1.10938 -0.0703689
1.11035 0.0657603
1.11133 -0.0265329
1.1123 -0.0733387
1.11328 0.0195818
1.11426 0.0142157
1.11523 0.0108381
1.11621 -0.0114186
1.11719 -0.0325263
1.11816 0.0885795
1.11914 0.0493632
1.12012 0.0385069
1.12109 0.0813691
1.12207 0.0372444
1.12305 -0.00205263
1.12402 0.0360819
1.125 -0.0115412
1.12598 -0.0185797
1.12695 -0.0191685
1.12793 -0.0217354
1.12891 0.00678064
1.12988 0.00279918
1.13086 0.0435446
1.13184 0.0169832
1.13281 -0.0341043
1.13379 0.0122199
1.13477 0.0195268
1.13574 -0.0172236
1.13672 -0.0342158
1.1377 0.0716942
1.13867 -0.00555215
1.13965 0.0420259
1.14062 0.0380435
1.1416 -0.0166347
1.14258 -0.0185827
1.14355 0.0378476
1.14453 0.0827778
1.14551 0.0221248
1.14648 0.0417503
1.14746 0.0714276
1.14844 -0.0250867
1.14941 0.0112642
1.15039 -0.0211618
1.15137 0.027475
1.15234 0.0125715
1.15332 0.0180432
1.1543 -0.0413001
1.15527 0.0690482
1.15625 0.0195669
1.15723 -0.00416184
1.1582 -0.0431199
1.15918 -0.0230404
1.16016 -0.034834
1.16113 -0.00306513
1.16211 0.0829307
1.16309 0.0283355
1.16406 0.0107389
1.16504 -0.0607058
1.16602 -0.00129725
1.16699 0.000740439
1.16797 0.046281
1.16895 0.0708198
1.16992 0.0389868
1.1709 0.00138739
1.17188 0.0602437
1.17285 0.0192476
1.17383 -0.0099126
1.1748 -0.00122649
1.17578 0.06382
1.17676 0.00268589
1.17773 0.0126546
1.17871 0.0941202
1.17969 0.00893581
1.18066 -0.0608531
1.18164 0.00441641
1.18262 0.088402
1.18359 0.00695372
1.18457 -0.0117136
1.18555 0.0549608
1.18652 -0.0272893
1.1875 0.00735941
1.18848 0.0109914
1.18945 -0.00293427
1.19043 -0.0834998
1.19141 -0.00503663
1.19238 0.0114401
1.19336 0.0116158
1.19434 -0.0503462
1.19531 0.0504282
1.19629 -0.0172659
1.19727 -0.0268735
1.19824 -0.0193176
1.19922 0.0837765
1.2002 0.0252807
1.20117 -0.00903529
1.20215 -0.004087
1.20312 -0.0330451
1.2041 0.0171692
1.20508 0.0299763
1.20605 0.0426044
1.20703 0.000214445
1.20801 0.0148291
1.20898 0.0150208
1.20996 0.0194387
1.21094 0.0235277
1.21191 -0.0285726
1.21289 -0.046148
1.21387 -0.0199479
1.21484 0.0602812
1.21582 0.0599944
1.2168 0.0585538
1.21777 0.0349802
1.21875 0.0376709
1.21973 0.0291157
1.2207 -0.0150704
1.22168 0.0496947
1.22266 0.0353258
1.22363 -0.0318047
1.22461 0.0587224
1.22559 0.0159644
1.22656 -0.0857661
1.22754 -0.0842733
1.22852 0.025325
1.22949 -0.0157742
1.23047 0.0360169
1.23145 -0.0838773
1.23242 0.0338814
1.2334 0.0457226
1.23438 -0.0601669
1.23535 0.0180567
1.23633 0.0338247
1.2373 0.00319937
1.23828 -0.0142899
1.23926 0.00992319
1.24023 0.0513777
1.24121 -0.0188299
1.24219 -0.0204162
1.24316 0.0503035
1.24414 0.0233721
1.24512 -0.0123661
1.24609 -0.0172215
1.24707 0.112493
1.24805 0.0896931
1.24902 0.0283797
1.25 0.0334283
1.25098 -0.0428218
1.25195 0.00481036
1.25293 -0.0147583
1.25391 -0.0568236
1.25488 -0.0758122
1.25586 0.0775805
1.25684 0.00525403
1.25781 -0.0217107
1.25879 -0.0215733
1.25977 0.0443046
1.26074 -0.010608
1.26172 -0.0789763
1.2627 0.0106319
1.26367 -0.0149414
1.26465 0.0138613
1.26562 0.0152615
1.2666 -0.066843
1.26758 0.00557784
1.26855 0.0711419
1.26953 0.0846839
1.27051 -0.0305121
1.27148 -0.00944698
1.27246 0.0560764
1.27344 0.0783394
1.27441 -0.0399468
1.27539 0.105076
1.27637 -0.0380299
1.27734 0.0249403
1.27832 0.0315027
1.2793 -0.0326297
1.28027 0.00879864
1.28125 0.029685
1.28223 0.00893805
1.2832 0.0079593
1.28418 0.0137882
1.28516 0.0389265
1.28613 -0.018917
1.28711 0.0179772
1.28809 -0.05639
1.28906 0.0369309
1.29004 -0.0547232
1.29102 -0.0407876
1.29199 0.00198815
1.29297 -0.0508218
1.29395 -0.0696301
1.29492 0.0366925
1.2959 0.00877315
1.29688 0.0162111
1.29785 -0.0108415
1.29883 -0.0312726
1.2998 0.00489933
1.30078 0.0137973
1.30176 -0.106212
1.30273 0.0670536
1.30371 0.0204603
1.30469 -0.0245332
1.30566 0.0383876
1.30664 -0.00913381
1.30762 0.0100207
1.30859 0.00952489
1.30957 -0.033314
1.31055 0.0316828
1.31152 0.0142894
1.3125 0.0185559
1.31348 -0.00169756
1.31445 -0.0442479
1.31543 -0.0912356
1.31641 -0.0219884
1.31738 0.0185533
1.31836 -0.0110243
1.31934 2.22851e-06
1.32031 -0.00204617
1.32129 0.04157
1.32227 0.00518436
1.32324 -0.028463
1.32422 0.0620668
1.3252 -0.045896
1.32617 -0.0265677
1.32715 -0.0401579
1.32812 -0.019407
1.3291 0.0227553
1.33008 0.0531393
1.33105 -0.0469033
1.33203 0.00110153
1.33301 -0.00157937
1.33398 0.0524705
1.33496 -0.0651553
1.33594 -0.0442653
1.33691 0.0622298
1.33789 -0.0335386
1.33887 -0.0515686
1.33984 -0.0129067
1.34082 0.0655032
1.3418 0.0374277
1.34277 -0.000485215
1.34375 0.0190792
1.34473 -0.00396663
1.3457 0.0161387
1.34668 0.0080474
1.34766 -0.0601047
1.34863 0.0145102
1.34961 0.0337053
1.35059 -0.00131124
1.35156 0.00799459
1.35254 -0.0135455
1.35352 0.0576262
1.35449 0.0407639
1.35547 0.0181034
1.35645 0.00103998
1.35742 -0.0526544
1.3584 0.00483927
1.35938 -0.0228551
1.36035 0.0666665
1.36133 0.0609488
1.3623 -0.117575
1.36328 0.0337478
1.36426 0.0195122
1.36523 0.0629378
1.36621 -0.0397336
1.36719 -0.00863704
1.36816 0.0163553
1.36914 0.0354889
1.37012 0.0274043
1.37109 -0.037243
1.37207 -0.0244471
1.37305 -0.109851
1.37402 -0.042956
1.375 -0.0510462
1.37598 -0.0399702
1.37695 -0.0704014
1.37793 -0.1054
1.37891 0.0528287
1.37988 0.00816749
1.38086 0.0164708
1.38184 0.0300306
1.38281 0.0391684
1.38379 0.0625547
1.38477 -0.0311229
1.38574 -0.0267454
1.38672 0.0228359
1.3877 0.0233216
1.38867 -0.0567339
1.38965 -0.0767268
1.39062 -0.0392131
1.3916 -0.0118851
1.39258 0.0615818
1.39355 -0.0269895
1.39453 -0.00056851
1.39551 0.083609
1.39648 0.0888434
1.39746 -0.0502883
1.39844 0.0415405
1.39941 0.00586042
1.40039 -0.0489975
1.40137 0.0412531
1.40234 -0.00992285
1.40332 0.0647633
1.4043 0.0236007
1.40527 0.0186409
1.40625 -0.0270248
1.40723 0.0122951
1.4082 0.0136865
1.40918 0.0148003
1.41016 -0.0350416
1.41113 -0.03942
1.41211 0.00347044
1.41309 -0.0438863
1.41406 0.00703605
1.41504 0.0291152
1.41602 -0.00201895
1.41699 -0.0301815
1.41797 0.00937634
1.41895 -0.000532853
1.41992 -0.0313031
1.4209 -0.0258304
1.42188 -0.0536587
1.42285 -0.00530905
1.42383 -0.0788284
1.4248 0.00461852
1.42578 -0.00238899
1.42676 0.0243857
1.42773 -0.0130141
1.42871 0.0560422
1.42969 -0.00552122
1.43066 0.0028642
1.43164 -0.0255515
1.43262 -0.0476727
1.43359 0.0249035
1.43457 0.0754268
1.43555 -0.000272709
1.43652 0.0319307
1.4375 -0.0440142
1.43848 -0.00625217
1.43945 0.0229778
1.44043 -0.00426139
1.44141 -0.0369168
1.44238 -0.00386952
1.44336 0.046718
1.44434 0.0522312
1.44531 0.00930342
1.44629 0.00824384
1.44727 0.0659686
1.44824 0.0322247
1.44922 -0.0841176
1.4502 -0.0508461
1.45117 -0.028967
1.45215 -0.0248745
1.45312 -0.045558
1.4541 -0.0232141
1.45508 0.00568762
1.45605 -0.0342621
1.45703 0.105186
1.45801 -0.0599283
1.45898 -0.0398336
1.45996 0.0469764
1.46094 0.0651721
1.46191 0.0179414
1.46289 -0.0113282
1.46387 0.11403
1.46484 -0.0532309
1.46582 0.0735207
1.4668 -0.00775088
1.46777 0.0288416
1.46875 0.0253921
1.46973 0.0569989
1.4707 0.0306987
1.47168 0.0205903
1.47266 -0.0154539
1.47363 0.0451861
1.47461 -0.0687278
1.47559 0.018181
1.47656 0.0193239
1.47754 -0.0276683
1.47852 -0.001054
1.47949 0.0770976
1.48047 -0.0316712
1.48145 -0.00902291
1.48242 -0.0323244
1.4834 0.0251872
1.48438 -0.0422685
1.48535 -0.00904431
1.48633 0.00960123
1.4873 -0.0331437
1.48828 0.0559941
1.48926 -0.00904722
1.49023 0.00189562
1.49121 0.0182074
1.49219 -0.0623732
1.49316 -0.00620887
1.49414 -0.0202998
1.49512 0.0378571
1.49609 -0.0812756
1.49707 0.011033
1.49805 0.0354619
1.49902 -0.0200996
1.5 0.0490994
1.50098 0.0454392
1.50195 0.0659636
1.50293 -0.0164933
1.50391 -0.00545678
1.50488 0.0388679
1.50586 0.00806186
1.50684 0.0344149
1.50781 -0.0389509
1.50879 -0.0202679
1.50977 -0.0174479
1.51074 -0.0273455
1.51172 -0.015911
1.5127 0.0157822
1.51367 0.00642771
1.51465 -0.0101712
1.51562 -0.0216062
1.5166 -0.0338751
1.51758 -0.00339313
1.51855 -0.0160172
1.51953 -0.0633478
1.52051 0.00348714
1.52148 0.00416099
1.52246 0.0339025
1.52344 0.010313
1.52441 -0.00153441
1.52539 0.0105897
1.52637 0.0581124
1.52734 0.0379352
1.52832 -0.00646294
1.5293 0.00706972
1.53027 0.0519355
1.53125 0.0556529
1.53223 0.0379216
1.5332 0.0488712
1.53418 0.0723551
1.53516 -0.0231944
1.53613 0.0763196
1.53711 -0.00570106
1.53809 0.0207726
1.53906 -0.0221579
1.54004 -0.0204406
1.54102 -0.0429444
1.54199 0.0183691
1.54297 -0.0197702
1.54395 -0.0472066
1.54492 0.0284683
1.5459 -0.0770344
1.54688 0.00303026
1.54785 0.0240507
1.54883 0.0355343
1.5498 0.0833973
1.55078 0.0107608
1.55176 0.0681441
1.55273 0.00820105
1.55371 0.0432297
1.55469 0.0400804
1.55566 -0.0604615
1.55664 0.0383816
1.55762 -0.0266468
1.55859 -0.0256267
1.55957 -0.0138232
1.56055 0.0163003
1.56152 -0.0369122
1.5625 -0.0163094
1.56348 -0.0345796
1.56445 0.0108064
1.56543 0.0102749
1.56641 0.0186145
1.56738 -0.00694257
1.56836 0.0606856
1.56934 0.0191741
1.57031 -0.0635147
1.57129 0.0361636
1.57227 0.0477059
1.57324 0.00430972
1.57422 0.00531459
1.5752 -0.0051664
1.57617 -0.0372036
1.57715 0.0435369
1.57812 0.0336108
1.5791 0.0415459
1.58008 -0.0151877
1.58105 -0.0159658
1.58203 -0.0131029
1.58301 0.022322
1.58398 0.0125405
1.58496 0.0390724
1.58594 -0.00391042
1.58691 0.0666553
1.58789 -0.0121703
1.58887 -0.0472205
1.58984 -0.0080008
1.59082 -0.00920416
1.5918 0.0565693
1.59277 0.0610491
1.59375 -0.00403187
1.59473 -0.0807121
1.5957 -0.0100106
1.59668 0.0246671
1.59766 -0.130284
1.59863 0.0490726
1.59961 0.0338395
1.60059 0.0261195
1.60156 0.0383996
1.60254 0.0716253
1.60352 -0.00589996
1.60449 -0.0110616
1.60547 0.0050453
1.60645 0.0464565
1.60742 0.0271041
1.6084 0.000639595
1.60938 0.0589335
1.61035 -0.0222055
1.61133 0.0267327
1.6123 -0.0322932
1.61328 -0.049149
1.61426 0.0525369
1.61523 -0.039958
1.61621 0.0204692
1.61719 -0.0301266
1.61816 0.034107
1.61914 0.00346198
1.62012 -0.0129085
1.62109 -0.00450665
1.62207 -0.00687054
1.62305 -0.0200454
1.62402 -0.0475977
1.625 -7.94546e-06
1.62598 0.00528061
1.62695 0.0513263
1.62793 0.000276702
1.62891 0.0119347
1.62988 -0.0511133
1.63086 -0.0138601
1.63184 -0.0139996
1.63281 -0.0257887
1.63379 0.0157415
1.63477 -0.0145767
1.63574 0.0109111
1.63672 -0.0093908
1.6377 -0.0609052
1.63867 0.0053735
1.63965 0.0023259
1.64062 -0.0260607
1.6416 -0.00581359
1.64258 0.0371592
1.64355 0.0455591
1.64453 0.0333419
1.64551 0.0862175
1.64648 -0.00158752
1.64746 -0.0174004
1.64844 0.0464737
1.64941 -0.0135645
1.65039 0.00347775
1.65137 -0.0588798
1.65234 -0.0115261
1.65332 -0.0398594
1.6543 0.00950512
1.65527 -0.0338253
1.65625 -0.0156468
1.65723 -0.00139576
1.6582 0.016921
1.65918 -0.0258108
1.66016 -0.0433788
1.66113 -0.0287701
1.66211 0.0502123
1.66309 0.0227312
1.66406 -0.0518782
1.66504 -0.027432
1.66602 -0.0675896
1.66699 -0.0512809
1.66797 -0.00352142
1.66895 0.0588428
1.66992 -0.00807429
1.6709 -0.011266
1.67188 -0.0480336
1.67285 0.0486243
1.67383 0.014855
1.6748 0.0452253
1.67578 0.0208383
1.67676 -0.0133412
1.67773 0.0245352
1.67871 0.0347959
1.67969 -0.0574229
1.68066 -0.0357375
1.68164 -0.0389668
1.68262 -0.0119046
1.68359 0.0762793
1.68457 0.013564
1.68555 0.0499312
1.68652 0.0724694
1.6875 0.0614462
1.68848 -0.00177754
1.68945 0.0394628
1.69043 -0.0192231
1.69141 0.0253032
1.69238 -0.00518247
1.69336 0.0600308
1.69434 0.0199482
1.69531 0.0489959
1.69629 -0.0327199
1.69727 0.0626158
1.69824 0.0806281
1.69922 0.0176452
1.7002 0.098255
1.70117 0.0191212
1.70215 0.0159133
1.70312 -0.0300312
1.7041 -0.0114397
1.70508 -0.0302866
1.70605 -0.0650999
1.70703 -0.00238283
1.70801 0.0275591
1.70898 -0.0313356
1.70996 -0.00364692
1.71094 0.0409156
1.71191 0.0480028
1.71289 -0.0110467
1.71387 -0.0343308
1.71484 -0.0160371
1.71582 0.0377601
1.7168 -0.0610497
1.71777 -0.0426849
1.71875 -0.0559089
1.71973 -0.0385792
1.7207 -0.0309805
1.72168 -0.0464798
1.72266 -0.00442329
1.72363 -0.00041284
1.72461 0.0301839
1.72559 0.0542824
1.72656 0.0119298
1.72754 -0.0212052
1.72852 0.0105123
1.72949 -0.0500242
1.73047 0.00431026
1.73145 0.00712231
1.73242 0.0389401
1.7334 -0.0220546
1.73438 0.00934335
1.73535 0.0303152
1.73633 0.0166446
1.7373 -0.00176131
1.73828 -0.0178557
1.73926 -0.0297668
1.74023 0.00435469
1.74121 0.0613964
1.74219 -0.0627519
1.74316 0.0135805
1.74414 0.10038
1.74512 0.0626057
1.74609 0.0283205
1.74707 0.0099727
1.74805 0.103028
1.74902 -0.044644
1.75 -0.0282286
1.75098 -0.0592265
1.75195 -0.0200592
1.75293 -0.0241496
1.75391 -0.0293544
1.75488 -0.0188023
1.75586 -0.0221344
1.75684 -0.0549296
1.75781 0.0164903
1.75879 0.0117822
1.75977 0.0372369
1.76074 -0.0353416
1.76172 -0.00891385
1.7627 0.0254238
1.76367 -0.0146778
1.76465 0.0326601
1.76562 0.0532858
1.7666 0.0163414
1.76758 -0.0664996
1.76855 0.0570118
1.76953 0.0106226
1.77051 -0.0175702
1.77148 -0.00403999
1.77246 -0.0309979
1.77344 0.0338389
1.77441 -0.0269891
1.77539 -0.0408934
1.77637 0.0289691
1.77734 -0.0224002
1.77832 -0.00700127
1.7793 0.0181135
1.78027 -0.0176141
1.78125 0.027933
1.78223 0.004567
1.7832 -0.0453416
1.78418 0.0416077
1.78516 0.0663926
1.78613 0.000193291
1.78711 0.0199543
1.78809 0.00659361
1.78906 -0.0122644
1.79004 -0.055962
1.79102 0.0353532
1.79199 -0.0108696
1.79297 -0.00399743
1.79395 0.0479027
1.79492 -0.0277062
1.7959 0.0770176
1.79688 -0.0208657
1.79785 -0.039622
1.79883 0.0181639
1.7998 0.0209664
1.80078 -0.0636038
1.80176 -0.00186572
1.80273 0.0357767
1.80371 0.0434329
1.80469 0.0219846
1.80566 -0.0619447
1.80664 0.00242843
1.80762 -0.00671964
1.80859 -0.0160231
1.80957 -0.054488
1.81055 -0.017913
1.81152 0.0326186
1.8125 -0.0044742
1.81348 0.0651789
1.81445 -0.0201281
1.81543 0.0265356
1.81641 0.000417155
1.81738 0.0708322
1.81836 0.0608687
1.81934 0.0674087
1.82031 0.0765426
1.82129 0.0306263
1.82227 0.0515443
1.82324 0.0368673
1.82422 0.0156767
1.8252 -0.0123035
1.82617 -0.0376497
1.82715 0.020103
1.82812 -0.0793
1.8291 0.00886714
1.83008 -0.0335605
1.83105 0.0484363
1.83203 0.0976053
1.83301 -0.060629
1.83398 -0.0288777
1.83496 0.00555518
1.83594 0.0459351
1.83691 -0.0797834
1.83789 -0.0866169
1.83887 -0.0521521
1.83984 -0.0361059
1.84082 -0.03476
1.8418 0.00640771
1.84277 0.0155122
1.84375 0.0496786
1.84473 0.0230002
1.8457 0.00734787
1.84668 0.0320811
1.84766 0.000336223
1.84863 -0.00950332
1.84961 -0.0847584
1.85059 -0.036207
1.85156 0.0276333
1.85254 0.0184587
1.85352 -0.0165697
1.85449 -0.0655653
1.85547 -0.00572128
1.85645 -0.0972479
1.85742 0.0110636
1.8584 0.0692907
1.85938 -0.0123308
1.86035 -0.0445992
1.86133 0.0139006
1.8623 -0.00918131
1.86328 -0.00410621
1.86426 0.0635215
1.86523 0.0486023
1.86621 0.0117959
1.86719 -0.0384868
1.86816 -0.00496456
1.86914 0.049001
1.87012 -0.0127767
1.87109 0.0418826
1.87207 0.102881
1.87305 -0.0279045
1.87402 0.0188071
1.875 -0.0198518
1.87598 -0.0252412
1.87695 0.0328883
1.87793 0.0231504
1.87891 -0.0234661
1.87988 0.0500122
1.88086 -0.108189
1.88184 0.0102748
1.88281 0.0446916
1.88379 0.0583292
1.88477 0.00343188
1.88574 -0.0381775
1.88672 -0.000905478
1.8877 0.0230842
1.88867 -0.0210482
1.88965 -0.0719731
1.89062 0.000695243
1.8916 0.00160493
1.89258 0.0413029
1.89355 0.0452984
1.89453 -0.0142669
1.89551 0.0346941
1.89648 0.0248112
1.89746 -0.0335854
1.89844 -0.00465462
1.89941 -0.0145639
1.90039 -0.0398139
1.90137 0.00134713
1.90234 0.0440365
1.90332 -0.0757618
1.9043 -0.0106981
1.90527 0.0186184
1.90625 0.0883157
1.90723 -0.0039478
1.9082 0.0362719
1.90918 0.0239368
1.91016 0.0420984
1.91113 0.0172677
1.91211 0.03171
1.91309 -0.0234905
1.91406 -0.0207372
1.91504 -0.0281692
1.91602 -0.0821998
1.91699 -0.0347463
1.91797 0.0371578
1.91895 -0.0572336
1.91992 -0.0151491
1.9209 0.025448
1.92188 0.0314229
1.92285 -0.0186262
1.92383 0.0145794
1.9248 0.0568964
1.92578 0.0347022
1.92676 0.0118951
1.92773 0.000255289
1.92871 0.042081
1.92969 0.00272435
1.93066 0.00327134
1.93164 0.0358119
1.93262 -0.0243097
1.93359 0.0108409
1.93457 -0.0213364
1.93555 -0.0576049
1.93652 -0.0195929
1.9375 0.0159473
1.93848 0.0986757
1.93945 -0.034334
1.94043 0.0708966
1.94141 0.0261831
1.94238 -0.0122733
1.94336 -0.00968279
1.94434 -0.0321691
1.94531 -0.0563889
1.94629 -0.0284322
1.94727 -0.0573243
1.94824 0.030597
1.94922 -0.0143182
1.9502 -0.0203422
1.95117 -0.0778079
1.95215 -0.00760771
1.95312 0.019747
1.9541 0.01258
1.95508 -0.0172851
1.95605 -0.0486039
1.95703 0.0488318
1.95801 -0.0456793
1.95898 0.0133055
1.95996 0.0373617
1.96094 -0.0373619
1.96191 0.0367098
1.96289 -0.00860988
1.96387 0.0659025
1.96484 0.06055
1.96582 0.0656174
1.9668 0.0472685
1.96777 -0.0254799
1.96875 -0.0721602
1.96973 -0.0870622
1.9707 -0.0284685
1.97168 0.00180894
1.97266 -0.0513445
1.97363 0.0455305
1.97461 -0.0689765
1.97559 0.012934
1.97656 0.00835962
1.97754 -0.0207625
1.97852 -0.0808241
1.97949 -0.0401806
1.98047 0.0474561
1.98145 0.0793247
1.98242 -0.0593027
1.9834 0.0281386
1.98438 0.0283588
1.98535 -0.0412596
1.98633 0.00799901
1.9873 -0.0744673
1.98828 0.0206635
1.98926 0.0117766
1.99023 0.00201054
1.99121 0.00962369
1.99219 -0.0184103
1.99316 0.0541137
1.99414 -0.0326607
1.99512 -0.0122736
1.99609 -0.0056045
1.99707 0.0223382
1.99805 0.0181695
1.99902 -0.0193734
