0 0.0389151
0.000976562 -0.0317238
0.00195312 0.00442899
0.00292969 0.0451363
0.00390625 0.0935838
0.00488281 -0.0459825
0.00585938 0.00594609
0.00683594 -0.0261099
0.0078125 -0.0134724
0.00878906 0.0565824
0.00976562 0.00517361
0.0107422 0.0150345
0.0117188 0.0499522
0.0126953 0.0454314
0.0136719 -0.0671738
0.0146484 -0.0181411
0.015625 -0.0278438
0.0166016 0.193422
0.0175781 -0.0293944
0.0185547 0.000732917
0.0195312 -0.0281979
0.0205078 0.00353568
0.0214844 0.0864508
0.0224609 -0.0350294
0.0234375 0.0636878
0.0244141 0.0524163
0.0253906 0.105156
0.0263672 -0.0756246
0.0273438 0.0967511
0.0283203 0.00791066
0.0292969 0.0160086
0.0302734 -0.0237191
0.03125 0.0212801
0.0322266 -0.00599176
0.0332031 -0.0586103
0.0341797 0.0867705
0.0351562 -0.0146798
0.0361328 0.0498554
0.0371094 0.0780708
0.0380859 0.0265939
0.0390625 0.0492909
0.0400391 0.0111329
0.0410156 -0.00303128
0.0419922 0.0745163
0.0429688 -0.0222593
0.0439453 -0.00358016
0.0449219 0.0559833
0.0458984 0.0234045
0.046875 -0.0890702
0.0478516 0.0510888
0.0488281 0.0141121
0.0498047 -0.0692376
0.0507812 0.0514917
0.0517578 0.0233181
0.0527344 0.0516064
0.0537109 0.035918
0.0546875 0.032047
0.0556641 -0.0508365
0.0566406 -0.0600073
0.0576172 0.0300839
0.0585938 -0.0493825
0.0595703 0.0231722
0.0605469 0.0340076
0.0615234 -0.0213967
0.0625 0.0673914
0.0634766 0.114062
0.0644531 -0.0545005
0.0654297 0.0342747
0.0664062 0.102587
0.0673828 0.0221945
0.0683594 0.102874
0.0693359 -0.00461203
0.0703125 0.049699
0.0712891 -0.0174927
0.0722656 0.00591774
0.0732422 0.0106007
0.0742188 0.0243685
0.0751953 -0.0369102
0.0761719 0.085101
0.0771484 -0.00127167
0.078125 0.0696197
0.0791016 0.000877239
0.0800781 0.0198435
0.0810547 0.0381018
0.0820312 0.0744888
0.0830078 0.12498
0.0839844 -0.0364866
0.0849609 0.0589371
0.0859375 0.0619308
0.0869141 -0.0298399
0.0878906 0.077775
0.0888672 0.0158258
0.0898438 0.0147564
0.0908203 0.0541487
0.0917969 0.0044175
0.0927734 -0.0230726
0.09375 0.0397431
0.0947266 0.0408305
0.0957031 -0.0123676
0.0966797 -0.0605412
0.0976562 0.0948766
0.0986328 0.113252
0.0996094 -0.0829076
0.100586 0.0611199
0.101562 0.0426437
0.102539 -0.00551608
0.103516 -0.0412389
0.104492 -0.162877
0.105469 -0.0240743
0.106445 0.0507451
0.107422 0.0478962
0.108398 -0.0288174
0.109375 0.0101858
0.110352 0.0508408
0.111328 0.0712363
0.112305 0.0304466
0.113281 -0.0256258
0.114258 0.111085
0.115234 0.0484886
0.116211 0.0757633
0.117188 0.051684
0.118164 0.0516169
0.119141 0.0364318
0.120117 0.00100374
0.121094 0.0843778
0.12207 0.0573904
0.123047 0.131552
0.124023 0.0923593
0.125 9.2798e-05
0.125977 0.094821
0.126953 -0.0332616
0.12793 0.103727
0.128906 0.051937
0.129883 -0.0963244
0.130859 0.0901905
0.131836 0.0388644
0.132812 -0.00792939
0.133789 -0.0647574
0.134766 0.0362739
0.135742 0.0141839
0.136719 0.0610066
0.137695 0.0745205
0.138672 -0.0477684
0.139648 -0.00825238
0.140625 0.0587812
0.141602 0.0378859
0.142578 -0.0376876
0.143555 0.0310563
0.144531 -0.0200049
0.145508 -0.122155
0.146484 0.00250717
0.147461 -0.00546055
0.148438 -0.0223331
0.149414 -0.0133803
0.150391 0.0286709
0.151367 0.0357157
0.152344 0.0223825
0.15332 0.0407429
0.154297 0.0695822
0.155273 0.0471041
0.15625 -0.039691
0.157227 -0.028258
0.158203 0.0293448
0.15918 0.114094
0.160156 -0.0234033
0.161133 0.0268777
0.162109 -0.0282983
0.163086 0.0157231
0.164062 0.0144531
0.165039 0.0369135
0.166016 -0.0183034
0.166992 -0.0197816
0.167969 0.0980643
0.168945 0.0126852
0.169922 0.0317342
0.170898 -0.065333
0.171875 -0.0344387
0.172852 -0.0286035
0.173828 -0.074174
0.174805 0.0959519
0.175781 0.055379
0.176758 0.0741691
0.177734 0.0603892
0.178711 0.195849
0.179688 -0.00234289
0.180664 0.055935
0.181641 0.0436486
0.182617 0.0474716
0.183594 0.0549542
0.18457 0.00316933
0.185547 0.00762527
0.186523 0.500002
0.1875 0.478651
0.188477 0.0657398
0.189453 0.0151564
0.19043 0.0389688
0.191406 0.0547179
0.192383 -0.0156584
0.193359 -0.0166797
0.194336 -0.017996
0.195312 0.030211
0.196289 0.0078163
0.197266 0.0212192
0.198242 0.0233749
0.199219 0.00680042
0.200195 0.0208561
0.201172 0.154454
0.202148 0.0458258
0.203125 -9.74616e-05
0.204102 0.0702288
0.205078 0.0545143
0.206055 -0.156389
0.207031 0.0684759
0.208008 -0.0231907
0.208984 -0.00144816
0.209961 -0.00570807
0.210938 0.0397557
0.211914 0.0273161
0.212891 -0.0367219
0.213867 -0.0419437
0.214844 -0.0171255
0.21582 -0.0427147
0.216797 0.0627616
0.217773 0.00958617
0.21875 0.0187514
0.219727 0.0867642
0.220703 0.0533732
0.22168 0.0279038
0.222656 -0.0567945
0.223633 0.0676358
0.224609 0.0348464
0.225586 0.0419077
0.226562 -0.0242691
0.227539 -0.0120407
0.228516 0.0877225
0.229492 0.0216282
0.230469 0.0201891
0.231445 0.0399179
0.232422 0.040878
0.233398 0.022162
0.234375 0.0609652
0.235352 0.0106347
0.236328 0.00264077
0.237305 -0.0617631
0.238281 0.0187987
0.239258 -0.029035
0.240234 -0.10057
0.241211 -0.00868022
0.242188 0.0219427
0.243164 -0.0743212
0.244141 0.0529324
0.245117 -0.00956646
0.246094 0.0285999
0.24707 0.0406075
0.248047 0.0301685
0.249023 0.0224297
0.25 0.0639721
0.250977 0.0492083
0.251953 0.0847186
0.25293 -0.0348996
0.253906 0.0755978
0.254883 -0.0679301
0.255859 0.0383979
0.256836 -0.0754725
0.257812 0.0530609
0.258789 -0.0841574
0.259766 -0.102277
0.260742 -0.0562642
0.261719 0.0340253
0.262695 0.0690058
0.263672 0.0315874
0.264648 0.117164
0.265625 0.0408949
0.266602 -0.124965
0.267578 -0.0439936
0.268555 0.0556938
0.269531 -0.0208323
0.270508 0.0134552
0.271484 -0.0325997
0.272461 0.00456232
0.273438 -0.00582491
0.274414 -0.0215905
0.275391 -0.0310395
0.276367 -0.0214552
0.277344 0.100016
0.27832 0.0372538
0.279297 0.0335786
0.280273 -0.0158609
0.28125 -0.0175556
0.282227 0.111616
0.283203 0.0573873
0.28418 -0.0450017
0.285156 0.0344608
0.286133 0.014637
0.287109 -0.0503495
0.288086 -0.0221046
0.289062 0.0197076
0.290039 -0.0424487
0.291016 -0.0475127
0.291992 0.0328453
0.292969 0.000385062
0.293945 -0.0196131
0.294922 0.0280813
0.295898 -0.0979629
0.296875 0.0169136
0.297852 0.0608218
0.298828 0.0362683
0.299805 -0.0885844
0.300781 -0.059135
0.301758 -0.0215974
0.302734 -0.0520313
0.303711 0.00703714
0.304688 -0.0127946
0.305664 -0.00914573
0.306641 0.0190659
0.307617 0.0657491
0.308594 -0.0610375
0.30957 -0.000295582
0.310547 0.0213394
0.311523 -0.0169838
0.3125 0.0154857
0.313477 0.0634973
0.314453 0.0415559
0.31543 0.099831
0.316406 -0.00697452
0.317383 -0.00662247
0.318359 -0.0386135
0.319336 0.0132532
0.320312 0.0794833
0.321289 0.0440568
0.322266 0.00820689
0.323242 0.0122938
0.324219 -0.0504992
0.325195 -0.0312842
0.326172 0.0404087
0.327148 -0.0618912
0.328125 0.157472
0.329102 0.0396158
0.330078 0.039274
0.331055 0.0190669
0.332031 -0.00137182
0.333008 0.0545647
0.333984 0.101029
0.334961 0.0174547
0.335938 0.00528318
0.336914 -0.0379956
0.337891 0.0241041
0.338867 0.0950759
0.339844 0.00608511
0.34082 -0.0191144
0.341797 0.0878993
0.342773 -0.0921122
0.34375 0.00339838
0.344727 0.0572881
0.345703 0.000303328
0.34668 0.00142478
0.347656 0.00225631
0.348633 0.0311513
0.349609 0.068763
0.350586 0.0186892
0.351562 0.0693916
0.352539 0.00460379
0.353516 0.121935
0.354492 -0.0793467
0.355469 -0.0320312
0.356445 0.0445136
0.357422 0.0529288
0.358398 -0.0390569
0.359375 -0.0353719
0.360352 0.0482134
0.361328 -0.0773258
0.362305 -0.0147091
0.363281 0.0979868
0.364258 0.0122639
0.365234 0.0138376
0.366211 -0.0961744
0.367188 0.0337014
0.368164 0.0171188
0.369141 0.0482338
0.370117 0.0607972
0.371094 -0.0480759
0.37207 -0.0179987
0.373047 0.029727
0.374023 0.0514552
0.375 -0.0238721
0.375977 -0.0190765
0.376953 0.0839272
0.37793 -0.0148916
0.378906 0.0427347
0.379883 0.0590055
0.380859 -0.0421807
0.381836 0.0499494
0.382812 0.0289685
0.383789 0.0544061
0.384766 0.0803578
0.385742 -0.00169374
0.386719 -0.0755274
0.387695 0.0408195
0.388672 0.0953857
0.389648 -0.00348079
0.390625 -0.0456473
0.391602 0.0881154
0.392578 -0.0512087
0.393555 0.0109847
0.394531 0.0168032
0.395508 -0.0471357
0.396484 0.0425705
0.397461 -0.0481839
0.398438 -0.00139854
0.399414 -0.0154466
0.400391 0.0400939
0.401367 -0.060807
0.402344 -0.00336331
0.40332 0.0881337
0.404297 0.0591231
0.405273 -0.0706026
0.40625 -0.0341772
0.407227 0.0630423
0.408203 -0.0236072
0.40918 0.00874035
0.410156 0.00733812
0.411133 -0.047623
0.412109 -0.0105156
0.413086 -0.0319591
0.414062 0.071799
0.415039 0.0303566
0.416016 -0.0175646
0.416992 -0.032579
0.417969 -0.00804452
0.418945 -0.0776405
0.419922 -0.0846707
0.420898 -0.0416409
0.421875 0.116786
0.422852 -0.0540201
0.423828 0.0646861
0.424805 -0.0811479
0.425781 0.0150972
0.426758 -0.010577
0.427734 0.00300842
0.428711 0.00476105
0.429688 0.0827463
0.430664 0.0283039
0.431641 0.0484864
0.432617 -0.0183753
0.433594 -0.00939507
0.43457 0.0641041
0.435547 -0.0384723
0.436523 -0.0214212
0.4375 0.0250246
0.438477 0.0338931
0.439453 0.027398
0.44043 -0.0524332
0.441406 -0.101054
0.442383 0.0681825
0.443359 -0.0418482
0.444336 0.0216435
0.445312 -0.0189822
0.446289 -0.0148946
0.447266 0.0334555
0.448242 0.0114403
0.449219 -0.00694158
0.450195 0.0788517
0.451172 -0.0292477
0.452148 0.0369177
0.453125 0.0108445
0.454102 0.0513886
0.455078 -0.00328647
0.456055 0.0539547
0.457031 0.0182808
0.458008 0.0469572
0.458984 0.021873
0.459961 0.00203897
0.460938 0.0343519
0.461914 -0.0558213
0.462891 -0.00513665
0.463867 0.0963969
0.464844 0.0322783
0.46582 -0.0258338
0.466797 0.0114217
0.467773 -0.0318168
0.46875 0.0375162
0.469727 0.00334255
0.470703 0.0071963
0.47168 -0.0120851
0.472656 0.0704343
0.473633 -0.0748028
0.474609 -0.0479942
0.475586 0.0392958
0.476562 0.0648209
0.477539 -0.0716236
0.478516 -0.000906194
0.479492 0.00160896
0.480469 -0.065229
0.481445 -0.0200087
0.482422 -0.121068
0.483398 0.115064
0.484375 0.0584557
0.485352 0.055518
0.486328 -0.0509207
0.487305 -0.04313
0.488281 -0.0596571
0.489258 0.0103449
0.490234 -0.038573
0.491211 0.0122844
0.492188 -0.0298208
0.493164 0.0158862
0.494141 0.0372191
0.495117 0.0826815
0.496094 -0.0238406
0.49707 0.0186485
0.498047 -0.0227523
0.499023 0.0107744
0.5 0.0310692
0.500977 -0.0625833
0.501953 -0.0778659
0.50293 0.0435811
0.503906 0.0363942
0.504883 -0.0251715
0.505859 0.0748197
0.506836 -0.0218132
0.507812 0.0435426
0.508789 0.000869395
0.509766 0.0122201
0.510742 0.0174358
0.511719 0.0182785
0.512695 0.0664237
0.513672 -0.0544313
0.514648 0.053165
0.515625 0.039357
0.516602 -0.0518561
0.517578 0.00965286
0.518555 0.166969
0.519531 0.0818337
0.520508 -0.00569086
0.521484 0.0241029
0.522461 -0.0900617
0.523438 0.0642333
0.524414 0.114381
0.525391 0.0625471
0.526367 0.00554156
0.527344 -0.0227193
0.52832 -0.0179804
0.529297 0.0778652
0.530273 0.0622083
0.53125 -0.0833653
0.532227 -0.00213844
0.533203 0.0510404
0.53418 -0.0200135
0.535156 0.075081
0.536133 0.0348253
0.537109 0.119561
0.538086 -0.0433443
0.539062 -0.0384035
0.540039 0.0336092
0.541016 0.0757203
0.541992 -0.00194798
0.542969 -0.0123684
0.543945 0.0315626
0.544922 -0.00157872
0.545898 -0.0947126
0.546875 0.0409324
0.547852 0.0564611
0.548828 0.0640253
0.549805 0.00227648
0.550781 0.00689026
0.551758 0.0410216
0.552734 0.0536699
0.553711 -0.0343033
0.554688 0.128614
0.555664 0.0655881
0.556641 0.0950456
0.557617 -0.0397723
0.558594 0.0268102
0.55957 -0.00377617
0.560547 0.131697
0.561523 0.0317364
0.5625 -0.0804325
0.563477 0.0496376
0.564453 -0.0472343
0.56543 0.00213611
0.566406 -0.0503968
0.567383 0.0228943
0.568359 -0.00803487
0.569336 0.0156418
0.570312 0.0528461
0.571289 -0.0171185
0.572266 -0.0800706
0.573242 -0.0594479
0.574219 0.0138043
0.575195 0.0686209
0.576172 -0.102412
0.577148 -0.0104838
0.578125 -0.060182
0.579102 0.0393919
0.580078 -0.0234577
0.581055 0.0616191
0.582031 0.0555111
0.583008 0.00384382
0.583984 -0.131067
0.584961 0.00832399
0.585938 0.00615243
0.586914 0.102945
0.587891 -0.0435154
0.588867 0.141024
0.589844 0.0613305
0.59082 0.0187689
0.591797 0.060543
0.592773 0.101676
0.59375 -0.0416757
0.594727 -0.0403377
0.595703 -0.0766231
0.59668 -0.0648535
0.597656 0.0551051
0.598633 0.0477341
0.599609 0.093236
0.600586 -0.0660443
0.601562 0.0299478
0.602539 0.0421501
0.603516 0.0579199
0.604492 0.0301855
0.605469 -0.0311439
0.606445 0.0636636
0.607422 0.0304212
0.608398 -0.0964546
0.609375 0.0802339
0.610352 0.0341797
0.611328 0.00399432
0.612305 -0.00722975
0.613281 0.0769787
0.614258 0.10266
0.615234 0.0223349
0.616211 0.0174171
0.617188 0.0396128
0.618164 0.0326248
0.619141 -0.00300758
0.620117 0.131495
0.621094 -0.0548849
0.62207 0.0826513
0.623047 0.0327869
0.624023 0.0437007
0.625 0.0228483
0.625977 0.0411475
0.626953 -0.0973186
0.62793 -0.0253422
0.628906 0.0400298
0.629883 0.0171914
0.630859 -0.0616806
0.631836 0.0662389
0.632812 0.0426022
0.633789 -0.00125925
0.634766 0.0304803
0.635742 0.0165047
0.636719 -0.0371458
0.637695 0.0450254
0.638672 0.0816964
0.639648 0.115172
0.640625 0.0680016
0.641602 0.0173356
0.642578 -0.0874451
0.643555 -0.0507931
0.644531 -0.0777426
0.645508 -0.0301159
0.646484 0.0235318
0.647461 0.112682
0.648438 0.0585201
0.649414 -0.0686691
0.650391 0.0325837
0.651367 0.00378737
0.652344 0.0117334
0.65332 -0.0225137
0.654297 0.0213151
0.655273 -0.00613724
0.65625 0.0395085
0.657227 -0.0569645
0.658203 0.0423311
0.65918 -0.0236301
0.660156 0.0301869
0.661133 -0.0202848
0.662109 0.0597022
0.663086 -0.0338672
0.664062 -0.024908
0.665039 -0.067747
0.666016 -0.0783391
0.666992 0.0513893
0.667969 -0.0499717
0.668945 -0.037776
0.669922 0.0734776
0.670898 0.00263549
0.671875 -0.127381
0.672852 -0.0313072
0.673828 0.00538401
0.674805 0.0315054
0.675781 0.164886
0.676758 0.00580904
0.677734 0.000445532
0.678711 -0.0169538
0.679688 0.00831258
0.680664 -0.00201591
0.681641 0.0469736
0.682617 0.0480406
0.683594 0.0413111
0.68457 0.0589719
0.685547 -0.0215554
0.686523 -0.0387424
0.6875 -0.0427339
0.688477 0.0678571
0.689453 0.0124325
0.69043 0.0263144
0.691406 0.0398916
0.692383 -0.0021039
0.693359 -0.0167956
0.694336 0.0596879
0.695312 -0.0297615
0.696289 0.0252502
0.697266 -0.00843856
0.698242 -0.000534231
0.699219 -0.0459224
0.700195 0.00740586
0.701172 0.0966792
0.702148 -0.0509233
0.703125 0.0478243
0.704102 0.0572885
0.705078 0.0332796
0.706055 0.0614181
0.707031 -0.034454
0.708008 0.0575968
0.708984 0.0219736
0.709961 -0.0101703
0.710938 0.0319839
0.711914 0.0122918
0.712891 -0.0800304
0.713867 0.0102128
0.714844 0.0177122
0.71582 0.00324946
0.716797 0.00348868
0.717773 -0.0262669
0.71875 -0.0764956
0.719727 0.00298676
0.720703 -0.132033
0.72168 0.0829801
0.722656 0.0192773
0.723633 -0.0144241
0.724609 0.0581862
0.725586 -0.0447319
0.726562 0.0282607
0.727539 0.0192222
0.728516 0.0633609
0.729492 -0.0100622
0.730469 -0.0351445
0.731445 -0.0820464
0.732422 0.0818436
0.733398 -0.0207565
0.734375 0.0498992
0.735352 -0.00600054
0.736328 0.0137418
0.737305 0.0383885
0.738281 -0.0409943
0.739258 0.0198152
0.740234 0.0814422
0.741211 -0.0197639
0.742188 0.0778912
0.743164 0.0188279
0.744141 0.0583686
0.745117 -0.0242142
0.746094 0.0595991
0.74707 0.0855002
0.748047 -0.0149542
0.749023 0.0734833
0.75 0.0638216
0.750977 -0.00248554
0.751953 -0.036476
0.75293 -0.131606
0.753906 -0.00490716
0.754883 -0.00106728
0.755859 0.056207
0.756836 0.0104566
0.757812 -0.0619195
0.758789 0.0502136
0.759766 0.0252463
0.760742 -0.0509067
0.761719 -0.112927
0.762695 -0.0692571
0.763672 -0.000488377
0.764648 -0.082283
0.765625 -0.00506551
0.766602 0.0314367
0.767578 -0.00126545
0.768555 0.0321954
0.769531 -0.0453255
0.770508 0.0310504
0.771484 -0.031623
0.772461 0.118413
0.773438 -0.0801079
0.774414 -0.0504907
0.775391 0.0443486
0.776367 0.0108934
0.777344 0.0671572
0.77832 -0.0525989
0.779297 0.0756732
0.780273 -0.024997
0.78125 0.0232786
0.782227 0.0722869
0.783203 -0.0163827
0.78418 -0.0163793
0.785156 0.0237732
0.786133 0.0175984
0.787109 -0.0507442
0.788086 0.0762935
0.789062 0.0584576
0.790039 0.0298005
0.791016 0.0762372
0.791992 0.077449
0.792969 0.0732777
0.793945 0.135291
0.794922 -0.110903
0.795898 0.113342
0.796875 -0.0339404
0.797852 0.0199277
0.798828 0.0620738
0.799805 -0.0296944
0.800781 0.0333759
0.801758 0.0364621
0.802734 -0.042078
0.803711 -0.0984769
0.804688 0.0339858
0.805664 0.0937535
0.806641 0.0847764
0.807617 -0.0506239
0.808594 0.0368418
0.80957 0.036223
0.810547 0.0263841
0.811523 -0.0849383
0.8125 0.0353832
0.813477 0.00177074
0.814453 0.0956646
0.81543 0.059622
0.816406 0.0902835
0.817383 0.0809909
0.818359 0.0546687
0.819336 0.0571105
0.820312 0.0335345
0.821289 -0.0853228
0.822266 -0.0671984
0.823242 0.0369738
0.824219 -0.0851277
0.825195 0.0417009
0.826172 -0.0204619
0.827148 0.107405
0.828125 0.0460719
0.829102 0.0447533
0.830078 0.00917932
0.831055 0.0313309
0.832031 0.0205194
0.833008 -0.0312159
0.833984 0.0675504
0.834961 -0.0254034
0.835938 0.108153
0.836914 0.025404
0.837891 0.0211021
0.838867 0.0672321
0.839844 0.0857741
0.84082 0.073322
0.841797 0.0108475
0.842773 -0.0868881
0.84375 -0.0392099
0.844727 0.0469967
0.845703 -0.0594938
0.84668 -0.0743825
0.847656 0.00510164
0.848633 0.0324191
0.849609 -0.0629709
0.850586 -0.0160002
0.851562 -0.0275308
0.852539 0.024532
0.853516 -0.0893082
0.854492 -0.0606742
0.855469 0.0377782
0.856445 0.00931649
0.857422 0.0349819
0.858398 0.042127
0.859375 0.0482988
0.860352 0.0474507
0.861328 0.0132576
0.862305 0.00316682
0.863281 0.0036478
0.864258 0.0583389
0.865234 0.0423521
0.866211 0.0299923
0.867188 0.0344237
0.868164 -0.0303147
0.869141 -0.0946027
0.870117 0.0542068
0.871094 -0.0337253
0.87207 -0.0175618
0.873047 -0.0512579
0.874023 0.0340072
0.875 -0.133569
0.875977 0.0423864
0.876953 0.00664107
0.87793 0.0705899
0.878906 -0.0588001
0.879883 -0.133983
0.880859 -0.0176316
0.881836 -0.0485943
0.882812 -0.0662009
0.883789 0.0392219
0.884766 0.103249
0.885742 0.0409986
0.886719 -0.0511931
0.887695 -0.0243816
0.888672 -0.0183819
0.889648 -0.0689873
0.890625 0.0314887
0.891602 -0.0602649
0.892578 0.0707737
0.893555 0.0171972
0.894531 0.0185991
0.895508 0.015702
0.896484 0.0730016
0.897461 -0.0164706
0.898438 0.0730206
0.899414 0.0764442
0.900391 0.0980643
0.901367 -0.0342042
0.902344 -0.0725763
0.90332 -0.00480742
0.904297 -0.0503852
0.905273 -0.0391608
0.90625 -0.0284197
0.907227 0.0333881
0.908203 -0.0412151
0.90918 0.017919
0.910156 -0.0627628
0.911133 0.0675
0.912109 0.0714405
0.913086 0.0584681
0.914062 0.00513401
0.915039 0.0988811
0.916016 0.0158468
0.916992 0.070473
0.917969 -0.0146099
0.918945 0.0251716
0.919922 -0.0462211
0.920898 0.0139584
0.921875 -0.0696792
0.922852 -0.0465578
0.923828 0.0172167
0.924805 0.0256084
0.925781 -0.0295284
0.926758 0.0314741
0.927734 -0.0313519
0.928711 0.00902786
0.929688 0.0654266
0.930664 0.0371069
0.931641 0.000622252
0.932617 -0.0566945
0.933594 -0.0152041
0.93457 -0.0430347
0.935547 -0.0500662
0.936523 -0.0522438
0.9375 -0.105829
0.938477 -0.0026898
0.939453 -0.00709667
0.94043 0.0870754
0.941406 0.0347847
0.942383 0.0979242
0.943359 0.0211485
0.944336 0.0876091
0.945312 0.0341521
0.946289 0.0915404
0.947266 -0.090042
0.948242 -0.0289157
0.949219 -0.0192912
0.950195 -0.0469005
0.951172 0.0367257
0.952148 0.0312282
0.953125 0.0443211
0.954102 0.0550042
0.955078 -0.0434287
0.956055 0.0092924
0.957031 0.0447031
0.958008 -0.0586961
0.958984 0.00947513
0.959961 0.0674757
0.960938 0.0423978
0.961914 -0.156025
0.962891 -0.0595831
0.963867 -0.0816584
0.964844 0.127501
0.96582 0.0289025
0.966797 0.0523007
0.967773 0.00990663
0.96875 0.0178516
0.969727 0.0213701
0.970703 -0.000675889
0.97168 -0.0263537
0.972656 -0.0248279
0.973633 0.0634128
0.974609 0.106422
0.975586 0.00121993
0.976562 0.0554466
0.977539 -0.0188919
0.978516 0.0951752
0.979492 -0.016483
0.980469 -0.00686161
0.981445 -0.036549
0.982422 -0.0116388
0.983398 -0.00700661
0.984375 0.0279307
0.985352 0.0146928
0.986328 0.0964462
0.987305 0.0686729
0.988281 -0.014948
0.989258 0.00295712
0.990234 0.033608
0.991211 -0.040805
0.992188 -0.0190326
0.993164 -0.0100332
0.994141 -0.0487288
0.995117 0.050102
0.996094 -0.0918171
0.99707 -0.0300744
0.998047 0.0887365
0.999023 0.00527657
1 -0.0035692
1.00098 -0.0226615
1.00195 0.0363175
1.00293 0.00806184
1.00391 -0.0103812
1.00488 -0.00705195
1.00586 -0.0642693
1.00684 0.0442347
1.00781 0.0497775
1.00879 -0.0898082
1.00977 0.0593562
1.01074 0.0594148
1.01172 0.0679496
1.0127 0.0557178
1.01367 -0.0448955
1.01465 -0.0724594
1.01562 -0.0403623
1.0166 -0.0445602
1.01758 -0.077968
1.01855 -0.0638562
1.01953 0.0330894
1.02051 -0.00804374
1.02148 -0.0467125
1.02246 -0.0224318
1.02344 -0.0457902
1.02441 -0.0171379
1.02539 0.0473673
1.02637 0.076754
1.02734 0.0659443
1.02832 0.0200296
1.0293 0.0441316
1.03027 -0.0188132
1.03125 -0.0125718
1.03223 -0.00283318
1.0332 -0.0298641
1.03418 -0.0219775
1.03516 0.0501332
1.03613 -0.0497212
1.03711 -0.0690452
1.03809 0.132394
1.03906 0.0864149
1.04004 0.0374971
1.04102 -0.0129604
1.04199 0.0425791
1.04297 -0.0077066
1.04395 0.0133924
1.04492 -0.014017
1.0459 0.0832463
1.04688 -0.0222662
1.04785 0.0524194
1.04883 -0.0778849
1.0498 0.120185
1.05078 0.0121165
1.05176 0.0715736
1.05273 0.0293423
1.05371 0.016268
1.05469 0.0154116
1.05566 -0.0497891
1.05664 -0.0548511
1.05762 0.0144245
1.05859 -0.0654247
1.05957 -0.0276467
1.06055 -0.0342027
1.06152 0.0341363
1.0625 0.0482003
1.06348 -0.105959
1.06445 0.0725559
1.06543 -0.0607544
1.06641 -0.0328818
1.06738 0.0541509
1.06836 -0.043139
1.06934 -0.0421611
1.07031 -0.0634165
1.07129 0.108638
1.07227 0.0226774
1.07324 -0.0721426
1.07422 0.00411261
1.0752 0.0887632
1.07617 0.0276693
1.07715 0.0609402
1.07812 0.0254999
1.0791 -0.0811542
1.08008 -0.0771462
1.08105 -0.0186178
1.08203 -0.100476
1.08301 0.0292995
1.08398 -0.0688746
1.08496 0.0112162
1.08594 0.137497
1.08691 0.0216132
1.08789 -0.0829906
1.08887 0.00110428
1.08984 0.0189601
1.09082 -0.0201722
1.0918 0.0635576
1.09277 0.0473916
1.09375 0.114506
1.09473 0.0370192
1.0957 -0.0763689
1.09668 -0.0718771
1.09766 -0.00439421
1.09863 -0.0116783
1.09961 -0.0297346
1.10059 0.00689899
1.10156 -0.0880513
1.10254 0.0411477
1.10352 -0.00359957
1.10449 -0.0302386
1.10547 -0.013027
1.10645 -0.0561285
1.10742 0.000941873
1.1084 0.0243546
1.10938 -0.0166662
1.11035 0.034164
1.11133 0.137933
1.1123 0.0267762
1.11328 0.0795333
1.11426 -0.0413765
1.11523 -0.0404526
1.11621 -0.128983
1.11719 -0.0400121
1.11816 -0.130204
1.11914 0.00297273
1.12012 -0.00172601
1.12109 0.0680243
1.12207 -0.0403836
1.12305 0.0197542
1.12402 -0.0229309
1.125 0.0483515
1.12598 0.0206002
1.12695 0.0455264
1.12793 0.0545471
1.12891 -0.05355
1.12988 0.0480346
1.13086 0.0420207
1.13184 -0.0729587
1.13281 -0.0309759
1.13379 -0.0416883
1.13477 -0.0161395
1.13574 0.0172714
1.13672 0.0349401
1.1377 -0.0132487
1.13867 0.0189149
1.13965 -0.0553742
1.14062 0.0324306
1.1416 -0.0603374
1.14258 -0.0711314
1.14355 0.0427797
1.14453 -0.0543172
1.14551 0.0243099
1.14648 -0.0835427
1.14746 -0.0376339
1.14844 -0.0274508
1.14941 -0.0102926
1.15039 -0.0187644
1.15137 0.0520717
1.15234 -0.083949
1.15332 -0.0944344
1.1543 0.0276149
1.15527 -0.0109924
1.15625 0.0598671
1.15723 -0.0701037
1.1582 0.0165836
1.15918 -0.0274491
1.16016 0.0291391
1.16113 -0.0160008
1.16211 0.0117878
1.16309 -0.0049591
1.16406 0.0805916
1.16504 -0.017156
1.16602 0.0217512
1.16699 0.0018445
1.16797 -0.0279034
1.16895 -0.0798917
1.16992 0.00167745
1.1709 -0.0173216
1.17188 0.0154235
1.17285 -0.0262742
1.17383 -0.02134
1.1748 0.0164898
1.17578 0.040433
1.17676 0.0353105
1.17773 0.00855129
1.17871 0.0310368
1.17969 0.108069
1.18066 0.0439221
1.18164 0.0200498
1.18262 -0.0431537
1.18359 0.0308655
1.18457 -0.0772892
1.18555 0.061562
1.18652 0.0098222
1.1875 -0.00180334
1.18848 0.0926698
1.18945 0.0983495
1.19043 -0.00415429
1.19141 -0.0236799
1.19238 -0.0368442
1.19336 -0.0733072
1.19434 -0.00641595
1.19531 0.0408769
1.19629 0.0688539
1.19727 0.0258922
1.19824 0.0117982
1.19922 0.0772082
1.2002 0.0663884
1.20117 0.0328571
1.20215 0.0261056
1.20312 -0.0336682
1.2041 -0.00691992
1.20508 0.0283793
1.20605 -0.0210667
1.20703 0.014443
1.20801 -0.0214431
1.20898 -0.0587889
1.20996 -0.0596917
1.21094 0.0488824
1.21191 0.0527305
1.21289 0.0765829
1.21387 0.0870268
1.21484 -0.0329276
1.21582 -0.0335525
1.2168 -0.119726
1.21777 0.0318644
1.21875 -0.0600801
1.21973 0.0706625
1.2207 0.0178324
1.22168 -0.00482148
1.22266 0.0326634
1.22363 0.0324028
1.22461 0.0360988
1.22559 0.065167
1.22656 -0.0628636
1.22754 -0.0258272
1.22852 -7.8532e-05
1.22949 0.0109432
1.23047 0.0127229
1.23145 0.130813
1.23242 -0.0433477
1.2334 -0.0899863
1.23438 0.0534076
1.23535 0.00150491
1.23633 0.00961476
1.2373 0.122326
1.23828 -0.0268318
1.23926 0.0284406
1.24023 -0.0845975
1.24121 0.0480162
1.24219 -0.034358
1.24316 0.0383964
1.24414 0.0419703
1.24512 0.0699947
1.24609 0.0243094
1.24707 -0.0691919
1.24805 0.00449211
1.24902 -0.0124887
1.25 -0.0484367
1.25098 -0.0225929
1.25195 0.0168669
1.25293 0.0541798
1.25391 0.00279774
1.25488 0.0126631
1.25586 0.0678033
1.25684 -0.023209
1.25781 0.027674
1.25879 0.0625544
1.25977 0.0311125
1.26074 -0.0283628
1.26172 -0.0180026
1.2627 0.0631923
1.26367 0.0350076
1.26465 -0.0461598
1.26562 -0.098153
1.2666 -0.0130867
1.26758 -0.016114
1.26855 0.0475035
1.26953 -0.0712025
1.27051 0.00837223
1.27148 0.0681444
1.27246 -0.0689377
1.27344 -0.06597
1.27441 -0.031886
1.27539 -0.0854425
1.27637 0.12019
1.27734 0.0453782
1.27832 0.00312981
1.2793 -0.0353686
1.28027 0.0564897
1.28125 -0.0365994
1.28223 0.00326428
1.2832 0.0489661
1.28418 -0.0141612
1.28516 0.0299535
1.28613 -0.0780046
1.28711 0.0561236
1.28809 0.0111311
1.28906 0.0282007
1.29004 -0.037509
1.29102 0.0151363
1.29199 0.0248977
1.29297 0.059382
1.29395 -0.0253421
1.29492 0.0269439
1.2959 -0.0406991
1.29688 -0.0171612
1.29785 0.0820858
1.29883 -0.0187237
1.2998 -0.010319
1.30078 0.0188905
1.30176 -0.0183211
1.30273 -0.00109627
1.30371 0.0280922
1.30469 -0.0336712
1.30566 0.0699367
1.30664 -0.046073
1.30762 -0.013221
1.30859 -0.0182859
1.30957 -0.0430813
1.31055 0.019778
1.31152 -0.0157358
1.3125 0.0599127
1.31348 0.0350094
1.31445 -0.0228873
1.31543 0.0121462
1.31641 0.094438
1.31738 0.0147317
1.31836 0.0225974
1.31934 -0.0432011
1.32031 0.00510252
1.32129 0.0114615
1.32227 0.0405758
1.32324 0.061441
1.32422 0.0709321
1.3252 -0.0872338
1.32617 -0.0410927
1.32715 -0.153507
1.32812 0.0300396
1.3291 0.0245045
1.33008 -0.0247861
1.33105 -0.0117185
1.33203 0.0273768
1.33301 0.0232725
1.33398 -0.0517987
1.33496 -0.0508663
1.33594 0.0293032
1.33691 0.0242459
1.33789 0.076873
1.33887 -0.0696406
1.33984 0.001594
1.34082 0.0243592
1.3418 0.00475103
1.34277 -0.045003
1.34375 -0.020832
1.34473 -0.0264105
1.3457 -0.0234447
1.34668 0.0141217
1.34766 0.0416459
1.34863 0.0757851
1.34961 0.0454664
1.35059 -0.0575872
1.35156 -0.0346389
1.35254 0.044669
1.35352 0.00335015
1.35449 -0.00739163
1.35547 0.0326154
1.35645 0.0661029
1.35742 0.0126952
1.3584 -0.0129793
1.35938 0.0239838
1.36035 -0.0525414
1.36133 -0.00438147
1.3623 -0.0516571
1.36328 -0.026982
1.36426 0.00226486
1.36523 -0.0105224
1.36621 -0.0246476
1.36719 0.0292467
1.36816 0.0587327
1.36914 0.0410828
1.37012 -0.00249934
1.37109 0.0556744
1.37207 0.0371483
1.37305 -0.0242109
1.37402 -0.00086398
1.375 0.0318001
1.37598 0.0824675
1.37695 0.044645
1.37793 -0.000155016
1.37891 -0.0581851
1.37988 -0.0884971
1.38086 0.0334682
1.38184 -0.099893
1.38281 0.0247866
1.38379 -0.068846
1.38477 -0.123966
1.38574 -0.00154527
1.38672 0.0208501
1.3877 -0.0423423
1.38867 0.0111207
1.38965 -0.0180978
1.39062 -0.0773547
1.3916 -0.0703421
1.39258 -0.062941
1.39355 0.0792671
1.39453 -0.0127408
1.39551 -0.0495779
1.39648 -0.0746198
1.39746 -0.0795819
1.39844 0.0536979
1.39941 0.0852348
1.40039 -0.0192468
1.40137 0.0248322
1.40234 -0.0156105
1.40332 -0.104906
1.4043 -0.0544986
1.40527 -0.00221178
1.40625 0.0257839
1.40723 -0.00103362
1.4082 0.0477595
1.40918 -0.00777152
1.41016 -0.0158544
1.41113 0.0214072
1.41211 -0.0393236
1.41309 -0.0537184
1.41406 0.0364919
1.41504 0.0212338
1.41602 -0.0111343
1.41699 0.0998951
1.41797 -0.0520574
1.41895 -0.0135726
1.41992 -0.0773617
1.4209 0.0169883
1.42188 0.0485339
1.42285 0.0638684
1.42383 -0.00282096
1.4248 -0.0331232
1.42578 -0.0337872
1.42676 0.0757302
1.42773 -0.0306747
1.42871 0.0840314
1.42969 0.136949
1.43066 -0.0537799
1.43164 0.0173305
1.43262 -0.0512474
1.43359 -0.0630779
1.43457 0.00749085
1.43555 -0.00249246
1.43652 -0.00170406
1.4375 -0.0501956
1.43848 -0.0164942
1.43945 -0.0339846
1.44043 -0.0713082
1.44141 0.0724404
1.44238 0.0677812
1.44336 0.0206989
1.44434 -0.0224497
1.44531 -0.0228462
1.44629 -0.0624599
1.44727 0.0423642
1.44824 0.0046054
1.44922 -0.0275211
1.4502 -0.0548962
1.45117 0.0314577
1.45215 0.015482
1.45312 0.0339457
1.4541 -0.0207498
1.45508 0.0297069
1.45605 0.0435043
1.45703 -0.0300439
1.45801 0.0604949
1.45898 -0.0218446
1.45996 0.000114972
1.46094 -0.0402918
1.46191 -0.0665372
1.46289 0.0208021
1.46387 0.0286982
1.46484 0.0528393
1.46582 0.0611247
1.4668 -0.0519211
1.46777 0.0511782
1.46875 0.0564944
1.46973 0.0958737
1.4707 -0.00558757
1.47168 -0.0600753
1.47266 0.026722
1.47363 0.0368507
1.47461 0.00997754
1.47559 0.0807747
1.47656 -0.0175146
1.47754 0.0121832
1.47852 0.00205416
1.47949 0.0468884
1.48047 -0.159918
1.48145 0.017393
1.48242 0.0587446
1.4834 -0.0620008
1.48438 -0.0952991
1.48535 0.049454
1.48633 0.0381735
1.4873 -0.0110317
1.48828 0.0456264
1.48926 -0.0668511
1.49023 0.023786
1.49121 -0.0794925
1.49219 0.0772519
1.49316 -0.00771624
1.49414 -0.0172112
1.49512 -0.00646917
1.49609 0.00523757
1.49707 0.0679034
1.49805 -0.027535
1.49902 0.0230026
1.5 -0.0597254
1.50098 0.0571335
1.50195 -0.0174736
1.50293 0.0584587
1.50391 0.0423313
1.50488 0.0387598
1.50586 0.0605809
1.50684 0.0337282
1.50781 0.0837631
1.50879 0.046028
1.50977 0.0415795
1.51074 0.0724813
1.51172 -0.015887
1.5127 0.0521667
1.51367 0.0260638
1.51465 0.00609
1.51562 0.0130728
1.5166 -0.00234312
1.51758 0.0779792
1.51855 -0.0420665
1.51953 -0.0130547
1.52051 0.0361161
1.52148 0.0149411
1.52246 -0.129092
1.52344 -0.0128683
1.52441 0.033623
1.52539 0.0369612
1.52637 -0.0523426
1.52734 -0.0851925
1.52832 -0.00313653
1.5293 -0.059818
1.53027 0.0370921
1.53125 0.0107315
1.53223 -0.0255382
1.5332 -0.00616524
1.53418 -0.0371302
1.53516 0.0874852
1.53613 -0.0709843
1.53711 -0.0384517
1.53809 0.0366127
1.53906 0.0051565
1.54004 0.0589765
1.54102 0.193727
1.54199 -0.0751789
1.54297 -0.0405174
1.54395 0.015523
1.54492 -0.0161553
1.5459 -0.0412858
1.54688 0.0337964
1.54785 0.0253427
1.54883 0.0173756
1.5498 -0.0695171
1.55078 -0.061172
1.55176 -0.0202034
1.55273 -0.0249392
1.55371 -0.0949844
1.55469 -0.0455745
1.55566 -0.00907778
1.55664 0.0581408
1.55762 0.056359
1.55859 0.0148533
1.55957 0.12111
1.56055 0.0401055
1.56152 -0.00948773
1.5625 0.0459846
1.56348 0.0676612
1.56445 -0.00750422
1.56543 0.0373861
1.56641 0.0136473
1.56738 -0.113187
1.56836 0.0413659
1.56934 -0.0078068
1.57031 0.0881711
1.57129 -0.0173205
1.57227 -0.0513695
1.57324 -0.0106577
1.57422 0.00213894
1.5752 -0.038155
1.57617 0.0183552
1.57715 -0.0427138
1.57812 -0.0679542
1.5791 0.0296096
1.58008 -0.0283141
1.58105 -0.000243782
1.58203 0.0397341
1.58301 -0.125539
1.58398 0.0398004
1.58496 0.0555919
1.58594 0.106846
1.58691 -0.00838877
1.58789 -0.00715786
1.58887 -0.0455357
1.58984 0.053901
1.59082 0.00595593
1.5918 0.0515859
1.59277 -0.0143979
1.59375 0.0188764
1.59473 -0.0367977
1.5957 0.0795882
1.59668 0.0552539
1.59766 -0.0416972
1.59863 -0.0710476
1.59961 -0.00994923
1.60059 0.0257303
1.60156 -0.0707667
1.60254 -0.0314997
1.60352 0.0138157
1.60449 -0.0412997
1.60547 -0.112299
1.60645 -0.0430348
1.60742 0.0231966
1.6084 0.0141696
1.60938 -0.0631626
1.61035 0.0223004
1.61133 0.0183982
1.6123 0.0564209
1.61328 -0.0321162
1.61426 0.0470784
1.61523 -0.00249887
1.61621 -0.12327
1.61719 0.0359521
1.61816 0.0790735
1.61914 0.0130259
1.62012 -0.139084
1.62109 0.040825
1.62207 0.0274721
1.62305 -0.0437099
1.62402 -0.00972038
1.625 0.0471191
1.62598 0.0395083
1.62695 -0.00697162
1.62793 0.0728235
1.62891 0.0214852
1.62988 0.0566711
1.63086 -0.0929754
1.63184 0.0195406
1.63281 -0.111885
1.63379 0.0916207
1.63477 -0.0231519
1.63574 0.00832533
1.63672 0.0489168
1.6377 0.0378471
1.63867 0.0405349
1.63965 0.0456489
1.64062 0.142221
1.6416 -0.0630826
1.64258 -0.00611084
1.64355 0.00925234
1.64453 0.0199954
1.64551 0.0451573
1.64648 0.0290348
1.64746 -0.0202403
1.64844 0.0827597
1.64941 0.0345865
1.65039 -0.0664794
1.65137 0.0234778
1.65234 -0.00491852
1.65332 -0.00792073
1.6543 0.0670957
1.65527 0.0358942
1.65625 0.022837
1.65723 -0.00377733
1.6582 -0.0371264
1.65918 -0.0289682
1.66016 0.00237656
1.66113 -0.0313838
1.66211 0.0161673
1.66309 0.0366783
1.66406 0.0167242
1.66504 -0.00541099
1.66602 0.0355582
1.66699 0.0197374
1.66797 -0.0562308
1.66895 0.0136828
1.66992 -0.090863
1.6709 0.0181047
1.67188 0.0371525
1.67285 0.0291009
1.67383 0.0182049
1.6748 -0.0436057
1.67578 0.101831
1.67676 -0.0480912
1.67773 0.079165
1.67871 0.0838363
1.67969 0.0212928
1.68066 -0.0496461
1.68164 0.03594
1.68262 -0.0347817
1.68359 0.121297
1.68457 0.0855826
1.68555 0.0238375
1.68652 -0.00290648
1.6875 0.0921086
1.68848 -0.0237972
1.68945 0.0179416
1.69043 -0.0599363
1.69141 0.0323726
1.69238 0.0310012
1.69336 0.0263567
1.69434 0.0672525
1.69531 0.000535741
1.69629 0.0309007
1.69727 -0.00412984
1.69824 -0.0545249
1.69922 0.0330931
1.7002 0.0676372
1.70117 0.047895
1.70215 -0.000649856
1.70312 -0.0143747
1.7041 -0.0212994
1.70508 0.00104626
1.70605 -0.0394867
1.70703 0.0385664
1.70801 -0.0397318
1.70898 -0.0332584
1.70996 -0.0792439
1.71094 -0.0617676
1.71191 -0.109041
1.71289 -0.000938718
1.71387 0.016758
1.71484 -0.00808303
1.71582 0.101816
1.7168 0.0458705
1.71777 -0.0341297
1.71875 -0.0450204
1.71973 -0.0431627
1.7207 0.0901229
1.72168 0.020618
1.72266 -0.0158116
1.72363 -0.00655325
1.72461 0.0120738
1.72559 0.100514
1.72656 0.0110254
1.72754 0.0386958
1.72852 0.0852355
1.72949 0.12033
1.73047 0.0222258
1.73145 -0.0152183
1.73242 0.0021134
1.7334 -0.0182786
1.73438 0.0212594
1.73535 0.0357198
1.73633 -0.0845193
1.7373 0.0312979
1.73828 -0.0240169
1.73926 -0.0337036
1.74023 0.0481703
1.74121 0.0335502
1.74219 -0.0394301
1.74316 0.124368
1.74414 -0.0977517
1.74512 -0.0901427
1.74609 0.0194487
1.74707 0.105644
1.74805 -0.0127286
1.74902 -0.00624627
1.75 0.0160252
1.75098 -0.039552
1.75195 -0.0456114
1.75293 0.0322612
1.75391 0.0511191
1.75488 0.0190901
1.75586 0.0167728
1.75684 -0.0108946
1.75781 0.0228133
1.75879 -0.0625869
1.75977 0.0546891
1.76074 0.0209014
1.76172 0.00655442
1.7627 -0.0191879
1.76367 0.00982206
1.76465 -0.0338229
1.76562 0.086798
1.7666 0.0599197
1.76758 0.0958026
1.76855 -0.0411922
1.76953 0.0332072
1.77051 -0.0592419
1.77148 -0.0237297
1.77246 -0.0862973
1.77344 0.0445386
1.77441 -0.0464992
1.77539 0.00117856
1.77637 0.0636137
1.77734 -0.080586
1.77832 -0.047506
1.7793 0.032459
1.78027 0.031271
1.78125 0.0131989
1.78223 0.000196657
1.7832 0.121486
1.78418 0.0539915
1.78516 0.126765
1.78613 0.00493625
1.78711 -0.00308027
1.78809 -0.0276577
1.78906 0.14136
1.79004 -0.0388896
1.79102 0.0501282
1.79199 0.0510824
1.79297 0.0384906
1.79395 -0.0741255
1.79492 -0.0227577
1.7959 0.0366006
1.79688 -0.068408
1.79785 -0.000381408
1.79883 0.0824865
1.7998 0.0741536
1.80078 0.0643453
1.80176 0.0281538
1.80273 0.06157
1.80371 -0.0580564
1.80469 0.0305756
1.80566 0.0925269
1.80664 0.0132025
1.80762 -0.0775828
1.80859 0.068275
1.80957 0.0501493
1.81055 0.089554
1.81152 -0.0995705
1.8125 0.0258454
1.81348 0.0438232
1.81445 -0.0669039
1.81543 -0.00229921
1.81641 -0.0481899
1.81738 -0.0769681
1.81836 0.00665795
1.81934 0.0047611
1.82031 -0.0125883
1.82129 0.0260645
1.82227 0.12876
1.82324 0.0373254
1.82422 0.0201836
1.8252 -0.00570144
1.82617 0.00812725
1.82715 -0.0712018
1.82812 -0.0163837
1.8291 0.0215958
1.83008 0.0867944
1.83105 0.0169034
1.83203 -0.00713032
1.83301 0.113142
1.83398 0.11407
1.83496 0.00439355
1.83594 0.0738938
1.83691 0.0628036
1.83789 -0.000313167
1.83887 -0.0659669
1.83984 0.0305453
1.84082 0.103004
1.8418 0.0480197
1.84277 -0.101901
1.84375 0.08115
1.84473 0.0400199
1.8457 -0.0418044
1.84668 0.0744029
1.84766 -0.0250783
1.84863 0.0867395
1.84961 -0.0235141
1.85059 0.0249687
1.85156 -0.00825766
1.85254 -0.0297533
1.85352 0.0726827
1.85449 -0.0516976
1.85547 -0.0012775
1.85645 0.0537848
1.85742 0.0010686
1.8584 0.00204318
1.85938 0.063302
1.86035 0.0514079
1.86133 0.0154585
1.8623 0.069426
1.86328 0.0645886
1.86426 -0.081888
1.86523 -0.097908
1.86621 -0.00877704
1.86719 -0.0227097
1.86816 -0.0835779
1.86914 0.0120358
1.87012 -0.0147915
1.87109 0.00980129
1.87207 -0.0632912
1.87305 0.0593761
1.87402 0.00226194
1.875 0.047395
1.87598 0.0458403
1.87695 0.0521193
1.87793 -0.0184016
1.87891 -0.0515545
1.87988 -0.00587836
1.88086 0.10383
1.88184 0.0287981
1.88281 -0.00565486
1.88379 0.00528011
1.88477 0.0402091
1.88574 -0.0529567
1.88672 -0.0158798
1.8877 0.0170131
1.88867 0.0163572
1.88965 -0.00586076
1.89062 -0.105258
1.8916 0.0058561
1.89258 -0.091927
1.89355 0.0301474
1.89453 -0.00353418
1.89551 0.0852341
1.89648 0.0172031
1.89746 0.0466065
1.89844 0.0679568
1.89941 -0.00138214
1.90039 0.0161487
1.90137 0.0505006
1.90234 0.014314
1.90332 -0.031562
1.9043 -0.0550316
1.90527 0.0487037
1.90625 -0.0300517
1.90723 -0.0359352
1.9082 -0.0321733
1.90918 0.0413563
1.91016 0.0647739
1.91113 0.032686
1.91211 0.103576
1.91309 0.00640537
1.91406 -0.0183021
1.91504 0.010543
1.91602 0.106225
1.91699 0.0677055
1.91797 -0.0304223
1.91895 -0.059873
1.91992 -0.00620479
1.9209 0.0193773
1.92188 -0.0258332
1.92285 0.0750591
1.92383 0.0398344
1.9248 0.0206465
1.92578 -0.0509625
1.92676 -0.00338554
1.92773 0.0478333
1.92871 -0.00622724
1.92969 0.01845
1.93066 0.0254647
1.93164 -0.0233741
1.93262 0.102138
1.93359 0.0522438
1.93457 -0.00799466
1.93555 0.027901
1.93652 0.121596
1.9375 0.0202651
1.93848 0.0309062
1.93945 0.109141
1.94043 0.181749
1.94141 -0.0413732
1.94238 0.000923016
1.94336 -0.0833998
1.94434 -0.033118
1.94531 -0.0242147
1.94629 -0.11448
1.94727 -0.0272289
1.94824 -0.0305229
1.94922 -0.100779
1.9502 0.0348952
1.95117 -0.0640021
1.95215 -0.0322543
1.95312 -0.00148813
1.9541 -0.0974355
1.95508 -0.0221591
1.95605 0.00669906
1.95703 0.0625543
1.95801 -0.0200066
1.95898 0.00688348
1.95996 0.0660719
1.96094 -0.0633893
1.96191 0.0231408
1.96289 0.0491133
1.96387 0.0751528
1.96484 0.0454721
1.96582 0.0139743
1.9668 -0.0416533
1.96777 0.0325094
1.96875 0.110087
1.96973 -0.000569356
1.9707 0.100622
1.97168 0.0672113
1.97266 -0.0266181
1.97363 -0.058807
1.97461 -0.0410307
1.97559 -0.0343574
1.97656 0.042214
1.97754 0.0844919
1.97852 0.0371821
1.97949 -0.0293986
1.98047 -0.00220261
1.98145 0.00970496
1.98242 0.0724876
1.9834 0.0559231
1.98438 -0.0730213
1.98535 -0.0181555
1.98633 -0.0405679
1.9873 -0.0724601
1.98828 0.0132873
1.98926 -0.0058439
1.99023 -0.00429979
1.99121 -0.0384838
1.99219 -0.0875415
1.99316 -0.0159113
1.99414 0.0132996
1.99512 0.0557709
1.99609 0.0882302
1.99707 0.070454
1.99805 -0.0171744
1.99902 0.0529138
