0 -2.64336
0.000976562 -0.494267
0.00195312 7.91392
0.00292969 1.43774
0.00390625 2.11319
0.00488281 -1.2978
0.00585938 1.94957
0.00683594 4.44775
0.0078125 3.28212
0.00878906 -1.24684
0.00976562 1.21629
0.0107422 1.13381
0.0117188 3.22921
0.0126953 1.55569
0.0136719 4.52298
0.0146484 2.7278
0.015625 -1.82815
0.0166016 -2.68437
0.0175781 -2.78242
0.0185547 6.64322
0.0195312 -0.433851
0.0205078 1.04716
0.0214844 0.0435478
0.0224609 -2.00816
0.0234375 2.91795
0.0244141 -0.116049
0.0253906 1.7553
0.0263672 -0.563858
0.0273438 2.02441
0.0283203 -1.82153
0.0292969 3.95865
0.0302734 3.34015
0.03125 -4.12337
0.0322266 4.298
0.0332031 0.948135
0.0341797 0.654912
0.0351562 -0.749306
0.0361328 -0.828295
0.0371094 -0.201887
0.0380859 -0.63371
0.0390625 -0.350308
0.0400391 -2.41989
0.0410156 5.86761
0.0419922 0.544732
0.0429688 -3.43793
0.0439453 -2.98674
0.0449219 1.60335
0.0458984 2.85433
0.046875 -0.775653
0.0478516 5.01829
0.0488281 0.175802
0.0498047 3.70574
0.0507812 5.74414
0.0517578 1.54295
0.0527344 0.820918
0.0537109 -1.38896
0.0546875 0.268319
0.0556641 0.269089
0.0566406 -0.151539
0.0576172 -1.42778
0.0585938 -1.95234
0.0595703 0.183777
0.0605469 3.4789
0.0615234 7.08982
0.0625 -3.59126
0.0634766 2.26191
0.0644531 5.47237
0.0654297 -7.6591
0.0664062 -1.35727
0.0673828 -2.87581
0.0683594 1.42568
0.0693359 -4.37619
0.0703125 -0.131811
0.0712891 3.29835
0.0722656 1.47287
0.0732422 0.642903
0.0742188 -5.94622
0.0751953 -2.19428
0.0761719 -0.71108
0.0771484 -1.31545
0.078125 3.19491
0.0791016 0.559736
0.0800781 0.364847
0.0810547 -1.36417
0.0820312 0.328918
0.0830078 -1.56679
0.0839844 0.616682
0.0849609 -0.456897
0.0859375 2.57239
0.0869141 -2.08447
0.0878906 -4.94189
0.0888672 1.80647
0.0898438 -1.69957
0.0908203 -0.230322
0.0917969 2.02114
0.0927734 0.870069
0.09375 2.89274
0.0947266 -0.0562595
0.0957031 -0.50452
0.0966797 -2.41469
0.0976562 -5.0205
0.0986328 2.62986
0.0996094 0.710392
0.100586 2.72977
0.101562 -4.43512
0.102539 -0.229749
0.103516 -1.28583
0.104492 -3.88772
0.105469 0.244263
0.106445 -5.416
0.107422 -3.97171
0.108398 0.671915
0.109375 -3.39574
0.110352 4.49053
0.111328 -0.141723
0.112305 -1.48335
0.113281 -0.917173
0.114258 0.415452
0.115234 0.278404
0.116211 -1.76334
0.117188 -0.325602
0.118164 -1.58244
0.119141 3.10632
0.120117 5.87791
0.121094 -2.28561
0.12207 -1.08965
0.123047 4.18933
0.124023 -5.08825
0.125 -0.94194
0.125977 0.709756
0.126953 2.71244
0.12793 1.72153
0.128906 -3.10491
0.129883 2.27819
0.130859 1.52887
0.131836 -1.14525
0.132812 -2.45873
0.133789 -2.10141
0.134766 2.48952
0.135742 -1.13623
0.136719 -1.33402
0.137695 0.311504
0.138672 2.00186
0.139648 4.48841
0.140625 1.72595
0.141602 5.39363
0.142578 1.62321
0.143555 -0.106326
0.144531 2.36909
0.145508 2.4535
0.146484 5.95885
0.147461 1.95017
0.148438 1.12277
0.149414 0.875913
0.150391 0.599597
0.151367 -5.38714
0.152344 3.69028
0.15332 3.1593
0.154297 2.64619
0.155273 0.367009
0.15625 -1.13691
0.157227 -1.21473
0.158203 4.96257
0.15918 3.49243
0.160156 2.18182
0.161133 -2.29375
0.162109 -1.54611
0.163086 0.354502
0.164062 -0.948732
0.165039 -6.22959
0.166016 -0.568042
0.166992 -2.47337
0.167969 3.13497
0.168945 -3.83707
0.169922 -5.53891
0.170898 -3.58693
0.171875 -1.42845
0.172852 -0.98037
0.173828 2.01198
0.174805 -3.33533
0.175781 5.10854
0.176758 1.59142
0.177734 1.83104
0.178711 -1.16439
0.179688 3.55075
0.180664 0.36208
0.181641 -0.747701
0.182617 1.61575
0.183594 -2.31761
0.18457 2.20465
0.185547 0.191042
0.186523 -1.25184
0.1875 4.66125
0.188477 -2.08948
0.189453 -1.26537
0.19043 -3.81258
0.191406 1.02494
0.192383 3.53622
0.193359 2.59362
0.194336 7.11461
0.195312 -1.10036
0.196289 -3.05394
0.197266 2.64123
0.198242 -4.94327
0.199219 6.0738
0.200195 5.12614
0.201172 1.19666
0.202148 -1.6645
0.203125 6.76877
0.204102 -3.3808
0.205078 7.70578
0.206055 -3.32506
0.207031 -3.99542
0.208008 3.4578
0.208984 -0.256094
0.209961 -1.78112
0.210938 3.33481
0.211914 -7.28891
0.212891 -2.2587
0.213867 -4.59108
0.214844 0.973184
0.21582 1.77945
0.216797 -0.496681
0.217773 -7.54805
0.21875 3.48673
0.219727 1.75758
0.220703 1.41379
0.22168 -1.39142
0.222656 -0.431609
0.223633 2.1634
0.224609 4.53419
0.225586 -2.15461
0.226562 3.76942
0.227539 -6.26602
0.228516 1.20516
0.229492 -8.43735
0.230469 5.77646
0.231445 2.3653
0.232422 10.9055
0.233398 -11.0128
0.234375 40.2943
0.235352 128.002
0.236328 -6.61069
0.237305 3.67035
0.238281 -4.55192
0.239258 8.67265
0.240234 0.352492
0.241211 6.54748
0.242188 -1.13538
0.243164 0.403687
0.244141 2.42425
0.245117 4.55638
0.246094 0.0714731
0.24707 0.148423
0.248047 -2.03908
0.249023 6.38668
0.25 -0.724746
0.250977 4.71264
0.251953 0.488725
0.25293 2.17155
0.253906 -3.62894
0.254883 4.98178
0.255859 2.68691
0.256836 -0.201896
0.257812 3.59838
0.258789 -2.54363
0.259766 -1.93663
0.260742 5.4247
0.261719 3.00097
0.262695 1.19822
0.263672 3.16957
0.264648 7.6261
0.265625 0.18135
0.266602 -0.187616
0.267578 -0.524204
0.268555 0.0781377
0.269531 -1.16511
0.270508 2.11368
0.271484 -2.35837
0.272461 -4.50585
0.273438 -1.65618
0.274414 4.49369
0.275391 -1.03833
0.276367 -5.61604
0.277344 -3.60091
0.27832 2.42456
0.279297 -1.59387
0.280273 -2.24428
0.28125 -0.143448
0.282227 -0.763626
0.283203 7.34558
0.28418 0.670578
0.285156 -0.513804
0.286133 -3.15422
0.287109 -2.92413
0.288086 -0.862935
0.289062 -0.153382
0.290039 5.65983
0.291016 -2.23445
0.291992 0.395403
0.292969 -1.04664
0.293945 2.12666
0.294922 -1.28484
0.295898 0.143623
0.296875 1.47654
0.297852 2.93014
0.298828 -4.32631
0.299805 1.41587
0.300781 2.15375
0.301758 -1.64006
0.302734 0.849112
0.303711 6.15864
0.304688 2.00895
0.305664 -3.26551
0.306641 4.25575
0.307617 -4.90901
0.308594 -3.70149
0.30957 0.0972211
0.310547 1.97901
0.311523 6.80671
0.3125 1.85423
0.313477 4.77507
0.314453 4.88175
0.31543 0.214391
0.316406 1.81867
0.317383 2.5191
0.318359 -2.69427
0.319336 -3.89774
0.320312 -1.82093
0.321289 2.98877
0.322266 1.38889
0.323242 2.09735
0.324219 -1.99753
0.325195 -3.81311
0.326172 1.48826
0.327148 -5.64581
0.328125 3.21511
0.329102 3.29999
0.330078 0.528301
0.331055 0.641519
0.332031 -2.50066
0.333008 -0.044089
0.333984 5.24356
0.334961 0.868974
0.335938 5.12831
0.336914 6.06874
0.337891 3.03411
0.338867 0.631235
0.339844 -4.97624
0.34082 3.68586
0.341797 0.92242
0.342773 -3.82849
0.34375 -0.0415614
0.344727 -1.83479
0.345703 -0.837306
0.34668 3.34943
0.347656 -1.52948
0.348633 -0.729799
0.349609 4.56525
0.350586 4.0697
0.351562 7.08411
0.352539 6.19957
0.353516 -3.02922
0.354492 2.16317
0.355469 -6.51387
0.356445 6.22362
0.357422 -0.239364
0.358398 -0.880478
0.359375 1.05543
0.360352 3.23698
0.361328 2.10605
0.362305 0.1545
0.363281 -2.842
0.364258 3.7111
0.365234 2.95452
0.366211 4.43243
0.367188 1.58024
0.368164 1.4001
0.369141 1.50344
0.370117 -1.83462
0.371094 -2.93579
0.37207 -0.175665
0.373047 5.82864
0.374023 0.814048
0.375 3.88034
0.375977 1.55654
0.376953 3.10105
0.37793 3.66776
0.378906 0.528011
0.379883 -1.21958
0.380859 -6.08579
0.381836 -0.243688
0.382812 1.97165
0.383789 -3.51251
0.384766 -2.72354
0.385742 1.10733
0.386719 -4.06183
0.387695 4.34535
0.388672 3.16581
0.389648 -0.611343
0.390625 -6.63829
0.391602 0.391527
0.392578 2.10887
0.393555 3.48041
0.394531 -5.78001
0.395508 -3.3175
0.396484 3.81791
0.397461 4.15008
0.398438 1.37801
0.399414 -3.06695
0.400391 -2.68517
0.401367 1.71534
0.402344 0.898561
0.40332 -5.96543
0.404297 1.99227
0.405273 -3.09797
0.40625 8.31833
0.407227 5.46592
0.408203 -4.67215
0.40918 1.63587
0.410156 -1.8445
0.411133 4.53786
0.412109 4.80306
0.413086 -0.472078
0.414062 -1.65877
0.415039 3.12634
0.416016 2.61706
0.416992 1.7866
0.417969 -2.78464
0.418945 -3.44259
0.419922 5.28933
0.420898 -0.134603
0.421875 0.877025
0.422852 -1.04864
0.423828 -4.64611
0.424805 -0.575401
0.425781 -1.9757
0.426758 2.18337
0.427734 -2.06976
0.428711 0.591088
0.429688 3.48011
0.430664 -2.65468
0.431641 3.14329
0.432617 4.56529
0.433594 -2.57337
0.43457 0.243756
0.435547 3.06449
0.436523 1.67329
0.4375 -0.462279
0.438477 -1.92507
0.439453 -0.123582
0.44043 -1.11354
0.441406 -1.49256
0.442383 0.843038
0.443359 -5.52303
0.444336 1.05955
0.445312 3.39264
0.446289 2.34373
0.447266 -1.10196
0.448242 2.31615
0.449219 2.7015
0.450195 -1.11407
0.451172 0.947244
0.452148 -3.11478
0.453125 2.8524
0.454102 -3.42
0.455078 -2.9901
0.456055 0.496222
0.457031 1.95965
0.458008 -1.84994
0.458984 1.19075
0.459961 -1.38289
0.460938 -0.232208
0.461914 -0.978441
0.462891 2.74704
0.463867 -4.42893
0.464844 -2.14606
0.46582 -4.32128
0.466797 -2.81007
0.467773 -3.49626
0.46875 0.208691
0.469727 -0.688276
0.470703 1.69929
0.47168 4.46873
0.472656 0.0561752
0.473633 2.55557
0.474609 -3.36514
0.475586 -3.90151
0.476562 4.06208
0.477539 -1.73838
0.478516 3.07995
0.479492 -1.89909
0.480469 4.02311
0.481445 4.10402
0.482422 0.473856
0.483398 2.70445
0.484375 -0.470408
0.485352 5.76898
0.486328 0.786174
0.487305 1.70869
0.488281 4.20627
0.489258 -0.790786
0.490234 -1.16178
0.491211 2.39493
0.492188 5.31745
0.493164 -1.89321
0.494141 2.80135
0.495117 -1.84692
0.496094 0.829454
0.49707 1.5322
0.498047 -2.57979
0.499023 -2.34022
0.5 1.38084
0.500977 -0.849541
0.501953 4.30154
0.50293 4.03655
0.503906 0.16193
0.504883 0.808277
0.505859 -3.61861
0.506836 4.67691
0.507812 -1.71259
0.508789 0.925985
0.509766 -7.39598
0.510742 1.44363
0.511719 -5.37892
0.512695 -3.28361
0.513672 3.79581
0.514648 -1.62188
0.515625 -0.0814468
0.516602 2.21706
0.517578 2.23149
0.518555 -1.0249
0.519531 -1.07931
0.520508 0.901217
0.521484 2.96531
0.522461 -3.07743
0.523438 -0.941395
0.524414 0.721411
0.525391 1.79537
0.526367 -3.89234
0.527344 0.743829
0.52832 -0.704141
0.529297 1.63446
0.530273 -0.278193
0.53125 0.913699
0.532227 0.747182
0.533203 -3.70551
0.53418 4.7402
0.535156 2.48323
0.536133 -0.20358
0.537109 1.96423
0.538086 0.124427
0.539062 3.97462
0.540039 1.43257
0.541016 -2.03167
0.541992 3.25644
0.542969 1.82007
0.543945 -4.6757
0.544922 -1.64756
0.545898 5.24408
0.546875 2.65106
0.547852 1.89842
0.548828 -0.588868
0.549805 3.54346
0.550781 -0.817358
0.551758 7.19646
0.552734 4.37208
0.553711 0.402085
0.554688 1.25856
0.555664 2.52777
0.556641 2.23269
0.557617 4.05577
0.558594 -1.95459
0.55957 0.391545
0.560547 3.41176
0.561523 -1.39737
0.5625 6.72083
0.563477 2.54827
0.564453 1.79946
0.56543 1.90213
0.566406 5.39216
0.567383 3.08917
0.568359 0.837267
0.569336 -1.80432
0.570312 2.71958
0.571289 6.57435
0.572266 2.01044
0.573242 -3.66294
0.574219 -2.10082
0.575195 0.395102
0.576172 6.00506
0.577148 -1.09325
0.578125 0.0374733
0.579102 7.35294
0.580078 -3.1628
0.581055 1.13015
0.582031 1.44941
0.583008 0.880681
0.583984 5.3386
0.584961 -2.26344
0.585938 -1.70869
0.586914 1.47671
0.587891 -1.16027
0.588867 -0.458139
0.589844 3.11188
0.59082 2.96572
0.591797 3.91291
0.592773 2.5269
0.59375 -1.66369
0.594727 -0.710673
0.595703 -0.204306
0.59668 4.14116
0.597656 -3.38876
0.598633 2.72146
0.599609 5.68591
0.600586 -1.65272
0.601562 -0.516936
0.602539 6.10828
0.603516 1.3592
0.604492 -0.200499
0.605469 -1.30256
0.606445 3.25572
0.607422 -0.702168
0.608398 -1.4245
0.609375 -0.697768
0.610352 -3.58902
0.611328 -7.26676
0.612305 2.30302
0.613281 4.27882
0.614258 1.16818
0.615234 1.48904
0.616211 2.24038
0.617188 -1.54101
0.618164 -1.74471
0.619141 -1.68408
0.620117 4.20585
0.621094 2.21907
0.62207 -0.243437
0.623047 1.09386
0.624023 -4.34292
0.625 5.2754
0.625977 -4.84083
0.626953 -3.65729
0.62793 1.71155
0.628906 -3.083
0.629883 -5.3765
0.630859 -3.83411
0.631836 4.55045
0.632812 -1.60801
0.633789 0.662397
0.634766 2.79053
0.635742 -2.11155
0.636719 2.06413
0.637695 -1.34286
0.638672 -6.20809
0.639648 1.83115
0.640625 -0.105386
0.641602 -0.485394
0.642578 2.24832
0.643555 3.87938
0.644531 -0.869562
0.645508 1.76917
0.646484 0.981491
0.647461 -4.16936
0.648438 -1.44369
0.649414 -3.64804
0.650391 1.53491
0.651367 -1.9028
0.652344 -2.49813
0.65332 2.95407
0.654297 4.10371
0.655273 1.09296
0.65625 -0.563447
0.657227 -0.864933
0.658203 -0.0547479
0.65918 2.11586
0.660156 3.30552
0.661133 3.64806
0.662109 2.44141
0.663086 -5.10776
0.664062 0.803371
0.665039 3.01192
0.666016 0.850752
0.666992 1.78698
0.667969 0.133107
0.668945 8.47706
0.669922 -1.90314
0.670898 0.45524
0.671875 3.23417
0.672852 -0.571654
0.673828 -5.05364
0.674805 0.145595
0.675781 -1.98789
0.676758 -0.516032
0.677734 -0.757154
0.678711 3.62873
0.679688 2.73234
0.680664 2.03569
0.681641 6.15293
0.682617 2.94037
0.683594 2.69302
0.68457 1.34491
0.685547 0.983593
0.686523 1.97866
0.6875 -0.732681
0.688477 -1.24188
0.689453 1.43766
0.69043 -0.669838
0.691406 -3.33175
0.692383 5.99987
0.693359 -1.48501
0.694336 4.64022
0.695312 3.83609
0.696289 0.298919
0.697266 1.2368
0.698242 2.19407
0.699219 2.13076
0.700195 0.0797297
0.701172 -0.433007
0.702148 3.67042
0.703125 2.11946
0.704102 0.0041111
0.705078 0.76469
0.706055 2.11833
0.707031 -2.95036
0.708008 0.213881
0.708984 -0.711867
0.709961 2.79462
0.710938 -0.329994
0.711914 -3.37934
0.712891 -1.97292
0.713867 3.78856
0.714844 1.55957
0.71582 -0.691296
0.716797 4.70252
0.717773 0.0576348
0.71875 -0.165999
0.719727 6.96475
0.720703 3.55562
0.72168 -1.56206
0.722656 -1.25978
0.723633 0.44471
0.724609 -1.28265
0.725586 -2.17031
0.726562 -2.38106
0.727539 4.27931
0.728516 -1.17675
0.729492 0.777574
0.730469 0.779901
0.731445 0.361873
0.732422 0.0877177
0.733398 0.754372
0.734375 1.81196
0.735352 1.53138
0.736328 -5.44265
0.737305 6.64919
0.738281 4.3726
0.739258 -0.776367
0.740234 -1.09201
0.741211 0.22689
0.742188 3.43447
0.743164 3.36522
0.744141 4.3204
0.745117 2.43699
0.746094 4.40803
0.74707 -0.631784
0.748047 3.58168
0.749023 0.891959
0.75 -0.840893
0.750977 1.05858
0.751953 1.98418
0.75293 -1.53324
0.753906 3.24605
0.754883 -0.0153362
0.755859 2.90944
0.756836 7.24898
0.757812 -0.635146
0.758789 -0.0244667
0.759766 -1.76141
0.760742 4.52553
0.761719 -1.7972
0.762695 1.10347
0.763672 -5.56201
0.764648 -4.08338
0.765625 -3.26511
0.766602 -0.125152
0.767578 1.9453
0.768555 -1.24476
0.769531 -1.47402
0.770508 -2.13168
0.771484 0.165289
0.772461 3.20094
0.773438 0.409082
0.774414 6.1814
0.775391 3.57607
0.776367 -0.85879
0.777344 -0.555275
0.77832 1.87214
0.779297 0.879249
0.780273 -1.46734
0.78125 9.76515
0.782227 -0.673502
0.783203 0.0982105
0.78418 0.374764
0.785156 2.91197
0.786133 -0.441262
0.787109 0.336935
0.788086 3.90491
0.789062 -1.79204
0.790039 3.80162
0.791016 3.12268
0.791992 0.973465
0.792969 -2.98839
0.793945 -3.23371
0.794922 2.69982
0.795898 0.918146
0.796875 -1.00621
0.797852 7.38984
0.798828 -2.7898
0.799805 -1.46685
0.800781 -2.52772
0.801758 1.15746
0.802734 4.05892
0.803711 4.15906
0.804688 -2.32665
0.805664 -0.940404
0.806641 -1.31386
0.807617 0.00369691
0.808594 -4.38705
0.80957 -3.3589
0.810547 -2.82695
0.811523 4.66648
0.8125 -6.92823
0.813477 0.148306
0.814453 1.66406
0.81543 -1.08398
0.816406 0.694294
0.817383 0.297026
0.818359 -1.66334
0.819336 0.334694
0.820312 -4.42642
0.821289 -2.04485
0.822266 1.67012
0.823242 -2.96029
0.824219 3.66319
0.825195 2.51109
0.826172 -2.5756
0.827148 4.19299
0.828125 -3.22474
0.829102 -1.18107
0.830078 1.40176
0.831055 -0.853646
0.832031 -1.74217
0.833008 3.5217
0.833984 -3.25422
0.834961 1.89431
0.835938 0.0527207
0.836914 0.397335
0.837891 1.06685
0.838867 -1.73231
0.839844 2.70026
0.84082 -2.61945
0.841797 1.16471
0.842773 2.44559
0.84375 0.400859
0.844727 -1.05554
0.845703 0.579537
0.84668 0.0993046
0.847656 -6.29872
0.848633 1.28578
0.849609 -7.39032
0.850586 -1.53508
0.851562 -3.13918
0.852539 -0.728168
0.853516 -0.82752
0.854492 5.10122
0.855469 0.197465
0.856445 -0.942256
0.857422 -1.14371
0.858398 2.90617
0.859375 0.583326
0.860352 -1.23509
0.861328 -3.16451
0.862305 0.196895
0.863281 2.8854
0.864258 2.7595
0.865234 -1.47394
0.866211 -1.99594
0.867188 0.410823
0.868164 0.890787
0.869141 -2.16493
0.870117 2.0533
0.871094 1.31278
0.87207 -2.20228
0.873047 2.43495
0.874023 1.34382
0.875 1.25869
0.875977 0.785534
0.876953 2.05744
0.87793 1.68228
0.878906 -0.652235
0.879883 -1.72249
0.880859 -4.19157
0.881836 -0.771578
0.882812 -2.37003
0.883789 -1.7573
0.884766 0.601112
0.885742 -0.437234
0.886719 2.34727
0.887695 0.693831
0.888672 -0.922053
0.889648 -0.235889
0.890625 2.39913
0.891602 -4.94284
0.892578 2.50681
0.893555 -0.125432
0.894531 -0.0147168
0.895508 2.18118
0.896484 1.44924
0.897461 1.76249
0.898438 1.35846
0.899414 -2.35519
0.900391 -9.65254
0.901367 -1.49166
0.902344 1.84057
0.90332 -1.61461
0.904297 -0.813135
0.905273 0.587687
0.90625 1.52781
0.907227 -3.24844
0.908203 -3.85665
0.90918 0.791007
0.910156 -0.599498
0.911133 1.5741
0.912109 -1.34272
0.913086 -3.17817
0.914062 -0.276574
0.915039 2.99787
0.916016 -1.3775
0.916992 1.63176
0.917969 -0.00255189
0.918945 -0.210952
0.919922 3.64772
0.920898 1.71489
0.921875 -3.62723
0.922852 -3.89525
0.923828 0.847858
0.924805 -0.0645347
0.925781 5.37741
0.926758 0.324653
0.927734 -0.647757
0.928711 4.26709
0.929688 -0.336946
0.930664 -2.07768
0.931641 1.4603
0.932617 2.28248
0.933594 1.33198
0.93457 -0.394491
0.935547 1.24406
0.936523 1.00699
0.9375 0.419583
0.938477 0.502162
0.939453 -4.77035
0.94043 3.10707
0.941406 3.58297
0.942383 2.48369
0.943359 0.362413
0.944336 1.84745
0.945312 -0.856874
0.946289 -0.48593
0.947266 -3.54991
0.948242 -3.55592
0.949219 0.387161
0.950195 4.09441
0.951172 1.60825
0.952148 2.00413
0.953125 -1.37363
0.954102 0.332051
0.955078 -1.99043
0.956055 -2.56762
0.957031 8.52945
0.958008 2.25546
0.958984 0.829398
0.959961 2.87607
0.960938 -0.392183
0.961914 -0.299129
0.962891 2.71421
0.963867 -0.886214
0.964844 3.85475
0.96582 3.52476
0.966797 2.80046
0.967773 -1.95761
0.96875 4.70979
0.969727 -0.0291409
0.970703 -0.406961
0.97168 -0.769294
0.972656 -0.516326
0.973633 2.21913
0.974609 -0.017434
0.975586 -0.831756
0.976562 1.60316
0.977539 0.730345
0.978516 3.90562
0.979492 1.10676
0.980469 -5.49011
0.981445 -0.523651
0.982422 3.4076
0.983398 -0.336097
0.984375 3.00353
0.985352 -1.37901
0.986328 -0.402487
0.987305 0.519337
0.988281 -0.493562
0.989258 1.19256
0.990234 1.81261
0.991211 -0.0568725
0.992188 -4.10848
0.993164 -2.96453
0.994141 3.09146
0.995117 0.0828338
0.996094 -1.89597
0.99707 5.76707
0.998047 1.43495
0.999023 0.29835
1 -3.93021
1.00098 -3.38813
1.00195 7.81009
1.00293 -2.70768
1.00391 -2.32293
1.00488 2.95839
1.00586 -7.04582
1.00684 0.774109
1.00781 -0.942442
1.00879 0.444567
1.00977 1.96012
1.01074 -1.90122
1.01172 0.329242
1.0127 -7.59637
1.01367 -2.30231
1.01465 0.75516
1.01562 -5.70906
1.0166 -2.49016
1.01758 1.50752
1.01855 0.153992
1.01953 1.59217
1.02051 -2.88058
1.02148 -1.32674
1.02246 3.64405
1.02344 -2.8446
1.02441 -1.4944
1.02539 0.186752
1.02637 2.23367
1.02734 -1.23238
1.02832 1.69755
1.0293 0.13791
1.03027 -0.120781
1.03125 3.97661
1.03223 3.09146
1.0332 -2.56353
1.03418 2.18641
1.03516 2.63096
1.03613 -0.478904
1.03711 -0.650842
1.03809 -3.43639
1.03906 3.49338
1.04004 -0.686412
1.04102 -2.93045
1.04199 -4.15756
1.04297 3.5938
1.04395 1.62409
1.04492 1.25604
1.0459 1.03206
1.04688 -4.49417
1.04785 -1.31947
1.04883 0.806984
1.0498 0.26327
1.05078 1.6235
1.05176 3.28232
1.05273 2.58719
1.05371 2.45304
1.05469 2.6415
1.05566 -0.56565
1.05664 4.77247
1.05762 6.85914
1.05859 -1.79629
1.05957 4.30962
1.06055 -0.02054
1.06152 2.145
1.0625 -4.7964
1.06348 3.23413
1.06445 10.9212
1.06543 -1.37393
1.06641 5.38624
1.06738 0.303275
1.06836 -0.632892
1.06934 -2.95903
1.07031 -1.71318
1.07129 -2.15817
1.07227 3.94508
1.07324 2.3486
1.07422 1.27178
1.0752 -6.05265
1.07617 1.15101
1.07715 -1.53534
1.07812 4.11074
1.0791 -0.41797
1.08008 -0.12628
1.08105 1.48499
1.08203 -3.91527
1.08301 -0.0423908
1.08398 -4.40206
1.08496 4.4031
1.08594 0.273689
1.08691 -1.16744
1.08789 -2.73171
1.08887 -1.18279
1.08984 -4.93531
1.09082 0.882636
1.0918 1.59211
1.09277 1.2412
1.09375 -3.14307
1.09473 5.65182
1.0957 2.37879
1.09668 -1.80956
1.09766 -0.669051
1.09863 0.918323
1.09961 -2.03829
1.10059 5.20177
1.10156 4.15826
1.10254 -5.77322
1.10352 0.588349
1.10449 -6.38672
1.10547 -0.460397
1.10645 -1.95752
1.10742 -1.64082
1.1084 1.69129
1.10938 0.386874
1.11035 -1.68352
1.11133 -1.71184
1.1123 0.323744
1.11328 -4.01337
1.11426 -1.10937
1.11523 0.977294
1.11621 3.12078
1.11719 3.10423
1.11816 -5.59532
1.11914 -1.58889
1.12012 2.50437
1.12109 4.79696
1.12207 0.0787909
1.12305 0.0815961
1.12402 -0.709228
1.125 -2.97652
1.12598 -3.35031
1.12695 -4.04238
1.12793 2.02854
1.12891 1.27856
1.12988 -5.35664
1.13086 5.75037
1.13184 -2.35506
1.13281 8.29934
1.13379 -6.28272
1.13477 -1.16746
1.13574 0.132133
1.13672 1.43421
1.1377 -1.44315
1.13867 2.5995
1.13965 -3.05374
1.14062 2.59553
1.1416 1.83628
1.14258 -1.67402
1.14355 -0.609119
1.14453 1.10129
1.14551 5.40237
1.14648 -3.84851
1.14746 -1.86963
1.14844 -0.894659
1.14941 2.35441
1.15039 5.30884
1.15137 -3.27492
1.15234 -3.45933
1.15332 -2.53037
1.1543 0.176393
1.15527 -1.5725
1.15625 4.77247
1.15723 6.00947
1.1582 0.872591
1.15918 4.762
1.16016 0.0613415
1.16113 -1.81991
1.16211 8.18119
1.16309 -2.98453
1.16406 1.42563
1.16504 -1.32739
1.16602 4.3037
1.16699 3.80295
1.16797 1.397
1.16895 2.31906
1.16992 -2.04035
1.1709 -3.07815
1.17188 3.07707
1.17285 -1.33149
1.17383 0.503984
1.1748 -2.85148
1.17578 -2.10519
1.17676 3.63365
1.17773 -0.168178
1.17871 0.354956
1.17969 -1.72921
1.18066 -0.856307
1.18164 -1.54818
1.18262 -7.11171
1.18359 4.97905
1.18457 -0.731668
1.18555 1.7161
1.18652 -3.12409
1.1875 2.11317
1.18848 -2.68132
1.18945 -2.96996
1.19043 8.12651
1.19141 0.736025
1.19238 1.26774
1.19336 3.47688
1.19434 -1.09921
1.19531 1.07182
1.19629 1.28468
1.19727 -3.06506
1.19824 -0.360191
1.19922 6.31027
1.2002 -6.98837
1.20117 -1.13601
1.20215 0.481241
1.20312 -0.11594
1.2041 2.06386
1.20508 1.95829
1.20605 0.797289
1.20703 4.16207
1.20801 0.254462
1.20898 -0.346719
1.20996 -0.493389
1.21094 -1.41266
1.21191 -1.87276
1.21289 0.364709
1.21387 -2.43961
1.21484 -0.671491
1.21582 6.25014
1.2168 0.634285
1.21777 -1.7963
1.21875 -4.51368
1.21973 1.06899
1.2207 0.00302211
1.22168 1.73586
1.22266 -2.42315
1.22363 0.940357
1.22461 -1.45149
1.22559 -2.08912
1.22656 1.88495
1.22754 1.89729
1.22852 -4.92913
1.22949 6.07882
1.23047 6.14233
1.23145 0.551628
1.23242 -0.511364
1.2334 6.45646
1.23438 0.247168
1.23535 3.00964
1.23633 0.812603
1.2373 1.43709
1.23828 0.66915
1.23926 1.90962
1.24023 -2.54869
1.24121 1.04067
1.24219 -3.36451
1.24316 3.46173
1.24414 3.74826
1.24512 -2.10813
1.24609 -0.156491
1.24707 -0.912046
1.24805 -3.11727
1.24902 -3.91989
1.25 -1.25908
1.25098 -6.04525
1.25195 1.39497
1.25293 -1.94078
1.25391 2.55046
1.25488 -3.28545
1.25586 -4.35149
1.25684 -3.02959
1.25781 0.348484
1.25879 0.436685
1.25977 -0.956809
1.26074 -4.01917
1.26172 -6.90803
1.2627 1.02706
1.26367 1.45609
1.26465 2.07114
1.26562 2.85109
1.2666 -1.3663
1.26758 1.74159
1.26855 -0.549482
1.26953 -2.14669
1.27051 2.96046
1.27148 0.183079
1.27246 -3.16478
1.27344 3.21965
1.27441 -1.23146
1.27539 -1.70448
1.27637 1.76692
1.27734 -1.5126
1.27832 -1.76118
1.2793 3.71069
1.28027 1.48165
1.28125 -7.92041
1.28223 -5.29811
1.2832 5.39908
1.28418 1.15948
1.28516 -1.56459
1.28613 -4.7174
1.28711 1.72795
1.28809 1.28584
1.28906 -0.679511
1.29004 -1.58147
1.29102 -3.7687
1.29199 -2.41884
1.29297 -1.1912
1.29395 2.18525
1.29492 0.433332
1.2959 -0.912297
1.29688 -0.305906
1.29785 0.886162
1.29883 -2.11613
1.2998 2.88477
1.30078 -4.96105
1.30176 -4.62993
1.30273 -2.37025
1.30371 -0.783977
1.30469 -2.66369
1.30566 0.798937
1.30664 -4.89521
1.30762 1.01219
1.30859 -1.17276
1.30957 -0.901347
1.31055 1.49578
1.31152 -2.64947
1.3125 1.89911
1.31348 1.16969
1.31445 4.6657
1.31543 -3.40171
1.31641 0.268963
1.31738 3.71093
1.31836 3.68286
1.31934 5.50439
1.32031 3.51391
1.32129 -0.138029
1.32227 -2.30183
1.32324 0.0159589
1.32422 -0.279582
1.3252 0.153655
1.32617 1.31649
1.32715 -0.131604
1.32812 -1.12942
1.3291 0.51675
1.33008 2.47885
1.33105 -1.22743
1.33203 -0.779919
1.33301 1.93605
1.33398 3.67951
1.33496 4.09384
1.33594 0.245366
1.33691 -0.809251
1.33789 5.74955
1.33887 -1.96403
1.33984 1.55703
1.34082 -2.09397
1.3418 3.6849
1.34277 2.82844
1.34375 0.633195
1.34473 1.00551
1.3457 1.34675
1.34668 3.68494
1.34766 -5.07618
1.34863 3.25194
1.34961 -2.91411
1.35059 2.87937
1.35156 -1.2898
1.35254 -0.239754
1.35352 2.25236
1.35449 -0.053409
1.35547 1.41097
1.35645 3.4689
1.35742 0.227621
1.3584 -5.23209
1.35938 -2.44943
1.36035 -2.5292
1.36133 -1.13767
1.3623 0.504953
1.36328 2.16351
1.36426 2.55449
1.36523 1.48226
1.36621 -0.813897
1.36719 6.20528
1.36816 4.31027
1.36914 2.18948
1.37012 0.367739
1.37109 4.21954
1.37207 2.55608
1.37305 -0.30047
1.37402 6.38603
1.375 0.526376
1.37598 5.88449
1.37695 3.1243
1.37793 1.00899
1.37891 -1.65341
1.37988 4.12506
1.38086 0.580791
1.38184 -0.225072
1.38281 2.21634
1.38379 3.77789
1.38477 1.92761
1.38574 3.44134
1.38672 0.346693
1.3877 3.08587
1.38867 5.03642
1.38965 -0.00181444
1.39062 -4.56845
1.3916 2.5003
1.39258 -0.881014
1.39355 -2.66556
1.39453 -4.12856
1.39551 0.146665
1.39648 3.47353
1.39746 3.14822
1.39844 0.308311
1.39941 -1.23227
1.40039 -1.88324
1.40137 1.18049
1.40234 2.05812
1.40332 -0.532857
1.4043 4.32295
1.40527 2.16562
1.40625 0.96554
1.40723 2.38293
1.4082 4.40137
1.40918 1.26042
1.41016 4.98481
1.41113 -3.71465
1.41211 1.21865
1.41309 -3.63321
1.41406 -3.09655
1.41504 2.16173
1.41602 3.18173
1.41699 2.02493
1.41797 2.8018
1.41895 4.87799
1.41992 0.0753935
1.4209 -1.71791
1.42188 0.940841
1.42285 -1.37878
1.42383 0.293193
1.4248 0.109044
1.42578 0.449828
1.42676 -4.0191
1.42773 -1.57125
1.42871 4.62279
1.42969 2.82822
1.43066 4.06878
1.43164 -3.52342
1.43262 1.51749
1.43359 -9.71168e-05
1.43457 -2.13478
1.43555 3.92171
1.43652 -1.44582
1.4375 -1.48983
1.43848 1.55253
1.43945 5.4115
1.44043 -5.2468
1.44141 1.62659
1.44238 -3.9236
1.44336 -0.743258
1.44434 2.77038
1.44531 -2.37004
1.44629 -6.47091
1.44727 4.64823
1.44824 2.66649
1.44922 0.581055
1.4502 -4.31299
1.45117 2.11489
1.45215 1.59504
1.45312 2.30359
1.4541 -1.05906
1.45508 1.37359
1.45605 5.54769
1.45703 -3.1103
1.45801 -2.15695
1.45898 1.6234
1.45996 -2.20361
1.46094 -4.46133
1.46191 -0.980136
1.46289 -0.288652
1.46387 -2.1211
1.46484 -0.0870886
1.46582 -1.01623
1.4668 -0.901559
1.46777 2.72417
1.46875 1.36781
1.46973 -4.94102
1.4707 -1.18969
1.47168 0.45733
1.47266 1.085
1.47363 6.75618
1.47461 5.97664
1.47559 5.0683
1.47656 0.0820044
1.47754 1.83215
1.47852 -2.64194
1.47949 3.18764
1.48047 1.08095
1.48145 4.2305
1.48242 -2.00574
1.4834 1.52996
1.48438 2.9092
1.48535 1.09834
1.48633 -7.5307
1.4873 0.0334408
1.48828 -3.36304
1.48926 2.93087
1.49023 -0.462525
1.49121 2.2456
1.49219 0.0410024
1.49316 3.71437
1.49414 0.442296
1.49512 -3.51442
1.49609 -2.41637
1.49707 -1.21259
1.49805 2.73318
1.49902 0.141556
1.5 -3.59012
1.50098 3.3063
1.50195 3.9383
1.50293 -3.93724
1.50391 -1.07242
1.50488 -0.855788
1.50586 3.32135
1.50684 -0.0973526
1.50781 -1.73721
1.50879 1.80025
1.50977 -3.1448
1.51074 -0.309019
1.51172 4.80194
1.5127 3.63454
1.51367 -1.76404
1.51465 3.18267
1.51562 -5.86402
1.5166 0.879002
1.51758 -2.51212
1.51855 -2.6689
1.51953 5.33925
1.52051 4.50844
1.52148 1.62265
1.52246 0.949818
1.52344 -0.62109
1.52441 -0.636401
1.52539 4.45428
1.52637 1.74703
1.52734 -2.69064
1.52832 7.09778
1.5293 -0.724309
1.53027 -1.2529
1.53125 -2.58661
1.53223 -1.32543
1.5332 2.74932
1.53418 0.801753
1.53516 2.76363
1.53613 2.97734
1.53711 2.20804
1.53809 -0.436789
1.53906 0.841693
1.54004 -2.90586
1.54102 -0.32271
1.54199 0.0490378
1.54297 2.06837
1.54395 0.805898
1.54492 -2.64192
1.5459 -2.2855
1.54688 -2.80935
1.54785 -2.89426
1.54883 1.03745
1.5498 1.38502
1.55078 3.0251
1.55176 1.02913
1.55273 2.25437
1.55371 0.877133
1.55469 5.26341
1.55566 -0.44625
1.55664 0.251197
1.55762 -0.0177141
1.55859 2.33221
1.55957 -1.25119
1.56055 1.02095
1.56152 2.13926
1.5625 2.60751
1.56348 4.53838
1.56445 -0.156347
1.56543 1.39265
1.56641 2.64413
1.56738 0.431504
1.56836 0.902463
1.56934 -0.113097
1.57031 -1.15842
1.57129 0.341269
1.57227 -3.68089
1.57324 -5.05801
1.57422 0.52741
1.5752 0.74415
1.57617 -2.13857
1.57715 6.53753
1.57812 -1.22751
1.5791 -0.799659
1.58008 -3.33254
1.58105 3.46178
1.58203 -0.538546
1.58301 3.10958
1.58398 -1.23008
1.58496 6.41519
1.58594 -1.85518
1.58691 1.17644
1.58789 0.468262
1.58887 -7.99633
1.58984 0.734368
1.59082 -2.08946
1.5918 -0.510378
1.59277 -3.88417
1.59375 5.60722
1.59473 2.51471
1.5957 4.97611
1.59668 1.81929
1.59766 0.343938
1.59863 -1.49745
1.59961 0.716172
1.60059 0.0253218
1.60156 4.29726
1.60254 4.14109
1.60352 -2.53542
1.60449 6.54519
1.60547 -0.107649
1.60645 2.47797
1.60742 0.693472
1.6084 -4.14883
1.60938 -0.0868485
1.61035 -1.10734
1.61133 -1.60052
1.6123 4.0322
1.61328 -2.04704
1.61426 0.70636
1.61523 0.704846
1.61621 0.31261
1.61719 -2.25988
1.61816 -1.33686
1.61914 -0.824353
1.62012 -0.903991
1.62109 -2.58496
1.62207 1.45868
1.62305 -0.777159
1.62402 -3.18327
1.625 2.0236
1.62598 -1.53334
1.62695 -4.71199
1.62793 2.86908
1.62891 2.91776
1.62988 4.42633
1.63086 0.854706
1.63184 1.56913
1.63281 4.97546
1.63379 -3.2944
1.63477 2.3924
1.63574 -3.30734
1.63672 4.1895
1.6377 -0.374457
1.63867 2.65064
1.63965 4.57165
1.64062 1.51409
1.6416 -2.50957
1.64258 1.84058
1.64355 5.61129
1.64453 -0.0179135
1.64551 4.27141
1.64648 -1.10825
1.64746 -1.9976
1.64844 -0.749068
1.64941 0.0448504
1.65039 3.69642
1.65137 -5.27263
1.65234 2.19912
1.65332 -2.89741
1.6543 -6.09453
1.65527 -3.91355
1.65625 1.24732
1.65723 -0.558619
1.6582 -0.109276
1.65918 3.34212
1.66016 -0.15997
1.66113 3.19543
1.66211 1.94143
1.66309 0.716016
1.66406 2.67737
1.66504 1.03811
1.66602 -1.21208
1.66699 -2.88284
1.66797 0.527838
1.66895 3.56543
1.66992 0.520795
1.6709 -0.0236643
1.67188 -3.91814
1.67285 -1.85264
1.67383 3.18588
1.6748 -1.9337
1.67578 3.84945
1.67676 3.25707
1.67773 -0.421257
1.67871 -0.948698
1.67969 2.19049
1.68066 -1.5998
1.68164 -2.06456
1.68262 -0.0885405
1.68359 -1.32472
1.68457 0.33479
1.68555 -1.33718
1.68652 -5.9971
1.6875 -2.37935
1.68848 -1.34039
1.68945 -4.87064
1.69043 1.43256
1.69141 4.33232
1.69238 -1.97675
1.69336 1.8321
1.69434 0.913214
1.69531 -2.81141
1.69629 2.47657
1.69727 -1.46181
1.69824 0.405123
1.69922 0.775991
1.7002 -2.85572
1.70117 0.561107
1.70215 -0.0202276
1.70312 -3.03992
1.7041 -1.06003
1.70508 -0.612338
1.70605 -1.87056
1.70703 -0.27469
1.70801 4.29513
1.70898 2.3901
1.70996 -3.79767
1.71094 -0.412569
1.71191 4.54621
1.71289 2.08737
1.71387 -1.9922
1.71484 -0.730492
1.71582 1.55265
1.7168 0.29776
1.71777 1.11408
1.71875 -2.2866
1.71973 0.798781
1.7207 0.545576
1.72168 1.10942
1.72266 5.10698
1.72363 1.95839
1.72461 1.23656
1.72559 0.349967
1.72656 -7.5413
1.72754 1.92705
1.72852 2.25058
1.72949 3.99978
1.73047 3.18562
1.73145 -4.27002
1.73242 -4.05493
1.7334 1.09014
1.73438 -3.93091
1.73535 -0.401985
1.73633 2.50371
1.7373 0.847858
1.73828 1.92271
1.73926 3.70358
1.74023 2.7518
1.74121 -0.534228
1.74219 4.30325
1.74316 -2.65197
1.74414 3.01355
1.74512 -4.10261
1.74609 -1.02529
1.74707 -1.34392
1.74805 0.347918
1.74902 -0.468712
1.75 1.81615
1.75098 4.46202
1.75195 4.34413
1.75293 2.54782
1.75391 8.66396
1.75488 0.744677
1.75586 1.29833
1.75684 -4.95396
1.75781 2.47364
1.75879 0.292409
1.75977 -3.75033
1.76074 -1.42502
1.76172 0.947357
1.7627 -0.834814
1.76367 4.52116
1.76465 -1.85994
1.76562 4.58909
1.7666 4.82897
1.76758 5.13895
1.76855 1.2872
1.76953 -1.57657
1.77051 2.89388
1.77148 0.551693
1.77246 0.179627
1.77344 -3.52028
1.77441 -1.98062
1.77539 -1.20357
1.77637 -1.38556
1.77734 1.66212
1.77832 -1.59986
1.7793 -1.21669
1.78027 -4.7691
1.78125 4.49092
1.78223 3.20379
1.7832 5.77637
1.78418 3.61869
1.78516 3.20658
1.78613 4.88889
1.78711 0.247549
1.78809 3.14618
1.78906 1.46882
1.79004 0.84752
1.79102 -2.82031
1.79199 -2.88344
1.79297 -1.08648
1.79395 -0.450434
1.79492 -3.61408
1.7959 -3.58153
1.79688 -7.26663
1.79785 -1.81361
1.79883 -3.32341
1.7998 4.37706
1.80078 2.38434
1.80176 -0.481504
1.80273 0.285392
1.80371 3.91241
1.80469 -1.4009
1.80566 -1.96699
1.80664 2.55562
1.80762 -5.31394
1.80859 0.429902
1.80957 -3.60249
1.81055 -2.00044
1.81152 -4.20698
1.8125 -0.422288
1.81348 -0.603565
1.81445 -1.70331
1.81543 -1.60057
1.81641 4.35153
1.81738 5.2295
1.81836 6.11096
1.81934 -6.36435
1.82031 -3.71112
1.82129 -1.13216
1.82227 4.42002
1.82324 -0.246509
1.82422 -1.10838
1.8252 1.1154
1.82617 -2.55653
1.82715 0.799287
1.82812 -0.0626481
1.8291 -2.14002
1.83008 4.14025
1.83105 -0.56382
1.83203 0.238489
1.83301 -0.0788887
1.83398 4.7229
1.83496 2.68373
1.83594 0.802657
1.83691 2.59285
1.83789 -1.62575
1.83887 -0.85311
1.83984 0.422738
1.84082 -1.62021
1.8418 -0.498346
1.84277 3.76432
1.84375 -1.15805
1.84473 -2.42297
1.8457 2.47888
1.84668 5.72584
1.84766 2.44435
1.84863 -1.94628
1.84961 -3.50286
1.85059 -2.73033
1.85156 -3.68656
1.85254 0.773788
1.85352 0.0625464
1.85449 3.75173
1.85547 0.767559
1.85645 1.88718
1.85742 3.47555
1.8584 1.87894
1.85938 -0.0347863
1.86035 -0.348189
1.86133 2.52016
1.8623 5.46986
1.86328 3.49118
1.86426 -6.39316
1.86523 1.83784
1.86621 7.7307
1.86719 3.83977
1.86816 -0.136719
1.86914 -4.98801
1.87012 -3.42828
1.87109 -4.11338
1.87207 1.87448
1.87305 6.03738
1.87402 -0.412961
1.875 3.75484
1.87598 -1.0543
1.87695 4.22553
1.87793 -1.142
1.87891 0.123141
1.87988 -2.68548
1.88086 6.51754
1.88184 -0.621968
1.88281 0.72174
1.88379 -4.74167
1.88477 -2.08527
1.88574 0.469434
1.88672 -0.615769
1.8877 5.06514
1.88867 -1.4048
1.88965 2.18783
1.89062 4.66973
1.8916 -5.53605
1.89258 2.14624
1.89355 -1.06279
1.89453 1.04412
1.89551 5.53194
1.89648 -0.96955
1.89746 6.42116
1.89844 3.05752
1.89941 4.90914
1.90039 1.3996
1.90137 -2.47784
1.90234 -0.877051
1.90332 -0.917354
1.9043 3.21711
1.90527 -4.24827
1.90625 -1.35123
1.90723 0.323554
1.9082 4.641
1.90918 2.38939
1.91016 0.687372
1.91113 -3.06442
1.91211 2.61623
1.91309 -0.0288317
1.91406 -1.52015
1.91504 2.6137
1.91602 1.04529
1.91699 4.15497
1.91797 -2.83979
1.91895 -0.778712
1.91992 3.2237
1.9209 0.120945
1.92188 -1.71298
1.92285 3.3889
1.92383 -0.389323
1.9248 2.49436
1.92578 -0.669492
1.92676 4.46341
1.92773 2.5846
1.92871 3.05518
1.92969 -0.703487
1.93066 -1.79542
1.93164 1.51332
1.93262 -2.55177
1.93359 1.00529
1.93457 -2.87284
1.93555 -1.19839
1.93652 2.83327
1.9375 2.31025
1.93848 -2.23971
1.93945 1.53298
1.94043 -2.53152
1.94141 5.39705
1.94238 -1.87343
1.94336 -0.947473
1.94434 1.45497
1.94531 0.159245
1.94629 -2.04299
1.94727 -0.102204
1.94824 -1.11026
1.94922 -7.51759
1.9502 1.34761
1.95117 2.46685
1.95215 -3.2966
1.95312 4.68547
1.9541 4.59493
1.95508 1.35448
1.95605 -2.31121
1.95703 0.927638
1.95801 1.97968
1.95898 5.5518
1.95996 4.06542
1.96094 0.437913
1.96191 -0.210853
1.96289 -3.01309
1.96387 6.26589
1.96484 3.93615
1.96582 -0.705477
1.9668 2.94485
1.96777 0.681696
1.96875 -4.19547
1.96973 -3.06994
1.9707 -1.60019
1.97168 -3.54625
1.97266 1.94503
1.97363 -0.502885
1.97461 0.965267
1.97559 -0.443204
1.97656 0.457148
1.97754 -4.3283
1.97852 0.42847
1.97949 3.38484
1.98047 -2.42806
1.98145 0.877973
1.98242 1.54345
1.9834 0.662397
1.98438 -2.18371
1.98535 -1.1266
1.98633 -3.13382
1.9873 1.29872
1.98828 2.87546
1.98926 0.427752
1.99023 0.51919
1.99121 3.43209
1.99219 0.742172
1.99316 -2.85077
1.99414 -4.7078
1.99512 2.0939
1.99609 -2.82499
1.99707 2.78781
1.99805 1.2625
1.99902 -1.57047
