0 -0.00743387
0.000976562 -0.0280768
0.00195312 0.0946623
0.00292969 -0.00709992
0.00390625 0.0738928
0.00488281 -0.0661821
0.00585938 0.0201613
0.00683594 -0.024113
0.0078125 -0.00935341
0.00878906 0.00966795
0.00976562 -0.0732649
0.0107422 -0.0298833
0.0117188 0.0383561
0.0126953 0.0484658
0.0136719 0.0126768
0.0146484 0.0017497
0.015625 0.0276276
0.0166016 -0.0450019
0.0175781 0.0841173
0.0185547 -0.0519637
0.0195312 0.0270662
0.0205078 -0.0458503
0.0214844 0.00255269
0.0224609 -0.0580151
0.0234375 -0.0332918
0.0244141 -0.0522944
0.0253906 0.0101474
0.0263672 0.0214486
0.0273438 -0.0109592
0.0283203 -0.0152026
0.0292969 0.0718604
0.0302734 0.0454772
0.03125 -0.0315314
0.0322266 -0.0263573
0.0332031 0.0378093
0.0341797 0.012955
0.0351562 0.00785971
0.0361328 -0.00810624
0.0371094 -0.0220312
0.0380859 0.0137471
0.0390625 -0.055648
0.0400391 -0.0171708
0.0410156 -0.00891944
0.0419922 -0.054316
0.0429688 0.00234728
0.0439453 -0.0687607
0.0449219 0.0993966
0.0458984 0.0224313
0.046875 0.0280377
0.0478516 0.0139794
0.0488281 0.0148333
0.0498047 -0.00936725
0.0507812 0.0406307
0.0517578 0.0291539
0.0527344 -0.0276424
0.0537109 -0.032232
0.0546875 0.00169443
0.0556641 -0.00773953
0.0566406 0.041038
0.0576172 -0.0211709
0.0585938 -0.0597778
0.0595703 -0.0611584
0.0605469 0.00888167
0.0615234 -0.0160104
0.0625 -0.0215274
0.0634766 0.0280391
0.0644531 0.0251347
0.0654297 0.0430339
0.0664062 0.0204099
0.0673828 -0.00542417
0.0683594 0.0367138
0.0693359 0.0506631
0.0703125 -0.0285211
0.0712891 -0.0044958
0.0722656 -0.0397492
0.0732422 -0.0358946
0.0742188 -0.0504494
0.0751953 0.045278
0.0761719 0.0586419
0.0771484 0.0368143
0.078125 -0.0152129
0.0791016 0.0222687
0.0800781 0.0182742
0.0810547 0.0250165
0.0820312 0.0202096
0.0830078 -0.0282904
0.0839844 0.029777
0.0849609 -0.0254059
0.0859375 0.0810547
0.0869141 0.0167426
0.0878906 -0.0319605
0.0888672 -0.00530956
0.0898438 0.0243879
0.0908203 0.00112293
0.0917969 -0.0142551
0.0927734 0.0406994
0.09375 -0.0153771
0.0947266 0.0177219
0.0957031 -0.0440456
0.0966797 0.0182507
0.0976562 -0.00810831
0.0986328 -0.0385198
0.0996094 0.062708
0.100586 -0.0409689
0.101562 0.0349331
0.102539 0.00813997
0.103516 -0.0201467
0.104492 0.00229525
0.105469 0.0513556
0.106445 -0.000139089
0.107422 -0.0319539
0.108398 -0.0319032
0.109375 0.062987
0.110352 0.00935254
0.111328 -0.0125952
0.112305 0.0217314
0.113281 0.0716478
0.114258 0.0010781
0.115234 6.08815e-05
0.116211 0.0236745
0.117188 0.0786756
0.118164 0.012598
0.119141 0.00857639
0.120117 0.0613203
0.121094 -0.00709087
0.12207 0.00415672
0.123047 0.0703152
0.124023 -0.00613186
0.125 -0.0195992
0.125977 -0.0536149
0.126953 -0.0128201
0.12793 0.00642194
0.128906 0.0276151
0.129883 0.0266387
0.130859 0.00135374
0.131836 0.00615579
0.132812 0.0150929
0.133789 0.0601032
0.134766 -0.0232128
0.135742 0.0330474
0.136719 -0.00101491
0.137695 0.0157307
0.138672 -0.0452894
0.139648 0.0026726
0.140625 0.00464725
0.141602 0.00204296
0.142578 -0.0313237
0.143555 -0.00484373
0.144531 -0.0337488
0.145508 -0.00496633
0.146484 -0.00628916
0.147461 0.0718598
0.148438 0.0893639
0.149414 0.00772525
0.150391 0.00194784
0.151367 -0.0181146
0.152344 -0.00222273
0.15332 0.00992739
0.154297 -0.0107728
0.155273 0.0199864
0.15625 -0.055103
0.157227 0.0426309
0.158203 -0.0307121
0.15918 0.0528655
0.160156 0.016095
0.161133 -0.00961683
0.162109 0.0320072
0.163086 0.0369588
0.164062 0.0529729
0.165039 0.01608
0.166016 -0.00491032
0.166992 -0.0067748
0.167969 -0.0105054
0.168945 -0.0162584
0.169922 0.0743992
0.170898 0.0241786
0.171875 0.0218511
0.172852 0.0457766
0.173828 -0.0120048
0.174805 0.0443419
0.175781 -0.000498368
0.176758 -0.0107321
0.177734 0.0347482
0.178711 0.0434546
0.179688 -0.037799
0.180664 -0.00520193
0.181641 0.011865
0.182617 -0.0456234
0.183594 -0.0360236
0.18457 -0.0473941
0.185547 0.0056725
0.186523 -0.0048799
0.1875 0.0311531
0.188477 0.0499049
0.189453 0.0648576
0.19043 0.0125481
0.191406 -0.0112889
0.192383 0.0374988
0.193359 0.0265937
0.194336 -0.0322333
0.195312 -0.0111534
0.196289 0.0301913
0.197266 -0.0285559
0.198242 -0.0743387
0.199219 0.00575491
0.200195 0.0449338
0.201172 0.0240327
0.202148 0.0761809
0.203125 0.04975
0.204102 -0.0152941
0.205078 0.0158297
0.206055 -0.0271542
0.207031 0.00116754
0.208008 0.0223888
0.208984 0.0608145
0.209961 -0.0145336
0.210938 -0.0161952
0.211914 -0.00321237
0.212891 0.0687809
0.213867 0.0148269
0.214844 0.0403586
0.21582 -0.00167332
0.216797 0.021025
0.217773 -0.0404833
0.21875 -0.0541516
0.219727 0.0483442
0.220703 0.0221323
0.22168 -0.0075196
0.222656 -0.0198654
0.223633 -0.0454538
0.224609 -0.0433817
0.225586 0.0116563
0.226562 -0.00063114
0.227539 -0.0557139
0.228516 -0.0523973
0.229492 -0.0518751
0.230469 0.0365401
0.231445 0.0193084
0.232422 0.0449642
0.233398 -0.00623798
0.234375 0.0222884
0.235352 -0.0189615
0.236328 0.0433335
0.237305 -0.0259773
0.238281 -0.0350386
0.239258 -0.017582
0.240234 0.0802263
0.241211 -0.0329716
0.242188 0.0109416
0.243164 0.0163378
0.244141 0.0565533
0.245117 -0.0400018
0.246094 -0.0185383
0.24707 -0.0193229
0.248047 -0.00106295
0.249023 -0.0129291
0.25 0.0189903
0.250977 -0.0562383
0.251953 0.0591167
0.25293 0.00686931
0.253906 -0.0148869
0.254883 0.0376041
0.255859 0.0255598
0.256836 -0.0305264
0.257812 -0.0471399
0.258789 -0.0510552
0.259766 -0.000752435
0.260742 0.00026102
0.261719 -0.080967
0.262695 0.0688964
0.263672 0.0560393
0.264648 0.0549727
0.265625 0.0562454
0.266602 -0.00263776
0.267578 -0.0655858
0.268555 -0.0175167
0.269531 -0.0219545
0.270508 -0.0188143
0.271484 0.0383455
0.272461 -0.0625194
0.273438 0.0188607
0.274414 -0.0349633
0.275391 0.00862365
0.276367 0.0397635
0.277344 -0.0247328
0.27832 0.038408
0.279297 -0.0182141
0.280273 0.0245424
0.28125 0.00759062
0.282227 -0.0509695
0.283203 -0.0103359
0.28418 -0.0504936
0.285156 0.0222809
0.286133 0.00719519
0.287109 0.0189609
0.288086 0.108333
0.289062 0.0154839
0.290039 -0.029444
0.291016 0.0187652
0.291992 -0.0291271
0.292969 -0.0113806
0.293945 -0.0143974
0.294922 -0.0102825
0.295898 0.0148282
0.296875 -0.00669828
0.297852 0.0696638
0.298828 -0.0559576
0.299805 0.0279245
0.300781 0.082165
0.301758 0.00214283
0.302734 0.0272851
0.303711 -0.0102766
0.304688 0.0238672
0.305664 0.0191455
0.306641 0.0275652
0.307617 0.0287366
0.308594 0.0109105
0.30957 -0.0293428
0.310547 -0.0441646
0.311523 -0.0567964
0.3125 -0.0631745
0.313477 0.00433886
0.314453 -0.061904
0.31543 -0.0317338
0.316406 -0.00405494
0.317383 -0.0410461
0.318359 0.00532199
0.319336 0.00112953
0.320312 0.0267357
0.321289 -0.0671713
0.322266 0.0209686
0.323242 0.040482
0.324219 -0.0150714
0.325195 0.0549645
0.326172 -0.0154441
0.327148 -0.0312994
0.328125 0.0232361
0.329102 0.0130306
0.330078 0.0355168
0.331055 0.0397264
0.332031 -0.00602809
0.333008 0.0488069
0.333984 -0.029745
0.334961 0.0372976
0.335938 0.0426042
0.336914 -7.67227e-05
0.337891 -0.0178743
0.338867 -0.00830005
0.339844 0.0363144
0.34082 -0.0317399
0.341797 -0.00928032
0.342773 -0.0308949
0.34375 -0.0312062
0.344727 0.0238109
0.345703 -0.0553013
0.34668 -0.0279017
0.347656 0.0283917
0.348633 0.0521069
0.349609 -0.0318375
0.350586 0.0749562
0.351562 0.0510918
0.352539 -0.0177174
0.353516 0.0364887
0.354492 -0.0590409
0.355469 -0.00479617
0.356445 0.00777681
0.357422 -0.0131256
0.358398 0.0252021
0.359375 0.0716887
0.360352 -0.0221435
0.361328 0.00825967
0.362305 0.00796987
0.363281 -0.0264927
0.364258 -0.00899902
0.365234 0.0356102
0.366211 -0.0272739
0.367188 -0.0440759
0.368164 -0.000352577
0.369141 -0.0234708
0.370117 -0.0385988
0.371094 -0.0190686
0.37207 -0.00142364
0.373047 -0.060542
0.374023 -0.0416614
0.375 -0.0353908
0.375977 0.0292148
0.376953 -0.0332786
0.37793 0.0799363
0.378906 0.0585498
0.379883 -0.00486133
0.380859 -0.00586387
0.381836 0.00886417
0.382812 -0.0234578
0.383789 -0.0266437
0.384766 0.0121609
0.385742 0.032787
0.386719 0.00138865
0.387695 -0.00337072
0.388672 0.0815905
0.389648 0.0207071
0.390625 0.00537942
0.391602 -0.0243863
0.392578 -0.00834704
0.393555 -0.0108066
0.394531 -0.0186929
0.395508 0.0279126
0.396484 -0.0295697
0.397461 0.00685983
0.398438 -0.00669195
0.399414 0.00309432
0.400391 -0.0499842
0.401367 0.00683999
0.402344 -0.0292383
0.40332 -0.00908879
0.404297 0.0413246
0.405273 -0.0366417
0.40625 -0.0304821
0.407227 -0.0469839
0.408203 0.0306381
0.40918 0.000526497
0.410156 0.0283424
0.411133 0.00919365
0.412109 0.0830757
0.413086 0.0146192
0.414062 0.0489814
0.415039 0.0383216
0.416016 -0.0093249
0.416992 -0.0217445
0.417969 0.0229075
0.418945 -0.0386456
0.419922 0.0207118
0.420898 0.0399483
0.421875 0.0284194
0.422852 0.00952913
0.423828 -0.0241269
0.424805 -0.00443652
0.425781 0.0153272
0.426758 0.0384313
0.427734 -0.0366664
0.428711 0.0192665
0.429688 -0.00265876
0.430664 0.0105231
0.431641 -0.0581203
0.432617 0.0171611
0.433594 0.0442115
0.43457 -0.0136248
0.435547 0.0284359
0.436523 0.019836
0.4375 0.0541918
0.438477 -0.00145984
0.439453 -0.00888919
0.44043 -0.0508049
0.441406 0.0799886
0.442383 -0.0232343
0.443359 0.0130021
0.444336 0.0381427
0.445312 -0.0244121
0.446289 0.0642553
0.447266 0.0475323
0.448242 0.0449958
0.449219 0.0474235
0.450195 0.0447681
0.451172 -0.04698
0.452148 -0.00932697
0.453125 0.0182856
0.454102 0.0656229
0.455078 -0.0162282
0.456055 -0.0472511
0.457031 0.0263657
0.458008 0.0133982
0.458984 -0.0521095
0.459961 -0.00706738
0.460938 0.00948885
0.461914 -0.0152129
0.462891 0.0188236
0.463867 -0.0538966
0.464844 0.0245429
0.46582 -0.013203
0.466797 0.0347775
0.467773 -0.0519642
0.46875 -0.0664279
0.469727 -0.0484193
0.470703 0.0507992
0.47168 -0.00932408
0.472656 0.00850908
0.473633 0.0716892
0.474609 0.0244286
0.475586 -0.0291313
0.476562 -0.0453077
0.477539 -0.0281469
0.478516 -0.0841789
0.479492 0.0241551
0.480469 -0.00219569
0.481445 0.0350953
0.482422 -0.0476085
0.483398 -0.0118218
0.484375 -0.0184107
0.485352 0.0168869
0.486328 -0.00340115
0.487305 0.00433428
0.488281 0.0226532
0.489258 0.0879681
0.490234 -0.0346939
0.491211 0.0324458
0.492188 0.0181171
0.493164 -0.0194536
0.494141 -0.0231948
0.495117 -0.0227688
0.496094 0.0305927
0.49707 -0.0422218
0.498047 -0.0553182
0.499023 0.0626671
0.5 -0.0147814
0.500977 -0.0222065
0.501953 -0.0235072
0.50293 -0.0089528
0.503906 -0.0412139
0.504883 0.041629
0.505859 0.045063
0.506836 -0.00958614
0.507812 0.0277697
0.508789 0.0322644
0.509766 0.00143014
0.510742 -0.0188328
0.511719 -0.0103259
0.512695 0.030154
0.513672 -0.0798387
0.514648 -0.0201846
0.515625 0.00641136
0.516602 0.0499597
0.517578 -0.0363208
0.518555 0.0059
0.519531 -0.0744133
0.520508 -0.0150145
0.521484 -0.0221068
0.522461 0.0482583
0.523438 0.0386909
0.524414 0.0249964
0.525391 0.032038
0.526367 -0.0174459
0.527344 0.0128566
0.52832 -0.038269
0.529297 -0.0450957
0.530273 0.0206208
0.53125 -0.0042265
0.532227 -0.0467963
0.533203 -0.0917556
0.53418 0.0575546
0.535156 -0.0547083
0.536133 0.0105749
0.537109 -0.0210082
0.538086 -0.0639218
0.539062 -0.0174945
0.540039 -0.0321166
0.541016 0.0312301
0.541992 0.0318958
0.542969 0.0388654
0.543945 0.0917518
0.544922 -0.0322739
0.545898 0.00957061
0.546875 -0.0104771
0.547852 -0.0664421
0.548828 0.0236116
0.549805 -0.00431398
0.550781 0.0171194
0.551758 0.0509537
0.552734 -0.0102695
0.553711 -0.00378263
0.554688 0.0305607
0.555664 0.0207778
0.556641 0.0288001
0.557617 0.00064741
0.558594 -0.0677785
0.55957 -0.0399578
0.560547 -0.0345587
0.561523 -0.0728502
0.5625 0.0451082
0.563477 -0.04411
0.564453 -0.0134605
0.56543 -0.03016
0.566406 -0.0117367
0.567383 -0.037515
0.568359 -0.00812297
0.569336 -0.0468415
0.570312 0.00480206
0.571289 -0.0285351
0.572266 0.0502404
0.573242 0.084416
0.574219 0.0200763
0.575195 0.0440338
0.576172 0.0399183
0.577148 -0.0424646
0.578125 -0.0219389
0.579102 -0.0381221
0.580078 -0.000141571
0.581055 -0.0231685
0.582031 -0.0548566
0.583008 -0.0660289
0.583984 -0.0173034
0.584961 -0.00353107
0.585938 0.0777218
0.586914 0.0376265
0.587891 0.122831
0.588867 -0.0190157
0.589844 0.00706335
0.59082 -0.014115
0.591797 -0.0541123
0.592773 0.0184412
0.59375 0.0105133
0.594727 -0.00425775
0.595703 0.00211618
0.59668 -0.0141567
0.597656 0.0614985
0.598633 0.0489273
0.599609 0.0459483
0.600586 0.0367038
0.601562 0.0100207
0.602539 -0.0251678
0.603516 -0.0493404
0.604492 -0.0133137
0.605469 0.0484295
0.606445 0.0215546
0.607422 -0.0213358
0.608398 -0.0396976
0.609375 0.0496925
0.610352 0.00107994
0.611328 0.0457973
0.612305 -0.0249074
0.613281 0.0313389
0.614258 0.0182534
0.615234 0.0215347
0.616211 0.0841364
0.617188 0.00818608
0.618164 0.021481
0.619141 0.00620893
0.620117 0.0340299
0.621094 -0.0419419
0.62207 -0.0324718
0.623047 -0.0138734
0.624023 0.00642461
0.625 0.0459802
0.625977 -0.0301259
0.626953 -0.0357816
0.62793 -0.0163807
0.628906 0.0188393
0.629883 -0.0256985
0.630859 -0.00787895
0.631836 -0.00095984
0.632812 0.069612
0.633789 -0.0235271
0.634766 0.0259534
0.635742 0.0615765
0.636719 0.0399918
0.637695 0.0193087
0.638672 0.053246
0.639648 0.00895923
0.640625 0.00506708
0.641602 -0.0144235
0.642578 -0.0752909
0.643555 -0.0432479
0.644531 0.00154413
0.645508 -0.0344077
0.646484 0.0222505
0.647461 -0.0306807
0.648438 0.0461975
0.649414 -0.0371148
0.650391 0.00885447
0.651367 0.020564
0.652344 0.000191891
0.65332 0.0212938
0.654297 0.0112837
0.655273 0.026427
0.65625 0.00215821
0.657227 0.0224924
0.658203 -0.0844269
0.65918 -0.0279184
0.660156 -0.0419395
0.661133 0.0205409
0.662109 -0.0552948
0.663086 -0.0318052
0.664062 -0.0309157
0.665039 0.0105628
0.666016 0.0739528
0.666992 0.151288
0.667969 0.449997
0.668945 0.378558
0.669922 0.224089
0.670898 0.158786
0.671875 0.107836
0.672852 0.0917643
0.673828 0.032413
0.674805 0.0238856
0.675781 0.0142564
0.676758 0.0826032
0.677734 0.00537334
0.678711 0.0275657
0.679688 -0.0278641
0.680664 0.0610325
0.681641 -0.00301526
0.682617 -0.0110289
0.683594 0.0552136
0.68457 -0.0384904
0.685547 -0.0259967
0.686523 -0.0395241
0.6875 -0.00952548
0.688477 -0.0695892
0.689453 -0.0097266
0.69043 -0.000869374
0.691406 0.0236303
0.692383 0.0206778
0.693359 0.0193177
0.694336 0.000151874
0.695312 -0.0323659
0.696289 0.0679033
0.697266 -0.0169982
0.698242 -0.0317949
0.699219 0.0473076
0.700195 -0.00856053
0.701172 0.00261258
0.702148 0.0712205
0.703125 0.0316359
0.704102 -0.0107524
0.705078 0.0371327
0.706055 0.0256867
0.707031 0.0272301
0.708008 0.00725498
0.708984 0.0524372
0.709961 -0.00723231
0.710938 0.0276045
0.711914 -0.0146457
0.712891 0.0160559
0.713867 -0.021713
0.714844 0.0347534
0.71582 0.0550479
0.716797 -0.00952177
0.717773 0.0232807
0.71875 -0.000913811
0.719727 -0.00252859
0.720703 0.0167678
0.72168 -0.0191295
0.722656 0.00402581
0.723633 -0.004418
0.724609 -0.0190215
0.725586 0.00639305
0.726562 0.0410161
0.727539 0.0129494
0.728516 0.0579056
0.729492 0.0225629
0.730469 -0.0318577
0.731445 0.0408343
0.732422 0.089443
0.733398 -0.00665494
0.734375 0.0484867
0.735352 0.014595
0.736328 -0.00428478
0.737305 0.00291566
0.738281 -0.0660965
0.739258 -0.0352831
0.740234 -0.000805255
0.741211 0.00708122
0.742188 0.00586109
0.743164 -0.0532188
0.744141 -0.0220848
0.745117 -0.0502019
0.746094 -0.0286359
0.74707 -0.0565255
0.748047 -0.00216276
0.749023 -0.0714014
0.75 -0.00493304
0.750977 -0.0134641
0.751953 0.0415495
0.75293 -0.0144345
0.753906 0.0351108
0.754883 -0.0536137
0.755859 0.00540791
0.756836 0.0153891
0.757812 0.0100234
0.758789 0.0055176
0.759766 0.029724
0.760742 -0.0202
0.761719 -0.0376587
0.762695 0.0603986
0.763672 0.0155466
0.764648 0.07698
0.765625 -0.0328761
0.766602 0.0553057
0.767578 0.0445253
0.768555 0.0636672
0.769531 -0.0547258
0.770508 -0.000357286
0.771484 0.0414911
0.772461 0.0237728
0.773438 0.0450116
0.774414 0.0171215
0.775391 0.0341119
0.776367 0.0387012
0.777344 0.00449853
0.77832 -0.0476614
0.779297 0.0100606
0.780273 -0.0153131
0.78125 -0.0231436
0.782227 -0.0006237
0.783203 -0.00713159
0.78418 0.0590534
0.785156 0.0400781
0.786133 0.0746663
0.787109 0.0129693
0.788086 -0.0204034
0.789062 0.0624469
0.790039 0.0106558
0.791016 0.0212686
0.791992 -0.0631734
0.792969 0.0346685
0.793945 -0.0477494
0.794922 0.0666148
0.795898 -0.0253193
0.796875 -0.00497359
0.797852 -0.022824
0.798828 -0.0336119
0.799805 0.0212412
0.800781 -0.00812727
0.801758 -0.0248949
0.802734 0.0750461
0.803711 0.0567174
0.804688 -0.0299873
0.805664 -0.00186086
0.806641 -0.00450889
0.807617 -0.0196545
0.808594 0.059702
0.80957 0.0105895
0.810547 0.0446847
0.811523 0.00677589
0.8125 -0.00226263
0.813477 0.0400494
0.814453 -0.00756277
0.81543 0.038395
0.816406 -0.0088754
0.817383 -0.00761951
0.818359 -0.0228301
0.819336 -0.0761842
0.820312 0.00981888
0.821289 -0.0425437
0.822266 -0.03607
0.823242 0.0316857
0.824219 -0.0441673
0.825195 0.0357081
0.826172 -0.032822
0.827148 -0.0539869
0.828125 0.0241518
0.829102 0.0468935
0.830078 -0.00702448
0.831055 0.00942699
0.832031 0.0397823
0.833008 0.0181728
0.833984 0.0955824
0.834961 -0.0584833
0.835938 0.00667021
0.836914 0.0582206
0.837891 0.00141537
0.838867 0.0638438
0.839844 -0.0398064
0.84082 0.0514682
0.841797 0.0434551
0.842773 -0.0536635
0.84375 0.0454588
0.844727 0.0393724
0.845703 -0.0563298
0.84668 -0.061269
0.847656 0.00690261
0.848633 0.0348452
0.849609 -0.0267074
0.850586 0.0441429
0.851562 -0.0202315
0.852539 0.00549563
0.853516 0.0355757
0.854492 -0.0460735
0.855469 0.0287729
0.856445 -0.154897
0.857422 -0.0175994
0.858398 0.00383356
0.859375 0.0370354
0.860352 0.00494682
0.861328 -0.0476969
0.862305 0.0553455
0.863281 0.0341784
0.864258 -0.0139826
0.865234 0.0266487
0.866211 -0.031118
0.867188 0.0116633
0.868164 0.0377053
0.869141 -0.00195564
0.870117 0.0541079
0.871094 0.0182857
0.87207 0.0197095
0.873047 0.0277289
0.874023 0.052854
0.875 0.0286776
0.875977 -0.0297979
0.876953 -0.010718
0.87793 -0.0114948
0.878906 -0.0149536
0.879883 0.0256185
0.880859 -0.0624153
0.881836 -0.002124
0.882812 -0.0556022
0.883789 -0.00770884
0.884766 0.0246281
0.885742 0.0145112
0.886719 0.0307531
0.887695 -0.0153942
0.888672 0.0590256
0.889648 0.0607017
0.890625 0.0289107
0.891602 0.0137504
0.892578 0.0234594
0.893555 0.0354439
0.894531 -0.0124417
0.895508 0.0484179
0.896484 0.0204305
0.897461 -0.0314156
0.898438 -0.011755
0.899414 0.000533393
0.900391 0.0206164
0.901367 -0.0215855
0.902344 -0.0179647
0.90332 -0.0275482
0.904297 -0.0466255
0.905273 0.0248602
0.90625 -0.0395234
0.907227 -0.0443782
0.908203 -0.0525872
0.90918 -0.0058413
0.910156 0.0167523
0.911133 -0.0127065
0.912109 -0.0384625
0.913086 -0.0550365
0.914062 0.00247698
0.915039 -0.0255796
0.916016 -0.0340804
0.916992 0.0223599
0.917969 0.0459143
0.918945 0.0357665
0.919922 0.0509245
0.920898 -0.00909353
0.921875 0.0285274
0.922852 0.0185228
0.923828 0.0101754
0.924805 0.0515414
0.925781 0.0763439
0.926758 0.0119507
0.927734 0.09648
0.928711 0.00316023
0.929688 0.00285678
0.930664 0.00919818
0.931641 -0.039053
0.932617 0.0073738
0.933594 0.0179503
0.93457 -0.00732911
0.935547 0.000471381
0.936523 0.0507787
0.9375 0.0209836
0.938477 -0.0221686
0.939453 0.0493955
0.94043 -0.0415213
0.941406 0.0289434
0.942383 0.0374336
0.943359 -0.053104
0.944336 -0.0524595
0.945312 0.029114
0.946289 -0.0397425
0.947266 -0.0401025
0.948242 0.000250766
0.949219 0.00136865
0.950195 0.0491448
0.951172 0.00354253
0.952148 -0.0167263
0.953125 -0.00659374
0.954102 -0.014714
0.955078 0.0359227
0.956055 0.051007
0.957031 -0.0409709
0.958008 -0.031913
0.958984 0.0164132
0.959961 0.0274199
0.960938 -0.0135759
0.961914 -0.0276368
0.962891 0.0467286
0.963867 0.0806596
0.964844 0.0187033
0.96582 0.030596
0.966797 -0.0166354
0.967773 -0.00895013
0.96875 0.0114815
0.969727 0.0438164
0.970703 0.018016
0.97168 -0.0177309
0.972656 -0.0554572
0.973633 -0.0886347
0.974609 -0.00659799
0.975586 -0.074167
0.976562 -0.0190391
0.977539 0.0124672
0.978516 0.0207428
0.979492 -0.0175154
0.980469 0.00414746
0.981445 0.0463941
0.982422 -0.0137168
0.983398 -0.0179328
0.984375 0.0871189
0.985352 0.0414276
0.986328 -0.0372337
0.987305 0.0398202
0.988281 0.0497708
0.989258 0.0134533
0.990234 0.0466857
0.991211 -0.0427332
0.992188 0.107172
0.993164 -0.0173078
0.994141 0.0101965
0.995117 0.00738149
0.996094 -0.00602389
0.99707 0.0383404
0.998047 -0.0704678
0.999023 0.0373154
1 0.0504082
1.00098 0.0124838
1.00195 0.00130418
1.00293 0.0333666
1.00391 0.0102129
1.00488 -0.0102448
1.00586 -0.00946476
1.00684 -0.00393692
1.00781 -0.0171822
1.00879 0.0199478
1.00977 -0.0531235
1.01074 -0.0162018
1.01172 -0.0209508
1.0127 -0.0454826
1.01367 0.0146334
1.01465 -0.0278634
1.01562 0.0365546
1.0166 0.0264152
1.01758 -0.0267003
1.01855 -0.00490467
1.01953 0.0109506
1.02051 -0.0175138
1.02148 -0.0623428
1.02246 0.0681644
1.02344 -0.00604771
1.02441 0.0299713
1.02539 -0.048528
1.02637 -0.0762534
1.02734 -0.0313362
1.02832 0.00584408
1.0293 0.00439548
1.03027 0.0473551
1.03125 -0.00916019
1.03223 -0.0629761
1.0332 0.0172821
1.03418 0.00988423
1.03516 0.0884848
1.03613 -0.0447451
1.03711 0.0158159
1.03809 -0.0427236
1.03906 -0.0617449
1.04004 -0.026285
1.04102 -0.041802
1.04199 0.0626894
1.04297 -0.0102202
1.04395 0.0111257
1.04492 -0.0156107
1.0459 -0.00195391
1.04688 -0.0350247
1.04785 -0.0100808
1.04883 -0.018443
1.0498 0.077126
1.05078 0.0261327
1.05176 7.78608e-07
1.05273 -0.0202031
1.05371 0.114895
1.05469 -0.0768126
1.05566 -0.00769091
1.05664 0.000372311
1.05762 -0.0255001
1.05859 -0.0635626
1.05957 0.0523062
1.06055 -0.00066689
1.06152 0.023396
1.0625 0.000812575
1.06348 0.0540965
1.06445 0.075916
1.06543 9.23709e-05
1.06641 0.00809664
1.06738 0.0407147
1.06836 -0.00667342
1.06934 -0.0479418
1.07031 -0.00380172
1.07129 0.000865313
1.07227 -0.0133674
1.07324 -0.0112112
1.07422 0.0198793
1.0752 0.0439422
1.07617 -0.00676722
1.07715 0.0079812
1.07812 0.0469624
1.0791 -0.0639082
1.08008 -0.0140344
1.08105 0.0417861
1.08203 0.0200801
1.08301 0.027349
1.08398 -0.00480541
1.08496 -0.0360629
1.08594 0.0351497
1.08691 0.0127603
1.08789 0.0619335
1.08887 0.0134227
1.08984 -0.0442188
1.09082 0.0337809
1.0918 0.0107886
1.09277 0.0318351
1.09375 -0.00871467
1.09473 0.0878236
1.0957 -0.000304879
1.09668 0.00330067
1.09766 0.0155136
1.09863 0.0249345
1.09961 -0.0415557
1.10059 -0.004319
1.10156 0.0168155
1.10254 -0.015943
1.10352 0.00243757
1.10449 -0.0182364
1.10547 -0.0117407
1.10645 -0.0509003
1.10742 -0.00146288
1.1084 0.0203719
1.10938 0.00920303
1.11035 0.0342662
1.11133 -0.00717317
1.1123 0.0376146
1.11328 0.0313894
1.11426 -0.00758365
1.11523 0.0162805
1.11621 0.0308052
1.11719 0.0103786
1.11816 0.0010387
1.11914 0.0388498
1.12012 -0.0138148
1.12109 0.0345716
1.12207 0.0356983
1.12305 0.0110186
1.12402 -0.00379742
1.125 0.0211701
1.12598 -0.0389813
1.12695 -0.0531017
1.12793 -0.000633686
1.12891 -0.00245942
1.12988 -0.042419
1.13086 -0.0376785
1.13184 -0.0667854
1.13281 0.0887409
1.13379 0.0533944
1.13477 0.0544312
1.13574 0.0048528
1.13672 -0.00954183
1.1377 0.0258459
1.13867 -0.0046067
1.13965 0.0473218
1.14062 -0.0643791
1.1416 0.0200856
1.14258 -0.0214603
1.14355 0.0106962
1.14453 0.0206054
1.14551 -0.00545361
1.14648 -0.0393659
1.14746 -0.00843555
1.14844 -0.0314978
1.14941 -0.0189214
1.15039 -0.0375661
1.15137 0.050261
1.15234 0.00238
1.15332 0.0557548
1.1543 0.0877462
1.15527 -0.0330682
1.15625 0.0272901
1.15723 -0.0337412
1.1582 0.0387632
1.15918 -0.0238759
1.16016 0.0217405
1.16113 0.0257751
1.16211 0.0110985
1.16309 0.00886788
1.16406 0.0118535
1.16504 -0.00288466
1.16602 -0.0104104
1.16699 -0.0231666
1.16797 -0.00344973
1.16895 0.0475437
1.16992 0.0118353
1.1709 -0.0214725
1.17188 -0.0943664
1.17285 0.0788664
1.17383 0.026656
1.1748 -0.0278724
1.17578 -0.0135265
1.17676 -0.0113596
1.17773 0.000858364
1.17871 0.0772334
1.17969 0.0687029
1.18066 0.0402285
1.18164 0.0550991
1.18262 0.00815235
1.18359 0.0298135
1.18457 0.0580429
1.18555 0.0301984
1.18652 0.113473
1.1875 0.0236932
1.18848 0.0364171
1.18945 -0.0282348
1.19043 -0.0617471
1.19141 0.0221492
1.19238 0.0977598
1.19336 0.0561772
1.19434 -0.0528089
1.19531 -0.0136097
1.19629 -0.0719094
1.19727 -0.0202023
1.19824 0.0472691
1.19922 -0.0109937
1.2002 0.00142198
1.20117 0.0290815
1.20215 0.0313411
1.20312 0.0308353
1.2041 0.0111607
1.20508 -0.0437333
1.20605 -0.00617443
1.20703 -0.0285303
1.20801 -0.010766
1.20898 0.0282013
1.20996 -0.0275406
1.21094 0.00161047
1.21191 0.0205621
1.21289 -0.022855
1.21387 -0.0464456
1.21484 -0.0419999
1.21582 -0.0243323
1.2168 0.0112528
1.21777 0.0473415
1.21875 -0.00636798
1.21973 0.0298661
1.2207 0.0260151
1.22168 0.0439113
1.22266 -0.0378121
1.22363 0.00758223
1.22461 0.044181
1.22559 0.036419
1.22656 -0.00180756
1.22754 -0.0262494
1.22852 0.0745
1.22949 -0.00903734
1.23047 0.0110238
1.23145 -0.0152241
1.23242 0.0469828
1.2334 -0.00787459
1.23438 -0.0318937
1.23535 0.0318002
1.23633 0.0328228
1.2373 -0.0166482
1.23828 0.0500151
1.23926 -0.000407773
1.24023 -0.0240976
1.24121 -0.0472957
1.24219 0.0313369
1.24316 -0.0246832
1.24414 0.0290671
1.24512 -0.00496791
1.24609 0.00125266
1.24707 -0.0807424
1.24805 -0.018844
1.24902 -0.0136116
1.25 -0.0327426
1.25098 0.0795237
1.25195 0.0651449
1.25293 0.0121693
1.25391 0.0485848
1.25488 -0.00191013
1.25586 -0.0317266
1.25684 -0.00858691
1.25781 -0.0537173
1.25879 -0.00952951
1.25977 0.104471
1.26074 -0.0430553
1.26172 -0.00792163
1.2627 0.026872
1.26367 -0.00858833
1.26465 -0.0665369
1.26562 -0.0588758
1.2666 -0.0256279
1.26758 -0.0131094
1.26855 -0.0437749
1.26953 0.0413988
1.27051 -0.0325307
1.27148 0.0793607
1.27246 0.0166361
1.27344 -0.00133583
1.27441 -0.0367911
1.27539 -0.00730071
1.27637 0.134829
1.27734 0.0591739
1.27832 0.0318072
1.2793 -0.0370384
1.28027 -0.0278928
1.28125 -0.0196255
1.28223 -0.0777697
1.2832 0.00348564
1.28418 -0.0164219
1.28516 -0.0237267
1.28613 -0.0283591
1.28711 -0.00929945
1.28809 0.0169713
1.28906 0.030753
1.29004 -0.0379194
1.29102 -0.0759051
1.29199 -0.0086624
1.29297 0.00400443
1.29395 0.00487143
1.29492 0.0405597
1.2959 0.025706
1.29688 0.02181
1.29785 0.0233111
1.29883 -0.052071
1.2998 -0.00658621
1.30078 0.0281745
1.30176 -0.0410105
1.30273 0.0322437
1.30371 -0.0139012
1.30469 0.0167369
1.30566 0.096837
1.30664 0.0136637
1.30762 0.042946
1.30859 0.0413287
1.30957 0.0112746
1.31055 0.0476087
1.31152 0.0394501
1.3125 -0.0142256
1.31348 0.0516814
1.31445 0.0535421
1.31543 0.0343936
1.31641 -0.00636809
1.31738 0.0436819
1.31836 -0.010026
1.31934 0.0635768
1.32031 0.00157509
1.32129 -0.0415305
1.32227 0.0141417
1.32324 0.0353349
1.32422 -0.0502235
1.3252 -0.0177264
1.32617 0.0637861
1.32715 0.0323522
1.32812 0.0323959
1.3291 -0.0273114
1.33008 -0.0438329
1.33105 -0.0305532
1.33203 -0.0168779
1.33301 0.0558191
1.33398 -0.0254682
1.33496 0.0371177
1.33594 0.0115911
1.33691 0.0339376
1.33789 0.00576222
1.33887 0.0341426
1.33984 0.0122348
1.34082 0.0262291
1.3418 0.0573905
1.34277 0.0522192
1.34375 -0.00298991
1.34473 0.0578009
1.3457 0.0145442
1.34668 -0.0099735
1.34766 0.0265336
1.34863 -0.00945299
1.34961 0.0298906
1.35059 -0.00543349
1.35156 0.0280333
1.35254 -0.00304298
1.35352 0.0291691
1.35449 -0.0415074
1.35547 0.00214551
1.35645 -0.0261313
1.35742 0.0244081
1.3584 0.00752271
1.35938 -0.0373134
1.36035 0.00449245
1.36133 0.0202357
1.3623 0.0148832
1.36328 -0.0374872
1.36426 -0.0496012
1.36523 -0.022226
1.36621 -0.0406825
1.36719 0.0556404
1.36816 0.0659205
1.36914 -0.0213861
1.37012 -0.0142974
1.37109 -0.0706852
1.37207 -0.055255
1.37305 -0.0531152
1.37402 0.0236639
1.375 -0.0259337
1.37598 -0.0256652
1.37695 -0.047223
1.37793 -0.0362073
1.37891 0.0129456
1.37988 0.0186456
1.38086 0.0031481
1.38184 0.02682
1.38281 0.0754582
1.38379 0.00237577
1.38477 0.0233726
1.38574 -0.0617312
1.38672 0.0081603
1.3877 -0.016058
1.38867 -0.00749835
1.38965 0.102598
1.39062 -0.0450905
1.3916 -0.00427737
1.39258 0.0545268
1.39355 0.0677894
1.39453 0.0533098
1.39551 0.032083
1.39648 -0.00217095
1.39746 -0.0667909
1.39844 0.00460864
1.39941 -0.0714161
1.40039 0.00593461
1.40137 -0.00571681
1.40234 -0.0248421
1.40332 -0.046993
1.4043 0.0324735
1.40527 0.0444003
1.40625 0.0877408
1.40723 0.0257246
1.4082 -0.0058207
1.40918 -0.00190463
1.41016 0.0204245
1.41113 0.0199491
1.41211 -0.0128778
1.41309 -0.0120298
1.41406 0.00814548
1.41504 0.0620446
1.41602 -0.0253351
1.41699 0.0865924
1.41797 0.0147791
1.41895 -0.0477588
1.41992 -0.0494733
1.4209 0.00236849
1.42188 -0.0749595
1.42285 -0.0723542
1.42383 0.0541052
1.4248 0.0111266
1.42578 -0.0438756
1.42676 -0.0463376
1.42773 -0.00499738
1.42871 0.0460724
1.42969 0.00142551
1.43066 0.0039907
1.43164 0.0494874
1.43262 -0.0163847
1.43359 -0.00134535
1.43457 0.0264467
1.43555 -0.0148524
1.43652 0.0120118
1.4375 -0.0306907
1.43848 -0.0347603
1.43945 -0.109733
1.44043 -0.0387749
1.44141 -0.00448898
1.44238 -0.0477632
1.44336 -0.00513905
1.44434 -0.0302752
1.44531 -0.0625406
1.44629 -0.000927623
1.44727 -0.00995497
1.44824 0.0160564
1.44922 0.050044
1.4502 -0.0153092
1.45117 0.0492491
1.45215 -0.00358876
1.45312 0.0517383
1.4541 0.0311578
1.45508 0.0180972
1.45605 -0.000174696
1.45703 -0.0436494
1.45801 0.00218932
1.45898 0.0297515
1.45996 -0.0404692
1.46094 0.0125449
1.46191 -0.0132716
1.46289 0.0236769
1.46387 0.00082329
1.46484 -0.00145783
1.46582 0.0438093
1.4668 -0.0375692
1.46777 0.00921529
1.46875 0.054453
1.46973 0.0351431
1.4707 0.0100063
1.47168 0.102119
1.47266 0.0520665
1.47363 0.00286983
1.47461 0.0464373
1.47559 0.0285331
1.47656 0.0127212
1.47754 -0.00600422
1.47852 0.0211247
1.47949 0.0398284
1.48047 0.0114238
1.48145 -0.0144634
1.48242 -0.0333693
1.4834 -0.0320049
1.48438 -0.051516
1.48535 0.0291567
1.48633 0.000779899
1.4873 0.0105307
1.48828 0.0114607
1.48926 0.0219377
1.49023 -0.00479985
1.49121 0.00217573
1.49219 -0.0339494
1.49316 0.0397947
1.49414 -0.00648091
1.49512 0.0143967
1.49609 0.0479909
1.49707 0.00518876
1.49805 -0.0226547
1.49902 0.00830812
1.5 0.0312839
1.50098 0.0192774
1.50195 0.0550544
1.50293 0.055346
1.50391 0.017295
1.50488 0.0432496
1.50586 -0.0106787
1.50684 0.0380337
1.50781 0.061964
1.50879 0.0367441
1.50977 -0.077858
1.51074 -0.015471
1.51172 0.035329
1.5127 -0.0488256
1.51367 0.0127761
1.51465 -0.0313799
1.51562 -0.0745774
1.5166 0.00393621
1.51758 0.0408697
1.51855 0.0155169
1.51953 -0.0832278
1.52051 -0.093206
1.52148 0.013204
1.52246 -0.0345735
1.52344 0.009484
1.52441 0.0620664
1.52539 0.00338107
1.52637 0.0526118
1.52734 0.0110793
1.52832 0.0243984
1.5293 -0.0410897
1.53027 -0.063882
1.53125 0.0120791
1.53223 -0.018787
1.5332 0.0331277
1.53418 0.0307083
1.53516 -0.0594655
1.53613 -0.0120936
1.53711 0.029453
1.53809 0.00765554
1.53906 0.0352756
1.54004 0.0198533
1.54102 0.037712
1.54199 -0.0853851
1.54297 -0.0117615
1.54395 0.00201382
1.54492 -0.0550299
1.5459 -0.0291634
1.54688 0.0515184
1.54785 -0.0182979
1.54883 -0.0562961
1.5498 0.0257135
1.55078 0.0431066
1.55176 0.0167762
1.55273 -0.00175377
1.55371 -0.107196
1.55469 0.0139286
1.55566 -0.0525744
1.55664 0.0376648
1.55762 -0.0608265
1.55859 0.0277103
1.55957 0.00190668
1.56055 0.0174554
1.56152 -0.0048736
1.5625 0.0245026
1.56348 -0.0599789
1.56445 -0.0268697
1.56543 0.00591079
1.56641 0.0141536
1.56738 0.0620343
1.56836 0.00994255
1.56934 0.0113896
1.57031 0.0411185
1.57129 0.00521588
1.57227 0.0312268
1.57324 0.0728927
1.57422 0.00835832
1.5752 -0.00866098
1.57617 0.0090496
1.57715 -0.0177396
1.57812 -0.0315197
1.5791 -0.0133768
1.58008 0.0314342
1.58105 0.0132394
1.58203 -0.00146601
1.58301 -0.00508345
1.58398 -0.000215123
1.58496 0.0585209
1.58594 0.067306
1.58691 0.0387728
1.58789 0.0606303
1.58887 -0.0704885
1.58984 0.0125307
1.59082 0.00475663
1.5918 0.0194954
1.59277 -0.0727477
1.59375 -0.0178835
1.59473 -0.0118563
1.5957 0.0311401
1.59668 -0.030042
1.59766 0.035641
1.59863 -0.0045057
1.59961 0.0288956
1.60059 -0.00787279
1.60156 -0.0171294
1.60254 0.0123001
1.60352 -0.0286065
1.60449 -0.0298544
1.60547 -0.0190151
1.60645 -0.0293923
1.60742 0.039386
1.6084 0.0201723
1.60938 0.0239993
1.61035 -0.0165064
1.61133 -0.00376371
1.6123 -0.0204427
1.61328 0.00586245
1.61426 0.0316276
1.61523 0.0420239
1.61621 -0.0177963
1.61719 0.0164412
1.61816 0.0113501
1.61914 0.0100289
1.62012 -0.0577088
1.62109 -0.0207383
1.62207 -0.0478159
1.62305 -0.0401269
1.62402 0.0130513
1.625 -0.0299937
1.62598 -0.00485884
1.62695 -0.00530121
1.62793 0.0670389
1.62891 0.0243904
1.62988 0.0660682
1.63086 -0.000940693
1.63184 -0.0206919
1.63281 -0.00182049
1.63379 0.027531
1.63477 0.0535888
1.63574 0.00681857
1.63672 0.0698208
1.6377 -0.021529
1.63867 0.00447556
1.63965 0.0483512
1.64062 0.0600601
1.6416 -0.0352952
1.64258 0.00815273
1.64355 -0.0488472
1.64453 0.0869832
1.64551 -0.000361389
1.64648 -0.0204286
1.64746 0.0236027
1.64844 0.0218927
1.64941 0.00238463
1.65039 0.00325915
1.65137 -0.00817344
1.65234 0.0168539
1.65332 -0.0003282
1.6543 0.047229
1.65527 -0.0148043
1.65625 0.0383163
1.65723 0.0606319
1.6582 0.0439756
1.65918 0.0979964
1.66016 0.0535803
1.66113 -0.0271181
1.66211 -0.0107488
1.66309 0.014124
1.66406 -0.0212599
1.66504 -0.00242759
1.66602 0.0624447
1.66699 -0.0512905
1.66797 -0.024399
1.66895 -0.0417993
1.66992 0.0363907
1.6709 0.0799417
1.67188 0.0459732
1.67285 0.0753704
1.67383 0.0938453
1.6748 0.0607916
1.67578 0.0192038
1.67676 0.0239565
1.67773 0.0418776
1.67871 0.067797
1.67969 0.0161757
1.68066 -0.00794812
1.68164 0.029488
1.68262 -0.00427767
1.68359 0.049346
1.68457 0.0508634
1.68555 0.0489776
1.68652 0.0303441
1.6875 0.0108932
1.68848 -0.0164013
1.68945 0.00414171
1.69043 -0.0438422
1.69141 -0.00172883
1.69238 -0.0216242
1.69336 0.0657907
1.69434 0.0563211
1.69531 -0.00160837
1.69629 0.0413212
1.69727 -0.0302973
1.69824 -0.0395433
1.69922 -0.0029848
1.7002 -0.00946503
1.70117 -0.013492
1.70215 0.0555145
1.70312 -0.0109588
1.7041 -0.00333309
1.70508 0.00707741
1.70605 -0.0992194
1.70703 0.0294927
1.70801 -0.0633549
1.70898 -0.0327499
1.70996 0.0686015
1.71094 -0.0163622
1.71191 -0.0281994
1.71289 0.0531594
1.71387 0.0277686
1.71484 0.0415805
1.71582 0.0497894
1.7168 0.0202287
1.71777 -0.0227552
1.71875 -0.0270663
1.71973 0.0459402
1.7207 -0.0456354
1.72168 -0.029869
1.72266 0.072304
1.72363 -0.0186127
1.72461 0.0187702
1.72559 0.0223492
1.72656 0.0224143
1.72754 -0.105385
1.72852 -0.0211162
1.72949 -0.00398589
1.73047 0.00816581
1.73145 -0.0768633
1.73242 -0.0212052
1.7334 0.0268355
1.73438 0.0191089
1.73535 0.0559778
1.73633 -0.019197
1.7373 -0.00456758
1.73828 -0.0475133
1.73926 0.0376498
1.74023 0.0374465
1.74121 0.0571507
1.74219 0.0537385
1.74316 0.0131967
1.74414 -0.0505462
1.74512 0.00273557
1.74609 -0.0138373
1.74707 0.00104246
1.74805 -0.0530262
1.74902 -0.0587182
1.75 0.0293657
1.75098 -0.0447173
1.75195 0.00222114
1.75293 -0.0732241
1.75391 0.0465888
1.75488 -0.0132607
1.75586 -0.0453685
1.75684 0.0665554
1.75781 -0.0213089
1.75879 0.0586016
1.75977 -0.00392246
1.76074 0.0794398
1.76172 0.0170706
1.7627 0.0417007
1.76367 -0.00215317
1.76465 -0.0457004
1.76562 -0.0798458
1.7666 0.00546724
1.76758 0.0107354
1.76855 -0.046599
1.76953 -0.0188896
1.77051 0.0540425
1.77148 0.0778678
1.77246 -0.0522255
1.77344 -0.0394524
1.77441 0.0790953
1.77539 0.00502769
1.77637 0.0146474
1.77734 -0.0352741
1.77832 -0.0439678
1.7793 0.0309134
1.78027 0.0187388
1.78125 -0.0415101
1.78223 -0.00460843
1.7832 0.00357805
1.78418 0.0372952
1.78516 -0.0471174
1.78613 0.0630786
1.78711 0.0684675
1.78809 -0.117397
1.78906 -0.00540888
1.79004 -0.00856707
1.79102 0.0448257
1.79199 -0.0319935
1.79297 0.0525149
1.79395 0.00282116
1.79492 0.062968
1.7959 0.015828
1.79688 0.0328373
1.79785 0.0368139
1.79883 -0.0513745
1.7998 -0.0154821
1.80078 -0.0520024
1.80176 -0.0811899
1.80273 0.0508978
1.80371 -0.0750189
1.80469 -0.00440714
1.80566 0.0150946
1.80664 0.0371523
1.80762 0.0655117
1.80859 0.053212
1.80957 0.0327607
1.81055 -0.0119636
1.81152 -0.0617084
1.8125 -0.0199916
1.81348 -0.0478142
1.81445 0.0633201
1.81543 -0.0402559
1.81641 0.030981
1.81738 0.00742547
1.81836 -0.0596901
1.81934 0.0276706
1.82031 0.03662
1.82129 0.0368092
1.82227 -0.0129347
1.82324 0.0133757
1.82422 -0.00697461
1.8252 0.0275886
1.82617 -0.0191248
1.82715 -0.00459638
1.82812 0.00974671
1.8291 -0.0436257
1.83008 -0.00622218
1.83105 0.00633642
1.83203 0.014726
1.83301 0.0167733
1.83398 -0.0525441
1.83496 0.0364833
1.83594 0.0303149
1.83691 -0.0168664
1.83789 -0.0185248
1.83887 0.0365326
1.83984 0.0544369
1.84082 0.00165311
1.8418 -0.0028199
1.84277 0.00186069
1.84375 -0.0168562
1.84473 -0.0211587
1.8457 0.0603566
1.84668 0.00855742
1.84766 0.0143267
1.84863 0.0138305
1.84961 0.00540698
1.85059 -0.012608
1.85156 0.0227485
1.85254 0.0269131
1.85352 -0.0599996
1.85449 0.0206137
1.85547 -0.0277124
1.85645 0.024911
1.85742 0.0294365
1.8584 -0.0741032
1.85938 0.017524
1.86035 0.0365731
1.86133 0.0289618
1.8623 -0.0157544
1.86328 0.0133729
1.86426 -0.00728818
1.86523 0.0387793
1.86621 0.0750952
1.86719 0.0152654
1.86816 0.00363235
1.86914 -0.004565
1.87012 0.0109733
1.87109 0.0470353
1.87207 0.0282427
1.87305 0.0467938
1.87402 0.0399748
1.875 0.0412967
1.87598 0.0217729
1.87695 -0.0161546
1.87793 -0.0215851
1.87891 -0.00250394
1.87988 0.0514469
1.88086 -0.0678134
1.88184 0.0100762
1.88281 0.0221858
1.88379 0.0141283
1.88477 0.00958091
1.88574 -0.0444634
1.88672 0.0224599
1.8877 0.0514354
1.88867 0.0220875
1.88965 0.0319867
1.89062 -0.0163939
1.8916 -0.017188
1.89258 0.0759166
1.89355 -0.000112778
1.89453 0.0348169
1.89551 0.0408167
1.89648 -0.00461774
1.89746 0.029942
1.89844 -0.0122908
1.89941 -0.00359641
1.90039 -0.00191913
1.90137 0.0420871
1.90234 0.000381433
1.90332 -0.0384971
1.9043 0.0145907
1.90527 0.0545279
1.90625 0.0155615
1.90723 -0.0168301
1.9082 -0.0022197
1.90918 0.0051811
1.91016 -0.0120716
1.91113 0.0141694
1.91211 0.0808852
1.91309 -0.0642254
1.91406 0.0235042
1.91504 -0.0353189
1.91602 0.0126047
1.91699 0.000502642
1.91797 -0.00819301
1.91895 0.00345824
1.91992 -0.0464852
1.9209 -0.0319584
1.92188 0.00822135
1.92285 0.031493
1.92383 0.00481872
1.9248 0.075202
1.92578 0.00394994
1.92676 0.0705653
1.92773 0.0198965
1.92871 -0.0745311
1.92969 -0.0105508
1.93066 -0.0812226
1.93164 -0.070821
1.93262 0.00468226
1.93359 -0.0585204
1.93457 -0.0513829
1.93555 0.02299
1.93652 -0.0227828
1.9375 -0.0018921
1.93848 -0.0657117
1.93945 0.00823737
1.94043 0.00449262
1.94141 0.0381492
1.94238 -0.0297532
1.94336 -0.00331658
1.94434 0.0195478
1.94531 -0.0206386
1.94629 0.0264558
1.94727 0.0356413
1.94824 -0.0163026
1.94922 0.00664611
1.9502 0.0532785
1.95117 0.035338
1.95215 -0.0492794
1.95312 -0.0105411
1.9541 0.0281461
1.95508 -0.0424031
1.95605 -0.00829237
1.95703 -0.0316518
1.95801 -0.0301302
1.95898 -0.0315379
1.95996 -0.0161234
1.96094 -0.0201325
1.96191 -0.0250373
1.96289 0.00229482
1.96387 0.00937237
1.96484 -0.0567114
1.96582 0.0995296
1.9668 0.0251132
1.96777 0.0293909
1.96875 0.0272434
1.96973 -0.0851551
1.9707 -0.0137512
1.97168 -0.0413259
1.97266 0.0686435
1.97363 0.0250692
1.97461 0.0681181
1.97559 0.0246658
1.97656 -0.0298548
1.97754 0.0106314
1.97852 0.00241628
1.97949 0.0540464
1.98047 0.0324591
1.98145 -0.0378924
1.98242 0.12078
1.9834 0.0622763
1.98438 0.0923344
1.98535 -0.031459
1.98633 0.021726
1.9873 -0.00776035
1.98828 0.0210697
1.98926 -0.00537778
1.99023 0.0140952
1.99121 0.0303212
1.99219 -0.00431757
1.99316 0.0520841
1.99414 0.0156233
1.99512 0.022277
1.99609 -0.0305668
1.99707 0.0294306
1.99805 0.0256647
1.99902 -0.051418
