0 0.0130925
0.000976562 0.0104819
0.00195312 0.0109671
0.00292969 0.00552036
0.00390625 -0.0394938
0.00488281 -0.0488595
0.00585938 0.0169957
0.00683594 0.0429615
0.0078125 0.0456534
0.00878906 0.00929174
0.00976562 -0.0546752
0.0107422 -0.033865
0.0117188 -0.0554933
0.0126953 0.0241667
0.0136719 -0.0698027
0.0146484 0.0296415
0.015625 0.00372968
0.0166016 0.0553759
0.0175781 -0.0121788
0.0185547 0.0428849
0.0195312 -0.0325012
0.0205078 0.00475399
0.0214844 -0.0474798
0.0224609 0.0142735
0.0234375 -0.002528
0.0244141 0.015791
0.0253906 0.0525301
0.0263672 -0.0470803
0.0273438 -0.0762006
0.0283203 -0.0162036
0.0292969 -0.0487657
0.0302734 0.0372026
0.03125 -0.0389351
0.0322266 -0.107936
0.0332031 0.0909278
0.0341797 0.0420848
0.0351562 -0.0105146
0.0361328 -0.0288071
0.0371094 0.00755308
0.0380859 0.00594379
0.0390625 0.0514514
0.0400391 0.0383193
0.0410156 0.0028863
0.0419922 0.10248
0.0429688 0.0365413
0.0439453 -0.0245399
0.0449219 0.0292495
0.0458984 0.00356137
0.046875 -0.0105152
0.0478516 -0.0160603
0.0488281 0.0188849
0.0498047 -0.0195938
0.0507812 0.0248952
0.0517578 0.0310756
0.0527344 0.0581206
0.0537109 0.055711
0.0546875 0.0167243
0.0556641 0.0753737
0.0566406 -0.0175842
0.0576172 0.0213281
0.0585938 0.00377353
0.0595703 -0.0375722
0.0605469 -0.0289675
0.0615234 0.0258188
0.0625 0.0382558
0.0634766 -0.0326834
0.0644531 0.0234152
0.0654297 -0.0139022
0.0664062 -0.0171746
0.0673828 0.0717444
0.0683594 0.00337649
0.0693359 -0.0610032
0.0703125 0.0521399
0.0712891 0.0397543
0.0722656 0.0276479
0.0732422 -0.0381813
0.0742188 -0.00541924
0.0751953 -0.0268266
0.0761719 0.0413119
0.0771484 0.0526727
0.078125 0.0164572
0.0791016 0.0434087
0.0800781 0.0388786
0.0810547 -0.0769464
0.0820312 0.0212601
0.0830078 -0.0121524
0.0839844 0.0640427
0.0849609 0.0222827
0.0859375 0.133197
0.0869141 0.0499053
0.0878906 -0.0726083
0.0888672 0.0791269
0.0898438 0.103052
0.0908203 0.00374676
0.0917969 0.00853185
0.0927734 0.0155603
0.09375 -0.0841686
0.0947266 0.0249209
0.0957031 0.0280239
0.0966797 0.0351603
0.0976562 -0.0216859
0.0986328 0.00603349
0.0996094 -0.033422
0.100586 0.0569396
0.101562 0.046837
0.102539 -0.022059
0.103516 0.00028663
0.104492 -0.060618
0.105469 -0.0258247
0.106445 0.0455167
0.107422 0.0412537
0.108398 -0.0397693
0.109375 0.0174967
0.110352 0.026814
0.111328 -0.00997776
0.112305 -0.0285374
0.113281 0.0362118
0.114258 0.0271494
0.115234 0.0137042
0.116211 -0.00388379
0.117188 0.0500294
0.118164 0.0387444
0.119141 0.0063227
0.120117 -0.0474861
0.121094 0.0330887
0.12207 0.0135447
0.123047 -0.019744
0.124023 -0.039242
0.125 0.0401184
0.125977 0.0660214
0.126953 -0.0212117
0.12793 -0.0413474
0.128906 -0.00749676
0.129883 -0.00906635
0.130859 0.00933178
0.131836 0.00293473
0.132812 0.0234776
0.133789 0.0145567
0.134766 0.00740992
0.135742 -0.000899912
0.136719 0.117348
0.137695 0.0607411
0.138672 -0.0377489
0.139648 0.0476435
0.140625 0.0417768
0.141602 0.0412561
0.142578 0.0164633
0.143555 -0.0193676
0.144531 0.0368947
0.145508 0.0159404
0.146484 0.00146921
0.147461 -0.0612466
0.148438 -0.078171
0.149414 0.0466645
0.150391 -0.0695096
0.151367 0.0339993
0.152344 0.0492325
0.15332 -0.0414601
0.154297 0.0287423
0.155273 0.0651754
0.15625 0.0693181
0.157227 -0.0974809
0.158203 0.00285798
0.15918 -0.033607
0.160156 0.0441464
0.161133 0.0930369
0.162109 0.00280797
0.163086 -0.0234983
0.164062 -0.0548154
0.165039 0.0192627
0.166016 -0.00750283
0.166992 0.0516858
0.167969 -0.0258542
0.168945 0.0326652
0.169922 -0.049305
0.170898 -0.0256226
0.171875 -0.0487108
0.172852 -0.0401452
0.173828 0.0140573
0.174805 0.0505128
0.175781 0.0265993
0.176758 0.0638997
0.177734 0.00634395
0.178711 0.0210001
0.179688 -0.0695467
0.180664 0.0296174
0.181641 -0.00912771
0.182617 0.0860247
0.183594 -0.00347208
0.18457 0.0346736
0.185547 0.0371361
0.186523 -0.0490875
0.1875 -0.0117839
0.188477 -0.106055
0.189453 -0.0446552
0.19043 0.0944205
0.191406 0.0289548
0.192383 -0.043611
0.193359 0.0524206
0.194336 0.0646582
0.195312 -0.0676969
0.196289 -0.0473012
0.197266 -0.022155
0.198242 0.0769802
0.199219 0.118142
0.200195 0.00404325
0.201172 -0.0271846
0.202148 0.00278399
0.203125 0.0291063
0.204102 0.00406898
0.205078 0.0227746
0.206055 -0.0532669
0.207031 -0.0323027
0.208008 0.0443523
0.208984 0.0190032
0.209961 -0.0442835
0.210938 -0.0214352
0.211914 0.0783709
0.212891 0.00627347
0.213867 0.086268
0.214844 -0.0785363
0.21582 0.0319343
0.216797 -0.0264171
0.217773 0.0663343
0.21875 0.00705683
0.219727 -0.100881
0.220703 -0.0598687
0.22168 -0.035685
0.222656 0.0367716
0.223633 0.0539665
0.224609 -0.0464377
0.225586 -0.044488
0.226562 0.098726
0.227539 0.0918658
0.228516 0.000148323
0.229492 -0.0168813
0.230469 -0.0820787
0.231445 -0.0264531
0.232422 -0.0130094
0.233398 0.0725413
0.234375 -0.0206171
0.235352 -0.00164271
0.236328 -0.00508872
0.237305 -0.00503752
0.238281 -0.0228474
0.239258 -0.0136523
0.240234 0.0367946
0.241211 -0.0258559
0.242188 -0.00125324
0.243164 -0.00531823
0.244141 0.0212572
0.245117 -0.012838
0.246094 0.0712483
0.24707 -0.0399809
0.248047 0.0194139
0.249023 -0.049171
0.25 0.0730138
0.250977 0.0306124
0.251953 -0.00771271
0.25293 -0.0343453
0.253906 0.0339291
0.254883 -0.0393283
0.255859 0.0179818
0.256836 -0.01798
0.257812 0.0829694
0.258789 0.0538202
0.259766 -0.00944231
0.260742 -0.0303857
0.261719 -0.0650458
0.262695 0.0486585
0.263672 0.0216094
0.264648 -0.00873707
0.265625 0.0228972
0.266602 0.0460879
0.267578 -0.00351076
0.268555 -0.0452994
0.269531 -0.0639035
0.270508 0.00248374
0.271484 0.0316369
0.272461 0.0238941
0.273438 0.026582
0.274414 -0.017009
0.275391 -0.0160375
0.276367 -0.027047
0.277344 -0.09407
0.27832 0.101299
0.279297 0.00759273
0.280273 0.000751611
0.28125 -0.00215106
0.282227 -0.0591053
0.283203 -0.0677116
0.28418 -0.0603219
0.285156 0.0287976
0.286133 0.00708767
0.287109 -0.0120393
0.288086 -0.0492772
0.289062 0.0372695
0.290039 -0.0514632
0.291016 -0.104506
0.291992 -0.0729448
0.292969 0.00975071
0.293945 0.0161874
0.294922 -0.0387485
0.295898 0.0357384
0.296875 -0.137254
0.297852 0.0393621
0.298828 0.0212796
0.299805 0.0136148
0.300781 -0.0151255
0.301758 0.0534958
0.302734 -0.00297237
0.303711 0.0110867
0.304688 0.0102736
0.305664 0.0795553
0.306641 0.0763877
0.307617 0.0442856
0.308594 0.0283047
0.30957 0.0120151
0.310547 -0.00873637
0.311523 0.0916883
0.3125 -0.0128207
0.313477 0.0355786
0.314453 -0.00808802
0.31543 0.0166006
0.316406 -0.0451352
0.317383 -0.00901425
0.318359 -0.0261079
0.319336 0.0684146
0.320312 0.00815315
0.321289 -0.0310277
0.322266 -0.0920446
0.323242 0.0147671
0.324219 0.0549643
0.325195 -0.0115684
0.326172 0.0780152
0.327148 0.0448908
0.328125 0.0741925
0.329102 0.0121733
0.330078 5.90373e-05
0.331055 -0.00174644
0.332031 -0.00534156
0.333008 0.0998044
0.333984 0.0858466
0.334961 0.0223553
0.335938 0.11886
0.336914 0.012983
0.337891 -0.0200638
0.338867 -0.0307337
0.339844 -0.051156
0.34082 -0.118801
0.341797 -0.00508795
0.342773 -0.0179487
0.34375 -0.004671
0.344727 -0.00838729
0.345703 -0.0306578
0.34668 -0.00960181
0.347656 0.0044612
0.348633 -0.0878394
0.349609 0.0646959
0.350586 0.0351603
0.351562 0.0571894
0.352539 0.0433512
0.353516 0.00757134
0.354492 -0.0800221
0.355469 -0.00124526
0.356445 -0.0420926
0.357422 -0.0181656
0.358398 0.0259064
0.359375 -0.0108892
0.360352 0.0328059
0.361328 -0.0357709
0.362305 0.0101249
0.363281 0.0200655
0.364258 0.0375282
0.365234 0.078906
0.366211 -0.0169032
0.367188 0.0559782
0.368164 0.0108097
0.369141 0.0741529
0.370117 -0.0289716
0.371094 0.0226027
0.37207 0.00487057
0.373047 0.0214723
0.374023 0.00753571
0.375 0.0318735
0.375977 0.0905633
0.376953 0.000639916
0.37793 0.0957652
0.378906 -0.0375717
0.379883 -0.0176142
0.380859 -0.00771105
0.381836 -0.0380804
0.382812 0.0061521
0.383789 0.00402187
0.384766 -0.0423914
0.385742 0.0646301
0.386719 -0.0183722
0.387695 0.000837248
0.388672 -0.0235594
0.389648 -0.0124848
0.390625 -0.0322587
0.391602 0.0103848
0.392578 -0.0410747
0.393555 0.0440591
0.394531 0.0355745
0.395508 -0.0582783
0.396484 0.0111877
0.397461 0.0343693
0.398438 0.0851704
0.399414 -0.0323788
0.400391 0.0255789
0.401367 0.0191705
0.402344 -0.0637768
0.40332 0.0512385
0.404297 -0.0114949
0.405273 -0.000701941
0.40625 0.000314826
0.407227 -0.0634567
0.408203 0.0364318
0.40918 0.0482581
0.410156 -0.0433683
0.411133 0.0224249
0.412109 -0.0464875
0.413086 -0.0526517
0.414062 0.0810922
0.415039 0.0489003
0.416016 0.00543314
0.416992 0.0110856
0.417969 -0.00746547
0.418945 -0.0121983
0.419922 -0.00707637
0.420898 0.0521072
0.421875 0.0284164
0.422852 0.00115659
0.423828 0.020199
0.424805 0.115428
0.425781 0.0452427
0.426758 -0.00767388
0.427734 0.0296348
0.428711 -0.0743949
0.429688 0.0169348
0.430664 0.0683801
0.431641 -0.0177568
0.432617 0.0379896
0.433594 0.0380191
0.43457 0.0981386
0.435547 -0.0464888
0.436523 0.0119999
0.4375 -0.0221353
0.438477 0.0629689
0.439453 0.0257567
0.44043 -0.0382685
0.441406 0.0424553
0.442383 -0.0399197
0.443359 0.0792131
0.444336 0.0338323
0.445312 0.0983563
0.446289 0.0314786
0.447266 0.0826636
0.448242 -0.00912165
0.449219 -0.0779673
0.450195 0.0768295
0.451172 0.0356276
0.452148 -0.021798
0.453125 0.0477175
0.454102 0.0503227
0.455078 -0.0543549
0.456055 0.0252822
0.457031 -0.155814
0.458008 -0.0217057
0.458984 0.0559962
0.459961 -0.0123286
0.460938 -0.0526789
0.461914 -0.0179923
0.462891 -0.000827479
0.463867 0.0220321
0.464844 0.0637469
0.46582 -0.0924992
0.466797 -0.0449954
0.467773 0.0331509
0.46875 0.0690454
0.469727 0.0698155
0.470703 0.0274107
0.47168 -0.0573624
0.472656 0.0159858
0.473633 -0.0189705
0.474609 -0.00589811
0.475586 0.0309714
0.476562 0.00623799
0.477539 -0.0831514
0.478516 0.0410837
0.479492 0.0128991
0.480469 0.00550262
0.481445 0.0288326
0.482422 -0.00119754
0.483398 -0.00149454
0.484375 -0.0328842
0.485352 0.0414165
0.486328 -0.00301741
0.487305 0.0325113
0.488281 0.01844
0.489258 -0.0259868
0.490234 0.00699745
0.491211 -0.0521613
0.492188 0.0409692
0.493164 -0.0199751
0.494141 -0.0164685
0.495117 -0.091537
0.496094 -0.00293664
0.49707 0.0336351
0.498047 -0.0277785
0.499023 -0.0310733
0.5 0.0641359
0.500977 -0.0313295
0.501953 0.0145634
0.50293 -0.0530443
0.503906 -0.0978934
0.504883 -0.00551245
0.505859 0.0544059
0.506836 0.0221477
0.507812 0.0310743
0.508789 -0.00127057
0.509766 0.0538705
0.510742 -0.0768097
0.511719 -0.00082624
0.512695 0.00598207
0.513672 0.0457843
0.514648 -0.0856755
0.515625 -0.00447112
0.516602 -0.0174529
0.517578 0.0249601
0.518555 -0.0592308
0.519531 -0.0214595
0.520508 0.112951
0.521484 -0.037935
0.522461 0.0496889
0.523438 0.0505483
0.524414 0.0494345
0.525391 -0.0137078
0.526367 0.102832
0.527344 -0.0498315
0.52832 -0.0132953
0.529297 0.00801121
0.530273 -0.0816592
0.53125 0.0467856
0.532227 -0.0536747
0.533203 0.0550623
0.53418 0.0239847
0.535156 0.0355749
0.536133 -0.00511388
0.537109 -0.00919954
0.538086 0.0202051
0.539062 -0.0376692
0.540039 0.0306452
0.541016 -0.00592542
0.541992 -0.0077878
0.542969 0.048067
0.543945 0.00510989
0.544922 -0.0234919
0.545898 0.0374468
0.546875 0.0254607
0.547852 0.0154041
0.548828 0.0128811
0.549805 0.0478394
0.550781 0.0411876
0.551758 -0.00119522
0.552734 0.0279119
0.553711 0.0646282
0.554688 0.00825914
0.555664 0.00909579
0.556641 -0.00521442
0.557617 -0.0399294
0.558594 0.0412016
0.55957 0.0267887
0.560547 0.0065934
0.561523 -0.0330959
0.5625 -0.0484687
0.563477 0.0245204
0.564453 -0.020006
0.56543 -0.0205457
0.566406 0.047666
0.567383 0.00659397
0.568359 0.00196665
0.569336 0.0404924
0.570312 -0.00797124
0.571289 0.0180233
0.572266 -0.0338669
0.573242 -0.088854
0.574219 -0.00588443
0.575195 -0.0646352
0.576172 -0.052232
0.577148 0.0696143
0.578125 0.0831367
0.579102 0.0665533
0.580078 -0.0110395
0.581055 0.00259108
0.582031 0.00251138
0.583008 -0.00523514
0.583984 -0.000737347
0.584961 -0.0718006
0.585938 -0.0534402
0.586914 0.00542556
0.587891 0.0246391
0.588867 0.00312208
0.589844 0.190394
0.59082 0.420003
0.591797 0.383044
0.592773 0.39151
0.59375 0.241424
0.594727 0.157671
0.595703 0.184262
0.59668 0.115412
0.597656 0.0615285
0.598633 0.0844814
0.599609 0.0538536
0.600586 0.00920491
0.601562 0.0966745
0.602539 0.0306844
0.603516 0.00810814
0.604492 0.0922208
0.605469 0.0591189
0.606445 0.0361321
0.607422 0.0567543
0.608398 0.0233623
0.609375 -0.000579913
0.610352 -0.0314828
0.611328 -0.00527492
0.612305 0.00119002
0.613281 0.0925829
0.614258 0.0227299
0.615234 -0.00463287
0.616211 -0.00030875
0.617188 -0.00671363
0.618164 -0.0382507
0.619141 0.0194644
0.620117 0.0042166
0.621094 -0.0435569
0.62207 -0.00879115
0.623047 0.00140504
0.624023 -0.0159527
0.625 0.0480396
0.625977 0.0454645
0.626953 -0.0194679
0.62793 -0.00407824
0.628906 0.0317602
0.629883 -0.0179993
0.630859 0.00853377
0.631836 0.0522446
0.632812 0.0120474
0.633789 -0.0184181
0.634766 -0.0282709
0.635742 0.10114
0.636719 0.0433414
0.637695 0.0275528
0.638672 -0.0354423
0.639648 0.034374
0.640625 -0.00052534
0.641602 -0.00566127
0.642578 0.0286883
0.643555 -0.0596211
0.644531 0.0729039
0.645508 -0.0234474
0.646484 -0.0855548
0.647461 0.0810009
0.648438 0.0269563
0.649414 -0.0598816
0.650391 0.0976705
0.651367 -0.0557555
0.652344 0.0398561
0.65332 -0.0452185
0.654297 -0.0123447
0.655273 -0.0269743
0.65625 -0.0246373
0.657227 0.0385815
0.658203 0.0186432
0.65918 -0.0759682
0.660156 0.0325786
0.661133 -0.0224719
0.662109 -0.0382172
0.663086 -0.0303537
0.664062 -0.0628256
0.665039 0.0769438
0.666016 0.0252315
0.666992 -0.012501
0.667969 0.0569848
0.668945 0.0328847
0.669922 0.0583684
0.670898 0.0564542
0.671875 -0.0103211
0.672852 -0.0289018
0.673828 -0.0234713
0.674805 0.0310359
0.675781 0.0729167
0.676758 0.024595
0.677734 -0.0663522
0.678711 -0.05313
0.679688 0.0527384
0.680664 0.0485179
0.681641 -0.0103353
0.682617 -0.00198918
0.683594 0.00601291
0.68457 -0.0210903
0.685547 0.0575711
0.686523 -0.0302393
0.6875 0.0106655
0.688477 0.0809843
0.689453 -0.0101482
0.69043 -0.115053
0.691406 -0.00831291
0.692383 0.00832638
0.693359 0.0398725
0.694336 0.0304318
0.695312 -0.0331132
0.696289 0.00896687
0.697266 -0.0152008
0.698242 -0.0221548
0.699219 -0.0284007
0.700195 -0.00546433
0.701172 0.0336817
0.702148 0.00117452
0.703125 -0.0700364
0.704102 -0.0390021
0.705078 0.0211707
0.706055 -0.0143487
0.707031 -0.0207237
0.708008 -0.0259582
0.708984 -0.0078814
0.709961 0.0126806
0.710938 -0.0345404
0.711914 0.0117224
0.712891 -0.024436
0.713867 0.0609743
0.714844 -0.0222998
0.71582 0.00546891
0.716797 -0.0234837
0.717773 -0.0123766
0.71875 0.0207032
0.719727 0.00985536
0.720703 0.0138728
0.72168 0.0286274
0.722656 -0.00742697
0.723633 0.0251944
0.724609 0.0661051
0.725586 -0.0521046
0.726562 -0.0356128
0.727539 -0.000240182
0.728516 -0.0388281
0.729492 -0.0347194
0.730469 -0.0596073
0.731445 -0.0939244
0.732422 -0.000223177
0.733398 0.0206222
0.734375 0.0286729
0.735352 0.0890353
0.736328 0.0351805
0.737305 0.00301706
0.738281 -0.0408575
0.739258 0.0325486
0.740234 0.00887378
0.741211 0.0677773
0.742188 -0.0787648
0.743164 -0.000431447
0.744141 0.0204445
0.745117 0.0714309
0.746094 -0.0535686
0.74707 -0.00378688
0.748047 -0.0285296
0.749023 -0.031818
0.75 0.009865
0.750977 -0.0917158
0.751953 -0.00920542
0.75293 0.0351134
0.753906 -0.0604575
0.754883 0.0618414
0.755859 -0.0753328
0.756836 0.0104312
0.757812 0.0301274
0.758789 0.000622953
0.759766 0.0343202
0.760742 0.0463001
0.761719 0.00628737
0.762695 0.0240802
0.763672 0.0141973
0.764648 0.00338254
0.765625 -0.0307297
0.766602 0.0352721
0.767578 0.0239946
0.768555 -0.000708748
0.769531 0.0686815
0.770508 -0.0417399
0.771484 0.0482247
0.772461 0.00530136
0.773438 0.0364385
0.774414 -0.0430959
0.775391 0.0216966
0.776367 -0.00208402
0.777344 -0.0230965
0.77832 0.0647387
0.779297 -0.0258593
0.780273 -0.0110647
0.78125 0.00333971
0.782227 0.00436088
0.783203 -0.00415974
0.78418 0.03231
0.785156 -0.0828551
0.786133 -0.0607206
0.787109 0.00651671
0.788086 -0.00259796
0.789062 0.0391435
0.790039 0.0692102
0.791016 0.0698614
0.791992 0.0126191
0.792969 0.0127801
0.793945 0.0652961
0.794922 0.0332283
0.795898 0.0268401
0.796875 0.0843786
0.797852 -0.0260792
0.798828 0.00890225
0.799805 -0.00811746
0.800781 -0.0280918
0.801758 -0.00670711
0.802734 0.0516858
0.803711 -0.0265574
0.804688 0.0931709
0.805664 -0.0413144
0.806641 -0.00468473
0.807617 0.0345521
0.808594 0.00970014
0.80957 -0.0650745
0.810547 -0.0408761
0.811523 0.0162703
0.8125 0.0357414
0.813477 0.00581888
0.814453 -0.0315461
0.81543 -0.0464645
0.816406 -0.00446406
0.817383 -0.00444523
0.818359 0.063218
0.819336 0.0437188
0.820312 0.0618358
0.821289 -0.0026243
0.822266 0.0114668
0.823242 0.0649807
0.824219 -0.029718
0.825195 -0.0373914
0.826172 0.00704553
0.827148 0.0268849
0.828125 -0.0545844
0.829102 0.00785471
0.830078 0.0230918
0.831055 0.0207419
0.832031 -0.0785669
0.833008 -0.0386773
0.833984 0.00125734
0.834961 -0.00081264
0.835938 0.0160785
0.836914 -0.00378942
0.837891 -0.00145552
0.838867 0.0162016
0.839844 0.0157312
0.84082 0.0200561
0.841797 0.0739792
0.842773 0.0485576
0.84375 -0.0211237
0.844727 0.0379096
0.845703 -0.0669562
0.84668 -0.041487
0.847656 0.040378
0.848633 0.0134861
0.849609 -0.0528082
0.850586 -0.0285086
0.851562 0.0399326
0.852539 0.0134545
0.853516 0.0135789
0.854492 -0.0399572
0.855469 -0.106195
0.856445 0.0731683
0.857422 0.014776
0.858398 0.0210911
0.859375 -0.0380786
0.860352 0.068043
0.861328 -0.0443616
0.862305 0.0219529
0.863281 -0.0316583
0.864258 -0.0393229
0.865234 0.00993153
0.866211 0.0196206
0.867188 -0.0313883
0.868164 0.012444
0.869141 -0.00392491
0.870117 -0.0232048
0.871094 -0.0456128
0.87207 0.0282083
0.873047 -0.0301275
0.874023 -0.0293603
0.875 -0.0430889
0.875977 0.0628088
0.876953 0.0459497
0.87793 -0.032081
0.878906 0.00822307
0.879883 -0.00654072
0.880859 -0.0344835
0.881836 -0.0153238
0.882812 -0.00657884
0.883789 0.0430578
0.884766 -0.0310527
0.885742 0.0496053
0.886719 0.0623431
0.887695 0.0483346
0.888672 0.00247961
0.889648 0.00791301
0.890625 0.0276569
0.891602 -0.0136057
0.892578 -0.0111241
0.893555 -0.0130968
0.894531 0.0691846
0.895508 -0.0164843
0.896484 -0.02107
0.897461 -0.0513647
0.898438 0.0181928
0.899414 0.0615144
0.900391 0.0813629
0.901367 0.016462
0.902344 0.027293
0.90332 -0.049882
0.904297 0.0326978
0.905273 -0.0750985
0.90625 -0.024729
0.907227 -0.0145773
0.908203 -0.0928542
0.90918 0.0397473
0.910156 0.0115972
0.911133 0.0553782
0.912109 -0.0564529
0.913086 -0.0165366
0.914062 0.00281748
0.915039 0.014669
0.916016 -0.0476238
0.916992 0.0512407
0.917969 0.0646314
0.918945 -0.0747499
0.919922 0.00546282
0.920898 -0.0728114
0.921875 0.0150389
0.922852 0.00697305
0.923828 0.0312625
0.924805 -0.0151454
0.925781 0.0152026
0.926758 -0.0143426
0.927734 -0.0170366
0.928711 0.0155489
0.929688 0.0105923
0.930664 0.08409
0.931641 -0.0155784
0.932617 0.0208188
0.933594 -0.0386424
0.93457 0.0390355
0.935547 0.00698895
0.936523 -0.0148054
0.9375 0.0335446
0.938477 -0.0237266
0.939453 -0.0250728
0.94043 0.0156194
0.941406 0.0730508
0.942383 -0.101058
0.943359 0.0578448
0.944336 0.0232947
0.945312 0.00980581
0.946289 0.0364767
0.947266 0.0593767
0.948242 -0.0144856
0.949219 0.00198652
0.950195 0.018066
0.951172 -0.00761157
0.952148 -0.0125545
0.953125 0.0195794
0.954102 -0.0161695
0.955078 -0.0186417
0.956055 -0.0588341
0.957031 0.032893
0.958008 0.00894574
0.958984 -0.0727367
0.959961 0.0426436
0.960938 0.0158699
0.961914 0.0441116
0.962891 -0.0858268
0.963867 0.0114518
0.964844 0.0062911
0.96582 0.0179406
0.966797 -0.0453272
0.967773 -0.0100574
0.96875 -0.0487611
0.969727 -0.0479646
0.970703 0.0103456
0.97168 0.0233426
0.972656 0.00689145
0.973633 -0.0259998
0.974609 0.0946676
0.975586 0.0218128
0.976562 0.000186251
0.977539 -0.029179
0.978516 -0.0315953
0.979492 0.10434
0.980469 0.0541712
0.981445 0.00917349
0.982422 0.00999155
0.983398 0.0604295
0.984375 0.0123374
0.985352 -0.0287644
0.986328 0.044581
0.987305 -0.00183126
0.988281 0.0353962
0.989258 -0.0505496
0.990234 -0.0118379
0.991211 -0.0296555
0.992188 -0.0402567
0.993164 0.00247816
0.994141 0.0789698
0.995117 -0.00862935
0.996094 0.000432422
0.99707 -0.0972376
0.998047 -0.035089
0.999023 0.0347585
1 0.0560501
1.00098 0.0366376
1.00195 0.0372361
1.00293 0.0435191
1.00391 -0.00303634
1.00488 -0.00106216
1.00586 0.0577249
1.00684 0.0311754
1.00781 0.035724
1.00879 -0.00294636
1.00977 0.0182819
1.01074 0.0283357
1.01172 -0.015752
1.0127 -0.0280714
1.01367 -0.00341492
1.01465 -0.0255513
1.01562 0.0264145
1.0166 -0.0345069
1.01758 -0.0734116
1.01855 -0.026101
1.01953 0.0541704
1.02051 0.00491158
1.02148 -0.00235412
1.02246 -0.00245822
1.02344 -0.001419
1.02441 0.0158473
1.02539 -0.0263222
1.02637 -0.0250578
1.02734 -0.00794902
1.02832 0.00726236
1.0293 -0.00348145
1.03027 -0.0166568
1.03125 -0.0229041
1.03223 -0.0549648
1.0332 0.0848722
1.03418 0.048526
1.03516 -0.0324438
1.03613 -0.0300469
1.03711 -0.00181544
1.03809 -0.0360023
1.03906 0.0574781
1.04004 -0.117789
1.04102 0.00362493
1.04199 -0.00548668
1.04297 0.0744038
1.04395 0.014979
1.04492 0.0721588
1.0459 -0.0584023
1.04688 -0.0255724
1.04785 0.0601241
1.04883 0.0233238
1.0498 0.0789781
1.05078 0.00614635
1.05176 -0.012405
1.05273 -0.0329368
1.05371 -0.0117141
1.05469 0.0212965
1.05566 0.0694126
1.05664 0.00704208
1.05762 0.0414025
1.05859 0.00233709
1.05957 -0.0319778
1.06055 0.00928772
1.06152 -0.0221401
1.0625 0.0080976
1.06348 -0.00135459
1.06445 0.0114609
1.06543 0.0484428
1.06641 -0.00463837
1.06738 -0.0508016
1.06836 0.0523056
1.06934 0.0287523
1.07031 0.0526414
1.07129 -0.0415627
1.07227 0.0355777
1.07324 0.0458283
1.07422 0.00513282
1.0752 -0.00660425
1.07617 -0.0262772
1.07715 0.064233
1.07812 0.0937086
1.0791 -0.0249228
1.08008 -0.0332299
1.08105 -0.0274646
1.08203 -0.0789404
1.08301 -0.124166
1.08398 -0.0355439
1.08496 0.0422027
1.08594 0.0462656
1.08691 -0.0752498
1.08789 -0.0302165
1.08887 -0.089391
1.08984 -0.029196
1.09082 0.0519012
1.0918 -0.0290964
1.09277 0.0180359
1.09375 -0.0625574
1.09473 0.0168169
1.0957 0.063876
1.09668 0.00262834
1.09766 -0.0836092
1.09863 0.0433024
1.09961 0.00980658
1.10059 0.00724793
1.10156 -0.0307058
1.10254 -0.00125713
1.10352 0.00781327
1.10449 -0.0224819
1.10547 0.100659
1.10645 0.0863172
1.10742 -0.0280681
1.1084 0.0257629
1.10938 0.00973391
1.11035 0.0712892
1.11133 0.00449492
1.1123 -0.0159288
1.11328 -0.0362999
1.11426 0.00289736
1.11523 -0.0893233
1.11621 -0.00544969
1.11719 -0.0216678
1.11816 0.0124616
1.11914 0.00445155
1.12012 -0.0142795
1.12109 0.0401923
1.12207 -0.0248249
1.12305 -0.0682166
1.12402 -0.0152988
1.125 -0.0209893
1.12598 0.0391232
1.12695 0.0530639
1.12793 0.0239747
1.12891 0.0673661
1.12988 -0.0792297
1.13086 -0.0112365
1.13184 0.0733969
1.13281 -0.0399049
1.13379 0.00653216
1.13477 -0.0222189
1.13574 0.021075
1.13672 0.0250205
1.1377 0.0767197
1.13867 0.00161785
1.13965 0.0165757
1.14062 -0.0136942
1.1416 -0.0266266
1.14258 -0.00650873
1.14355 0.0177403
1.14453 0.0423636
1.14551 0.0544286
1.14648 -0.0300397
1.14746 -0.0448387
1.14844 0.00688296
1.14941 0.0116361
1.15039 0.0461237
1.15137 -0.0313217
1.15234 0.0493277
1.15332 0.0238301
1.1543 -0.0118446
1.15527 0.0118545
1.15625 0.00445363
1.15723 0.0416302
1.1582 0.029721
1.15918 0.00946848
1.16016 0.0497831
1.16113 -0.0232665
1.16211 0.00556903
1.16309 -0.0307436
1.16406 0.0735227
1.16504 0.0078611
1.16602 0.0437685
1.16699 0.0344506
1.16797 0.0247582
1.16895 0.0324025
1.16992 -0.0110452
1.1709 -0.00892933
1.17188 0.0462099
1.17285 -0.000421949
1.17383 0.00746848
1.1748 -0.022222
1.17578 -0.0498074
1.17676 0.0578434
1.17773 0.00741765
1.17871 0.0714845
1.17969 -0.0381982
1.18066 0.0142444
1.18164 -0.0630452
1.18262 -0.0043868
1.18359 -0.0566924
1.18457 -0.0479553
1.18555 0.0048247
1.18652 0.0503763
1.1875 0.0537952
1.18848 0.0618525
1.18945 -0.0210299
1.19043 0.0285524
1.19141 0.0207858
1.19238 0.0255737
1.19336 0.0740865
1.19434 0.0393545
1.19531 0.0744255
1.19629 0.00223009
1.19727 -0.0255382
1.19824 -0.0201996
1.19922 -0.0392511
1.2002 0.0521412
1.20117 -0.0430026
1.20215 -0.0120663
1.20312 -0.0289972
1.2041 0.0355822
1.20508 0.0171749
1.20605 0.096096
1.20703 0.0505566
1.20801 -0.0251772
1.20898 0.0231884
1.20996 0.0398934
1.21094 0.0120115
1.21191 -0.0293217
1.21289 -0.00311243
1.21387 -0.011636
1.21484 -0.0185597
1.21582 0.0412473
1.2168 -0.0105079
1.21777 0.0126075
1.21875 -0.0427434
1.21973 -0.00132854
1.2207 -0.00340241
1.22168 -0.0541056
1.22266 -0.050382
1.22363 -0.0232661
1.22461 -0.038868
1.22559 -0.0172886
1.22656 0.0522524
1.22754 0.00933325
1.22852 0.0717042
1.22949 0.0603882
1.23047 -0.00577189
1.23145 -0.130215
1.23242 -0.0936549
1.2334 -0.0820417
1.23438 0.0647821
1.23535 -0.0313426
1.23633 -0.0812238
1.2373 -0.0527173
1.23828 -0.0635953
1.23926 -0.0272776
1.24023 -0.0518079
1.24121 0.0352912
1.24219 -0.0692855
1.24316 -0.114934
1.24414 -0.0764994
1.24512 0.0904343
1.24609 -0.0837548
1.24707 -0.0977005
1.24805 0.0324204
1.24902 -0.0167572
1.25 -0.00647942
1.25098 0.0307882
1.25195 0.0148581
1.25293 -0.0388094
1.25391 -0.108324
1.25488 -0.0417051
1.25586 -0.0359099
1.25684 -0.0061583
1.25781 0.0566087
1.25879 -0.0697657
1.25977 0.0130916
1.26074 -0.0463304
1.26172 0.056879
1.2627 0.104416
1.26367 0.00829305
1.26465 0.0183489
1.26562 -0.0397063
1.2666 -0.0182529
1.26758 0.0808898
1.26855 -0.0549816
1.26953 0.0405506
1.27051 -0.040473
1.27148 -0.0822715
1.27246 -0.0982331
1.27344 -0.010354
1.27441 -0.0552443
1.27539 0.0804013
1.27637 -0.0101801
1.27734 0.0460439
1.27832 0.0695869
1.2793 -0.0590866
1.28027 0.0342135
1.28125 -0.0260085
1.28223 -0.00543572
1.2832 0.0808624
1.28418 0.0120852
1.28516 -0.0368152
1.28613 -0.0432066
1.28711 0.0658644
1.28809 -0.00379999
1.28906 0.00900971
1.29004 0.00296313
1.29102 -0.0589344
1.29199 -0.00916877
1.29297 0.00938337
1.29395 0.0365479
1.29492 0.00211055
1.2959 0.0354064
1.29688 -0.0217902
1.29785 0.0597071
1.29883 0.0184898
1.2998 -0.0356216
1.30078 0.00869914
1.30176 0.0190938
1.30273 -0.0370338
1.30371 -0.0474996
1.30469 -0.00603046
1.30566 0.0593708
1.30664 -0.0380279
1.30762 -0.014532
1.30859 -0.0302147
1.30957 0.0588524
1.31055 -0.0544625
1.31152 0.0646831
1.3125 -0.0365195
1.31348 0.0163295
1.31445 0.037669
1.31543 0.0517149
1.31641 0.0195451
1.31738 -0.034795
1.31836 -0.0367603
1.31934 -0.0370728
1.32031 0.000450941
1.32129 -0.0123408
1.32227 -0.00576209
1.32324 0.00218481
1.32422 0.0333727
1.3252 -0.0203676
1.32617 -0.0209515
1.32715 0.0349107
1.32812 -0.00843608
1.3291 0.0411377
1.33008 -0.054926
1.33105 0.00387744
1.33203 0.0991947
1.33301 -0.038355
1.33398 0.0149138
1.33496 -0.0264733
1.33594 -0.0508789
1.33691 -0.0645835
1.33789 -0.00708582
1.33887 -0.00647731
1.33984 0.0581092
1.34082 0.0776308
1.3418 0.0397592
1.34277 -0.0103867
1.34375 -0.0004941
1.34473 -0.0229716
1.3457 0.0401498
1.34668 0.0520895
1.34766 0.049815
1.34863 0.0182379
1.34961 0.0367946
1.35059 -0.0109008
1.35156 -0.00422764
1.35254 -0.00354802
1.35352 0.0252626
1.35449 0.0203866
1.35547 0.0160508
1.35645 -0.096103
1.35742 0.10792
1.3584 0.0623332
1.35938 -0.0104653
1.36035 0.0670628
1.36133 -0.0158386
1.3623 0.00464585
1.36328 -0.0363613
1.36426 -0.0228557
1.36523 0.0141605
1.36621 -0.0595437
1.36719 -0.0237347
1.36816 0.00890685
1.36914 0.055971
1.37012 -0.00220454
1.37109 -0.0120499
1.37207 -0.0631009
1.37305 0.0294542
1.37402 -0.00336145
1.375 -0.0164295
1.37598 0.00306394
1.37695 0.0792884
1.37793 0.0248866
1.37891 0.0468282
1.37988 -0.00141886
1.38086 -0.0500782
1.38184 0.00635269
1.38281 0.0482605
1.38379 0.103386
1.38477 -0.0471749
1.38574 0.0110206
1.38672 0.0451179
1.3877 0.0381478
1.38867 0.0569477
1.38965 0.0836405
1.39062 0.0125589
1.3916 -0.0042034
1.39258 0.0630686
1.39355 -0.00887927
1.39453 0.0541981
1.39551 0.0237035
1.39648 -0.00321472
1.39746 -0.024963
1.39844 0.022374
1.39941 -0.00513428
1.40039 0.00305571
1.40137 -0.0440283
1.40234 0.0213757
1.40332 0.0626309
1.4043 0.0269094
1.40527 0.0145297
1.40625 0.103501
1.40723 0.0479028
1.4082 0.00256901
1.40918 -0.0380489
1.41016 0.0151219
1.41113 0.0331046
1.41211 -0.0291877
1.41309 0.00419204
1.41406 -0.00483298
1.41504 -0.0692172
1.41602 0.0670692
1.41699 -0.0355
1.41797 0.0635699
1.41895 -0.0447988
1.41992 -0.0519025
1.4209 0.0317901
1.42188 0.0855586
1.42285 -0.0505027
1.42383 0.0372665
1.4248 0.00689528
1.42578 0.0302812
1.42676 0.021696
1.42773 -0.0213048
1.42871 -0.00517061
1.42969 -0.0630909
1.43066 0.0969107
1.43164 -0.092618
1.43262 0.00590024
1.43359 0.0372237
1.43457 0.0104189
1.43555 0.069343
1.43652 -0.0393661
1.4375 -0.00915204
1.43848 0.0443911
1.43945 -0.0454113
1.44043 0.0521233
1.44141 0.0336693
1.44238 0.0673227
1.44336 0.119299
1.44434 0.0470026
1.44531 0.0529988
1.44629 0.0176449
1.44727 -0.040991
1.44824 -0.0204197
1.44922 -0.0775542
1.4502 0.00580718
1.45117 -0.0238279
1.45215 0.00280559
1.45312 0.0541445
1.4541 -0.0254515
1.45508 0.0668866
1.45605 -0.0694094
1.45703 -0.0537455
1.45801 -0.0298558
1.45898 0.073983
1.45996 0.0269023
1.46094 -0.0583536
1.46191 -0.0120697
1.46289 0.0207331
1.46387 -0.0243561
1.46484 -0.0456121
1.46582 0.0471023
1.4668 0.0130182
1.46777 -0.0322388
1.46875 0.0344018
1.46973 -0.00860841
1.4707 0.0262664
1.47168 0.00602712
1.47266 -0.0541142
1.47363 0.00598304
1.47461 0.0262304
1.47559 -0.115961
1.47656 0.0973104
1.47754 -0.0250384
1.47852 0.0538937
1.47949 0.0488697
1.48047 0.0433341
1.48145 0.0598399
1.48242 0.0925388
1.4834 0.0218253
1.48438 -0.0020378
1.48535 -0.033212
1.48633 0.00852623
1.4873 -0.0183148
1.48828 0.00749542
1.48926 -0.0189208
1.49023 -0.0469305
1.49121 -0.042687
1.49219 0.0733056
1.49316 0.0253815
1.49414 -0.0307304
1.49512 -0.0505202
1.49609 -0.0604968
1.49707 -0.0275109
1.49805 0.0327461
1.49902 -0.00354888
1.5 0.0187123
1.50098 -0.0465577
1.50195 0.0142836
1.50293 -0.0244291
1.50391 0.0234585
1.50488 0.00996895
1.50586 0.0335157
1.50684 -0.00349247
1.50781 -0.0190128
1.50879 0.0307982
1.50977 0.0263846
1.51074 0.0887978
1.51172 0.0190253
1.5127 0.0596046
1.51367 -0.0434831
1.51465 -0.0192938
1.51562 0.0609358
1.5166 0.107253
1.51758 0.0494778
1.51855 -0.0259022
1.51953 -0.0433508
1.52051 0.0503121
1.52148 -0.0522795
1.52246 0.0407728
1.52344 0.022447
1.52441 0.0107168
1.52539 -0.0597967
1.52637 -0.0157977
1.52734 -0.0613521
1.52832 -0.0293308
1.5293 -0.00581979
1.53027 0.0291879
1.53125 -0.0342058
1.53223 0.00319014
1.5332 -0.00600775
1.53418 0.0857795
1.53516 0.0468363
1.53613 -0.0735482
1.53711 -0.0109622
1.53809 0.0448593
1.53906 -0.0200851
1.54004 -0.0353188
1.54102 -0.0393796
1.54199 -0.00891234
1.54297 -0.0531551
1.54395 -0.0631319
1.54492 0.0660138
1.5459 -0.0156087
1.54688 0.0323228
1.54785 -0.00305756
1.54883 -0.0539432
1.5498 0.0337817
1.55078 -0.0779859
1.55176 0.0428753
1.55273 0.0494388
1.55371 0.0304359
1.55469 -0.0326067
1.55566 0.0192998
1.55664 -0.102203
1.55762 -0.0146005
1.55859 0.0438035
1.55957 0.0192737
1.56055 -0.000546548
1.56152 0.0288514
1.5625 -0.0355035
1.56348 -0.0856793
1.56445 -0.0153539
1.56543 0.00971272
1.56641 0.0797513
1.56738 0.0193011
1.56836 -0.0211655
1.56934 -0.0373062
1.57031 0.00559033
1.57129 0.0800463
1.57227 0.0146295
1.57324 0.0395551
1.57422 0.0749159
1.5752 0.0567089
1.57617 0.0362922
1.57715 -0.0420166
1.57812 0.0144361
1.5791 -0.0202928
1.58008 0.0734218
1.58105 -0.0598487
1.58203 0.0116169
1.58301 -0.0130212
1.58398 0.0292674
1.58496 0.0107415
1.58594 -0.0981596
1.58691 0.0547446
1.58789 0.0284269
1.58887 0.0467823
1.58984 0.0264099
1.59082 -0.0358705
1.5918 -0.0258336
1.59277 0.104928
1.59375 0.084143
1.59473 0.00110376
1.5957 -0.0468718
1.59668 0.024829
1.59766 0.0176981
1.59863 -0.0026609
1.59961 -0.036284
1.60059 0.0274713
1.60156 0.0440045
1.60254 0.0123246
1.60352 0.017817
1.60449 -0.0218114
1.60547 -0.0727079
1.60645 0.0665303
1.60742 0.00895902
1.6084 -0.0321897
1.60938 0.0481484
1.61035 0.00767197
1.61133 -0.0237218
1.6123 0.0460842
1.61328 -0.0517446
1.61426 -0.00348341
1.61523 -0.00697918
1.61621 0.0270177
1.61719 -0.0504898
1.61816 -0.0503736
1.61914 0.0141472
1.62012 -0.0526751
1.62109 -0.0528466
1.62207 -0.0985255
1.62305 0.00510331
1.62402 0.00274631
1.625 -0.0160555
1.62598 -0.027555
1.62695 0.0293464
1.62793 0.0140351
1.62891 -0.00389859
1.62988 0.0131837
1.63086 0.0296916
1.63184 0.00853262
1.63281 -0.00358729
1.63379 0.000464075
1.63477 -0.00428668
1.63574 0.0245966
1.63672 -0.0299722
1.6377 0.0239731
1.63867 -0.0614785
1.63965 -0.0470979
1.64062 0.0155576
1.6416 0.0588199
1.64258 0.0407388
1.64355 0.0768838
1.64453 0.00248873
1.64551 -0.0911405
1.64648 -0.0138755
1.64746 0.00979847
1.64844 0.045084
1.64941 -0.0232426
1.65039 -0.0533936
1.65137 0.0145547
1.65234 -0.00416398
1.65332 0.00104671
1.6543 -0.00614776
1.65527 0.0415667
1.65625 -0.0198831
1.65723 -0.00362604
1.6582 0.0462783
1.65918 -0.0133259
1.66016 -0.0271307
1.66113 0.0174969
1.66211 0.0160674
1.66309 -0.0787476
1.66406 -0.0103616
1.66504 0.0298892
1.66602 0.0386237
1.66699 0.035668
1.66797 0.00816445
1.66895 -2.54393e-05
1.66992 0.0466062
1.6709 0.0298262
1.67188 0.000908883
1.67285 -0.0110118
1.67383 0.063908
1.6748 0.00568575
1.67578 0.0322282
1.67676 0.0480102
1.67773 0.0843052
1.67871 0.0772254
1.67969 -0.00491879
1.68066 0.0455109
1.68164 0.00455811
1.68262 0.00975818
1.68359 -0.0415663
1.68457 0.0451293
1.68555 -0.0318755
1.68652 -0.0200101
1.6875 0.0206347
1.68848 -0.0113534
1.68945 -0.00988645
1.69043 0.0301672
1.69141 0.0735061
1.69238 0.0299514
1.69336 -0.0148304
1.69434 0.0919871
1.69531 0.0243183
1.69629 0.0723484
1.69727 -0.00550708
1.69824 -0.0144275
1.69922 0.0331257
1.7002 0.0224745
1.70117 0.0477604
1.70215 -0.0199406
1.70312 0.103667
1.7041 -0.0221881
1.70508 -0.0569672
1.70605 -0.0474908
1.70703 -0.0126614
1.70801 0.0358587
1.70898 0.0356244
1.70996 -0.022213
1.71094 -0.109553
1.71191 -0.0500253
1.71289 0.0167208
1.71387 0.0534499
1.71484 0.0743393
1.71582 -0.0377867
1.7168 -0.00957486
1.71777 -0.0471056
1.71875 -0.00850261
1.71973 0.0356215
1.7207 0.0427326
1.72168 -0.00864985
1.72266 0.0206667
1.72363 0.0675966
1.72461 0.0585215
1.72559 0.102406
1.72656 0.0471468
1.72754 -0.0163576
1.72852 0.0460452
1.72949 0.00882857
1.73047 -0.00329192
1.73145 -0.0103461
1.73242 -0.0248341
1.7334 -0.0454791
1.73438 0.00151166
1.73535 0.0356761
1.73633 0.0140356
1.7373 0.0345941
1.73828 -0.0377341
1.73926 0.0783473
1.74023 -0.0327517
1.74121 0.0466237
1.74219 0.0320188
1.74316 0.0161278
1.74414 0.0427031
1.74512 0.00910741
1.74609 0.0164827
1.74707 0.0454565
1.74805 -0.0113249
1.74902 -0.0431908
1.75 -0.0557842
1.75098 -0.017081
1.75195 0.0206807
1.75293 -0.00105098
1.75391 0.0747243
1.75488 -0.141702
1.75586 0.0526804
1.75684 -0.130298
1.75781 -0.0148567
1.75879 -0.0556754
1.75977 -0.00580055
1.76074 0.0233666
1.76172 -0.0143786
1.7627 -0.00010958
1.76367 0.104243
1.76465 0.0926052
1.76562 0.026258
1.7666 -0.0515331
1.76758 0.0279691
1.76855 0.0139486
1.76953 -0.00872507
1.77051 0.0391372
1.77148 0.000802845
1.77246 0.121602
1.77344 -0.0273421
1.77441 0.0319284
1.77539 -0.0209597
1.77637 -0.0506249
1.77734 -0.0236821
1.77832 0.0504304
1.7793 -0.0328518
1.78027 -0.035328
1.78125 -0.0212734
1.78223 -0.000146527
1.7832 0.0895697
1.78418 -0.0202838
1.78516 0.00554059
1.78613 0.00625737
1.78711 -0.00243648
1.78809 0.0436137
1.78906 -0.00932284
1.79004 0.023066
1.79102 0.084825
1.79199 -0.025248
1.79297 -0.0059962
1.79395 0.0632076
1.79492 -0.00112903
1.7959 0.00727903
1.79688 0.00719666
1.79785 -0.0492308
1.79883 -0.101973
1.7998 -0.0493275
1.80078 -0.0322905
1.80176 0.00232404
1.80273 -0.0894273
1.80371 0.0375993
1.80469 0.117148
1.80566 0.0478431
1.80664 -0.0287292
1.80762 0.0544385
1.80859 -0.0175661
1.80957 0.0756745
1.81055 0.0366576
1.81152 0.0328632
1.8125 0.00897658
1.81348 0.0350458
1.81445 0.0130721
1.81543 0.0579048
1.81641 -0.00553386
1.81738 -0.0124325
1.81836 0.0600641
1.81934 0.0892039
1.82031 -0.0648817
1.82129 0.119318
1.82227 0.0965231
1.82324 0.0350495
1.82422 -0.0460847
1.8252 0.0136138
1.82617 0.0944473
1.82715 0.0516262
1.82812 0.0926237
1.8291 0.0377619
1.83008 -0.0594098
1.83105 -0.00794474
1.83203 0.0525589
1.83301 -0.0452638
1.83398 -0.0301204
1.83496 0.00696335
1.83594 0.121182
1.83691 0.00433941
1.83789 0.0393878
1.83887 0.0299411
1.83984 0.0213811
1.84082 0.00589175
1.8418 0.0263927
1.84277 0.0602426
1.84375 0.0239347
1.84473 -0.0302986
1.8457 -0.0274527
1.84668 0.0258011
1.84766 0.0458034
1.84863 -0.0518366
1.84961 0.0462264
1.85059 0.0500514
1.85156 0.104606
1.85254 0.00506175
1.85352 -0.0234959
1.85449 -0.0114825
1.85547 -0.0629042
1.85645 -0.0818897
1.85742 0.0576712
1.8584 0.0589976
1.85938 -0.0565136
1.86035 0.0269247
1.86133 0.054817
1.8623 0.0598831
1.86328 0.0533235
1.86426 0.00979298
1.86523 -0.0151387
1.86621 0.0693577
1.86719 -0.00321157
1.86816 0.0284441
1.86914 -0.0463132
1.87012 -0.0430504
1.87109 -0.0796837
1.87207 0.0411859
1.87305 0.0331557
1.87402 0.0353768
1.875 0.0258686
1.87598 0.0593307
1.87695 -0.0551003
1.87793 0.0464926
1.87891 -0.0400215
1.87988 0.0391105
1.88086 0.0391055
1.88184 -0.0473598
1.88281 0.0364243
1.88379 -0.0103131
1.88477 -0.0137108
1.88574 -0.00122809
1.88672 -0.0326456
1.8877 0.0454173
1.88867 -0.0474997
1.88965 -0.0231517
1.89062 0.0256467
1.8916 -0.0220588
1.89258 0.00231038
1.89355 -0.0548479
1.89453 0.0293939
1.89551 0.00824995
1.89648 -0.0526118
1.89746 0.000859436
1.89844 0.0131846
1.89941 0.126227
1.90039 -0.00875437
1.90137 -0.0186327
1.90234 0.00198007
1.90332 0.0476377
1.9043 -0.0298507
1.90527 0.0503224
1.90625 -0.092021
1.90723 0.0315446
1.9082 0.0214274
1.90918 0.0261702
1.91016 0.0855241
1.91113 -0.0150579
1.91211 0.0765052
1.91309 0.0199927
1.91406 0.0795477
1.91504 -0.0163943
1.91602 -0.0223044
1.91699 -0.00852093
1.91797 -0.0164941
1.91895 0.0102898
1.91992 -0.000735623
1.9209 -0.00431766
1.92188 -0.095778
1.92285 0.0286001
1.92383 0.0942736
1.9248 0.0838704
1.92578 0.0696635
1.92676 -0.0222075
1.92773 -0.0838627
1.92871 -0.0229399
1.92969 -0.0626034
1.93066 0.044677
1.93164 0.0652871
1.93262 0.100991
1.93359 0.0317386
1.93457 0.0824797
1.93555 0.0193697
1.93652 0.029389
1.9375 -0.0191965
1.93848 0.023557
1.93945 -0.0182604
1.94043 -0.0159396
1.94141 0.0233063
1.94238 -0.00643607
1.94336 -0.0604067
1.94434 -0.0905952
1.94531 0.0231392
1.94629 0.0732066
1.94727 0.0704412
1.94824 -0.0206143
1.94922 0.0218357
1.9502 0.0370791
1.95117 0.00163927
1.95215 0.0109883
1.95312 0.0219566
1.9541 -0.035502
1.95508 0.0664301
1.95605 0.0818559
1.95703 0.0278102
1.95801 -0.022316
1.95898 -0.0472286
1.95996 0.0041376
1.96094 0.0012347
1.96191 -0.0280887
1.96289 0.0423472
1.96387 0.0409942
1.96484 0.0277765
1.96582 0.0433683
1.9668 0.0142569
1.96777 -0.0168994
1.96875 -0.0138662
1.96973 0.0228284
1.9707 0.00215106
1.97168 0.00544286
1.97266 0.0451604
1.97363 0.0132508
1.97461 0.0313915
1.97559 -0.0585122
1.97656 0.051579
1.97754 0.0499285
1.97852 0.0179657
1.97949 -0.0536749
1.98047 0.034328
1.98145 0.0181302
1.98242 -0.0190085
1.9834 -0.00933382
1.98438 0.00189394
1.98535 0.05109
1.98633 0.0655183
1.9873 0.00209226
1.98828 -0.0215563
1.98926 0.0292144
1.99023 -0.00834273
1.99121 0.0340933
1.99219 -0.0321853
1.99316 0.0378332
1.99414 0.00655668
1.99512 0.0376726
1.99609 0.0386463
1.99707 0.0529302
1.99805 0.00430494
1.99902 -0.0406958
