0 0.00923658
0.000976562 0.0145976
0.00195312 0.0489658
0.00292969 -0.0226289
0.00390625 0.128221
0.00488281 0.128932
0.00585938 -0.0899217
0.00683594 0.0541364
0.0078125 -0.0400833
0.00878906 0.0710363
0.00976562 0.0164794
0.0107422 -0.111572
0.0117188 -0.00295777
0.0126953 0.00126187
0.0136719 0.0389759
0.0146484 0.0137782
0.015625 -0.0500804
0.0166016 -0.044085
0.0175781 -0.0469662
0.0185547 -0.088344
0.0195312 -0.0615769
0.0205078 0.0305692
0.0214844 0.00925023
0.0224609 0.018238
0.0234375 0.168893
0.0244141 -0.0103508
0.0253906 0.108539
0.0263672 0.151013
0.0273438 0.0795522
0.0283203 -0.00327463
0.0292969 -0.0964021
0.0302734 -0.00409629
0.03125 -0.0507502
0.0322266 -0.0605089
0.0332031 0.0207305
0.0341797 -0.0239751
0.0351562 0.143834
0.0361328 0.0467369
0.0371094 -0.0536359
0.0380859 0.0941181
0.0390625 0.0631788
0.0400391 0.0813766
0.0410156 0.027461
0.0419922 0.0324424
0.0429688 -0.119724
0.0439453 -0.108774
0.0449219 -0.0312621
0.0458984 0.0372146
0.046875 -0.0134818
0.0478516 0.0682265
0.0488281 -0.0369669
0.0498047 -0.128417
0.0507812 -0.0480859
0.0517578 -0.0819967
0.0527344 0.0458507
0.0537109 0.0338132
0.0546875 -0.0880444
0.0556641 0.0993362
0.0566406 -0.0129834
0.0576172 0.113834
0.0585938 0.0776212
0.0595703 0.0407414
0.0605469 -0.0126315
0.0615234 0.124887
0.0625 0.0112311
0.0634766 -0.0513892
0.0644531 -0.00947752
0.0654297 0.0391876
0.0664062 0.00774588
0.0673828 0.00223387
0.0683594 0.0295868
0.0693359 0.00550035
0.0703125 0.0365573
0.0712891 0.00128023
0.0722656 0.0842065
0.0732422 0.153729
0.0742188 0.011069
0.0751953 0.0581806
0.0761719 -0.0781445
0.0771484 0.0126513
0.078125 0.0702063
0.0791016 0.123258
0.0800781 -0.0210781
0.0810547 0.0427533
0.0820312 0.105474
0.0830078 0.0680847
0.0839844 0.00330998
0.0849609 -0.0742003
0.0859375 0.0920217
0.0869141 0.125658
0.0878906 0.0153256
0.0888672 0.164344
0.0898438 -0.0340227
0.0908203 -0.0626074
0.0917969 0.085153
0.0927734 -0.0335764
0.09375 0.085705
0.0947266 0.0859208
0.0957031 0.0464194
0.0966797 0.0337441
0.0976562 -0.0700436
0.0986328 -0.079983
0.0996094 0.0446844
0.100586 -0.0576663
0.101562 0.0502706
0.102539 0.138295
0.103516 0.0279257
0.104492 0.0401779
0.105469 0.114704
0.106445 0.00413326
0.107422 0.00997532
0.108398 -0.0115485
0.109375 -0.138832
0.110352 0.0247289
0.111328 0.165102
0.112305 -0.0485447
0.113281 -0.0942322
0.114258 -0.00601464
0.115234 0.0960111
0.116211 0.00719718
0.117188 0.0474487
0.118164 0.0429385
0.119141 -0.0580141
0.120117 0.132881
0.121094 0.115315
0.12207 0.157035
0.123047 0.0163624
0.124023 0.0588219
0.125 -0.0564316
0.125977 0.0679553
0.126953 -0.00981085
0.12793 0.0357605
0.128906 0.0833492
0.129883 0.128839
0.130859 -0.0819408
0.131836 -0.0368298
0.132812 0.0793028
0.133789 0.0484022
0.134766 -0.0388869
0.135742 0.0127998
0.136719 0.20397
0.137695 -0.0495566
0.138672 -0.0680226
0.139648 0.158294
0.140625 0.0567126
0.141602 -0.0221876
0.142578 0.00551711
0.143555 0.0259847
0.144531 0.114371
0.145508 0.0212247
0.146484 -0.0367981
0.147461 0.0595365
0.148438 0.0473509
0.149414 0.0230327
0.150391 -0.0535338
0.151367 -0.024527
0.152344 -0.0376052
0.15332 -0.0592167
0.154297 0.0145973
0.155273 -0.0184123
0.15625 0.0464538
0.157227 0.100925
0.158203 -0.0804404
0.15918 0.0115712
0.160156 0.121289
0.161133 -0.00821297
0.162109 -0.0318904
0.163086 -0.00250901
0.164062 -0.0275835
0.165039 0.102847
0.166016 0.0465874
0.166992 -0.0684408
0.167969 -0.037601
0.168945 -0.0948184
0.169922 -0.0333586
0.170898 -0.0440151
0.171875 0.162774
0.172852 -0.0429462
0.173828 0.0255276
0.174805 0.0339778
0.175781 -0.068213
0.176758 -0.0752454
0.177734 0.0153796
0.178711 0.125561
0.179688 0.166068
0.180664 -0.0414667
0.181641 -0.0517232
0.182617 0.0213561
0.183594 0.00546094
0.18457 0.0810552
0.185547 -0.063786
0.186523 -0.104271
0.1875 0.079671
0.188477 0.0862895
0.189453 0.0141039
0.19043 0.0483266
0.191406 -0.0427288
0.192383 -0.0698753
0.193359 0.109756
0.194336 -0.111996
0.195312 -0.0607493
0.196289 0.017836
0.197266 -0.034766
0.198242 0.10074
0.199219 -0.0360276
0.200195 0.103508
0.201172 0.0830969
0.202148 0.0203063
0.203125 0.0844726
0.204102 0.0110717
0.205078 0.0651262
0.206055 0.0800649
0.207031 -0.123763
0.208008 -0.015121
0.208984 0.128927
0.209961 -0.0371146
0.210938 0.00204325
0.211914 0.0092158
0.212891 -0.0563404
0.213867 -0.115543
0.214844 -0.00662905
0.21582 0.0299512
0.216797 0.0420656
0.217773 0.0652243
0.21875 -0.0308066
0.219727 -0.000350716
0.220703 0.128637
0.22168 0.0313594
0.222656 0.0805245
0.223633 0.0406761
0.224609 0.119083
0.225586 0.0123504
0.226562 -0.0157699
0.227539 -0.0524624
0.228516 0.0383837
0.229492 -0.0159058
0.230469 -0.00227015
0.231445 -0.121407
0.232422 -0.073962
0.233398 0.00158673
0.234375 0.184507
0.235352 -0.0317289
0.236328 -0.0596359
0.237305 0.00193753
0.238281 0.0688352
0.239258 0.0693169
0.240234 -0.0408557
0.241211 0.0280512
0.242188 0.0312876
0.243164 -0.00892121
0.244141 0.0480953
0.245117 -0.0514075
0.246094 -7.35443e-05
0.24707 0.104543
0.248047 0.135978
0.249023 0.099516
0.25 -0.00306157
0.250977 -0.0089664
0.251953 -0.0805986
0.25293 -0.0387909
0.253906 0.0984673
0.254883 0.109668
0.255859 0.100222
0.256836 -0.0358183
0.257812 -0.0665729
0.258789 -0.0307364
0.259766 0.0266956
0.260742 0.0169948
0.261719 0.016804
0.262695 0.106911
0.263672 -0.140201
0.264648 0.0833641
0.265625 -0.00287727
0.266602 -0.0140033
0.267578 0.125991
0.268555 0.110037
0.269531 -0.048832
0.270508 -0.127324
0.271484 0.0840393
0.272461 0.0255982
0.273438 0.1436
0.274414 0.193776
0.275391 -0.0492234
0.276367 0.0365356
0.277344 0.0148782
0.27832 -0.104118
0.279297 -0.023883
0.280273 0.00844878
0.28125 0.0719047
0.282227 0.0205927
0.283203 0.153263
0.28418 0.0431945
0.285156 -0.0487184
0.286133 -0.0162232
0.287109 -0.0456641
0.288086 -0.106412
0.289062 -0.103533
0.290039 0.151667
0.291016 0.0330762
0.291992 0.00139925
0.292969 0.108384
0.293945 -0.0625416
0.294922 0.0194028
0.295898 0.0473456
0.296875 -0.0925105
0.297852 -0.0890287
0.298828 0.0542954
0.299805 0.167441
0.300781 -0.0350133
0.301758 -0.0171303
0.302734 0.0619741
0.303711 -0.0640201
0.304688 0.22778
0.305664 -0.0944045
0.306641 -0.0487642
0.307617 -0.0739288
0.308594 -0.0590795
0.30957 -0.0572117
0.310547 -0.0713945
0.311523 -0.0481285
0.3125 0.0656384
0.313477 0.12188
0.314453 -0.0864056
0.31543 0.115905
0.316406 0.0640771
0.317383 0.0109778
0.318359 0.105369
0.319336 -0.0453471
0.320312 0.0749676
0.321289 -0.0514774
0.322266 0.140239
0.323242 0.0828219
0.324219 0.0412851
0.325195 0.0124177
0.326172 -0.0124703
0.327148 -0.13648
0.328125 0.235345
0.329102 -0.0886977
0.330078 -0.105015
0.331055 0.131234
0.332031 0.0862523
0.333008 -0.0500055
0.333984 -0.109349
0.334961 -0.0734745
0.335938 0.0346655
0.336914 0.0136123
0.337891 0.0121687
0.338867 0.0109168
0.339844 -0.0228724
0.34082 0.073749
0.341797 -0.0408598
0.342773 0.154376
0.34375 -0.0783021
0.344727 -0.0382514
0.345703 0.00548418
0.34668 0.0538877
0.347656 0.0809827
0.348633 -0.0389504
0.349609 -0.0654592
0.350586 0.00148698
0.351562 0.0730105
0.352539 -0.0377284
0.353516 0.0290423
0.354492 0.0441594
0.355469 -0.0273184
0.356445 -0.0228805
0.357422 0.0202196
0.358398 0.0249745
0.359375 0.0765879
0.360352 0.0842173
0.361328 -0.0119186
0.362305 -0.038323
0.363281 0.0631003
0.364258 -0.0400859
0.365234 -0.0510835
0.366211 0.0676915
0.367188 -0.0444634
0.368164 -0.0973542
0.369141 -0.0845339
0.370117 -0.0868203
0.371094 0.0941569
0.37207 0.117719
0.373047 0.0707487
0.374023 0.0699233
0.375 -0.205851
0.375977 0.14608
0.376953 -0.00325358
0.37793 -0.0535177
0.378906 0.0106098
0.379883 -0.006581
0.380859 -0.00536112
0.381836 0.0319856
0.382812 -0.0385745
0.383789 0.0197934
0.384766 0.0713663
0.385742 0.116457
0.386719 -0.011767
0.387695 -0.011118
0.388672 0.0369735
0.389648 0.00543385
0.390625 -0.101921
0.391602 0.0990658
0.392578 -0.0692306
0.393555 0.03991
0.394531 0.0536479
0.395508 0.170886
0.396484 -0.113748
0.397461 -0.151306
0.398438 -0.0648989
0.399414 -0.164567
0.400391 -0.0405939
0.401367 0.0260745
0.402344 0.0413208
0.40332 0.0258491
0.404297 -0.06751
0.405273 0.135942
0.40625 0.129233
0.407227 0.0313299
0.408203 -0.00200067
0.40918 0.11298
0.410156 -0.0447469
0.411133 0.0348401
0.412109 0.165356
0.413086 -0.0188844
0.414062 0.0261953
0.415039 0.0575533
0.416016 -0.0167638
0.416992 -0.00373353
0.417969 0.114367
0.418945 0.15734
0.419922 -0.0522439
0.420898 -0.11575
0.421875 0.0519433
0.422852 -0.0378294
0.423828 -0.0130894
0.424805 0.145868
0.425781 0.00709145
0.426758 0.184135
0.427734 0.0161202
0.428711 0.0690159
0.429688 0.0912129
0.430664 -0.0394573
0.431641 0.0109782
0.432617 0.0335395
0.433594 0.050927
0.43457 -0.0059122
0.435547 0.119104
0.436523 0.0358123
0.4375 0.185338
0.438477 -0.0476788
0.439453 0.0378667
0.44043 0.0443879
0.441406 0.113026
0.442383 -0.0129893
0.443359 0.168728
0.444336 -0.056915
0.445312 0.13097
0.446289 0.136411
0.447266 0.00512834
0.448242 0.00937026
0.449219 0.0740477
0.450195 -0.102377
0.451172 -0.0715619
0.452148 -0.0244437
0.453125 -0.0581058
0.454102 0.0675942
0.455078 0.0530047
0.456055 0.0551702
0.457031 0.0450057
0.458008 0.104796
0.458984 0.0828495
0.459961 -0.00604527
0.460938 0.103056
0.461914 0.066065
0.462891 0.16008
0.463867 0.022305
0.464844 -0.102733
0.46582 0.0625709
0.466797 0.179298
0.467773 0.121173
0.46875 0.00397141
0.469727 0.0215033
0.470703 0.0335915
0.47168 -0.166912
0.472656 -0.0289768
0.473633 0.00675828
0.474609 -0.0604449
0.475586 0.0244021
0.476562 0.0326854
0.477539 -0.0861302
0.478516 -0.0548496
0.479492 0.0133516
0.480469 -0.047677
0.481445 0.0141264
0.482422 0.0515752
0.483398 0.0578392
0.484375 -0.0578522
0.485352 0.209948
0.486328 -0.112356
0.487305 -0.0510504
0.488281 0.180963
0.489258 0.0444888
0.490234 -0.0811115
0.491211 0.0196206
0.492188 -0.123145
0.493164 -0.0217733
0.494141 0.0312707
0.495117 0.0397738
0.496094 -0.114907
0.49707 -0.00835928
0.498047 -0.0311092
0.499023 -0.0114091
0.5 0.0756768
0.500977 -0.0473657
0.501953 -0.0235032
0.50293 0.0176268
0.503906 0.020364
0.504883 -0.0106361
0.505859 0.0199143
0.506836 0.0678385
0.507812 0.0201792
0.508789 0.0146938
0.509766 0.0663912
0.510742 -0.0398231
0.511719 -0.0248091
0.512695 0.0278865
0.513672 0.0155818
0.514648 0.0581988
0.515625 0.0409452
0.516602 0.165965
0.517578 -0.00148622
0.518555 0.0119641
0.519531 0.150321
0.520508 -0.0980308
0.521484 0.136033
0.522461 -0.0186858
0.523438 -0.0523235
0.524414 0.0937222
0.525391 -0.0409551
0.526367 -0.123498
0.527344 -0.0714708
0.52832 0.0666843
0.529297 -0.00259319
0.530273 0.290105
0.53125 -0.106955
0.532227 0.0678709
0.533203 -0.0756372
0.53418 0.10272
0.535156 -0.0462226
0.536133 0.0431418
0.537109 -0.0234471
0.538086 -0.0736899
0.539062 0.0941665
0.540039 0.0914982
0.541016 -0.0181045
0.541992 -0.0328474
0.542969 -0.0741808
0.543945 0.0913527
0.544922 0.039568
0.545898 0.041081
0.546875 0.110453
0.547852 -0.118362
0.548828 0.119991
0.549805 -0.00737762
0.550781 0.0293752
0.551758 0.00277947
0.552734 0.0997002
0.553711 -0.0317781
0.554688 0.138433
0.555664 -0.0638659
0.556641 -0.0630108
0.557617 0.00947219
0.558594 0.0783191
0.55957 0.0588681
0.560547 0.090714
0.561523 -0.0300447
0.5625 0.0170156
0.563477 -0.0256417
0.564453 0.204511
0.56543 -0.00533218
0.566406 0.0866544
0.567383 0.0332514
0.568359 0.0181599
0.569336 0.0120963
0.570312 0.0373538
0.571289 0.0426219
0.572266 0.000906716
0.573242 0.00653005
0.574219 0.00923383
0.575195 -0.0702334
0.576172 -0.0486698
0.577148 -0.0440907
0.578125 0.101656
0.579102 -0.110601
0.580078 -0.0641859
0.581055 -0.0157537
0.582031 0.0461341
0.583008 -0.0301269
0.583984 -0.249471
0.584961 -0.0394537
0.585938 -0.00876197
0.586914 -0.0548255
0.587891 -0.0203428
0.588867 -0.0604816
0.589844 -0.0977148
0.59082 -0.137394
0.591797 0.143048
0.592773 -0.0224687
0.59375 -0.0636153
0.594727 0.00172553
0.595703 -0.119281
0.59668 0.246587
0.597656 0.10714
0.598633 -0.0213911
0.599609 0.0417081
0.600586 0.000267362
0.601562 -0.0496543
0.602539 0.0162586
0.603516 -0.0316672
0.604492 -0.0403994
0.605469 -0.0637525
0.606445 -0.0299045
0.607422 0.0459792
0.608398 -0.0153742
0.609375 0.0314998
0.610352 0.0998811
0.611328 0.0970308
0.612305 0.0254725
0.613281 -0.0726264
0.614258 0.0234215
0.615234 0.0813436
0.616211 0.155037
0.617188 -0.136825
0.618164 -0.0433861
0.619141 0.0292123
0.620117 0.0947433
0.621094 0.0892132
0.62207 0.044917
0.623047 0.0561331
0.624023 0.0493
0.625 -0.0421504
0.625977 -0.0159046
0.626953 -0.134875
0.62793 0.00589127
0.628906 0.0650733
0.629883 0.0758065
0.630859 -0.0820656
0.631836 -0.00279473
0.632812 -0.0631025
0.633789 -0.0573584
0.634766 0.0324435
0.635742 0.00444989
0.636719 0.0910793
0.637695 0.0994378
0.638672 0.078235
0.639648 -0.0383721
0.640625 0.120793
0.641602 -0.0433733
0.642578 -0.0552615
0.643555 -0.0134835
0.644531 0.07082
0.645508 0.0431711
0.646484 -0.062537
0.647461 0.0144605
0.648438 -0.0625228
0.649414 0.110935
0.650391 -0.0447537
0.651367 0.0392052
0.652344 -0.226531
0.65332 0.0410885
0.654297 0.103159
0.655273 0.112574
0.65625 0.208142
0.657227 0.0887808
0.658203 0.0268132
0.65918 0.00880242
0.660156 -0.0586218
0.661133 -0.104665
0.662109 -0.106552
0.663086 0.0884697
0.664062 0.0285325
0.665039 -0.103442
0.666016 -0.0529299
0.666992 0.11257
0.667969 0.0638214
0.668945 0.027429
0.669922 -0.021129
0.670898 0.0975416
0.671875 0.0418316
0.672852 -0.153423
0.673828 0.172623
0.674805 -0.161422
0.675781 -0.00663036
0.676758 -0.0197452
0.677734 0.0834033
0.678711 0.00192108
0.679688 -0.0806661
0.680664 -0.0287645
0.681641 -0.210181
0.682617 -0.0144772
0.683594 0.0690743
0.68457 0.0427192
0.685547 0.0896919
0.686523 -0.0299186
0.6875 0.0485314
0.688477 -0.0395057
0.689453 0.0353828
0.69043 0.0697828
0.691406 0.00642359
0.692383 0.0113284
0.693359 0.0276758
0.694336 0.0699194
0.695312 0.0657883
0.696289 -0.000361671
0.697266 -0.0332158
0.698242 -0.0571039
0.699219 -0.0435929
0.700195 0.137573
0.701172 -0.0552412
0.702148 -0.0317674
0.703125 0.114944
0.704102 0.0561424
0.705078 0.00963356
0.706055 0.00712083
0.707031 0.074669
0.708008 0.0177723
0.708984 -0.0225191
0.709961 0.0399124
0.710938 0.0189504
0.711914 0.0354331
0.712891 -0.0471534
0.713867 0.0179552
0.714844 -0.0599615
0.71582 -0.0467544
0.716797 0.0501043
0.717773 -0.00198834
0.71875 -0.0284092
0.719727 0.0723329
0.720703 0.0239511
0.72168 0.203613
0.722656 0.0123494
0.723633 0.064007
0.724609 -0.0514353
0.725586 -0.0315952
0.726562 -0.0244327
0.727539 0.013465
0.728516 0.00351874
0.729492 -0.0300571
0.730469 -0.217166
0.731445 0.0355051
0.732422 -0.123498
0.733398 0.0609923
0.734375 -0.0327826
0.735352 -0.0775501
0.736328 0.167648
0.737305 -0.0196333
0.738281 0.0801325
0.739258 -0.0742769
0.740234 0.0227137
0.741211 0.0651661
0.742188 -0.101327
0.743164 0.00623738
0.744141 -0.057318
0.745117 -0.0615647
0.746094 -0.0194617
0.74707 0.018339
0.748047 0.0363548
0.749023 -0.0509376
0.75 -0.214482
0.750977 -0.00250067
0.751953 0.18524
0.75293 0.0206324
0.753906 -0.0158049
0.754883 0.171387
0.755859 -0.05341
0.756836 0.0744023
0.757812 0.079105
0.758789 -0.13183
0.759766 0.0279638
0.760742 0.0665063
0.761719 0.00837364
0.762695 0.0211345
0.763672 -0.0700988
0.764648 0.0389693
0.765625 0.0901629
0.766602 -0.00947253
0.767578 -0.00912523
0.768555 -0.0610087
0.769531 -0.0791476
0.770508 0.0529123
0.771484 0.0813438
0.772461 0.178817
0.773438 -0.00799602
0.774414 0.104124
0.775391 0.0769849
0.776367 0.140588
0.777344 -0.0668849
0.77832 0.0052848
0.779297 0.127798
0.780273 -0.0169037
0.78125 0.173656
0.782227 -0.0194419
0.783203 0.0309658
0.78418 0.0546795
0.785156 0.181223
0.786133 -0.047659
0.787109 -0.0774375
0.788086 0.0159646
0.789062 -0.0599677
0.790039 -0.0283833
0.791016 -0.0357424
0.791992 -0.0653335
0.792969 -0.0409123
0.793945 0.053289
0.794922 -0.0250035
0.795898 0.0357339
0.796875 0.123983
0.797852 -0.0610437
0.798828 0.12226
0.799805 0.145153
0.800781 0.00341277
0.801758 0.151817
0.802734 0.0153796
0.803711 0.213342
0.804688 0.0759372
0.805664 0.0363981
0.806641 0.041951
0.807617 0.0525905
0.808594 0.0466255
0.80957 0.0628692
0.810547 0.0524534
0.811523 -0.0172701
0.8125 0.0210196
0.813477 -0.119748
0.814453 -0.0701792
0.81543 0.101796
0.816406 0.197929
0.817383 0.0433077
0.818359 -0.0432584
0.819336 0.000352659
0.820312 0.159656
0.821289 -0.0259277
0.822266 -0.00291566
0.823242 0.00372169
0.824219 -0.116868
0.825195 -0.11048
0.826172 0.0478308
0.827148 0.100318
0.828125 0.00350176
0.829102 0.0632721
0.830078 0.0361829
0.831055 0.00372826
0.832031 -0.0594683
0.833008 0.14522
0.833984 0.0573888
0.834961 -0.0230641
0.835938 -0.0376512
0.836914 -0.0860055
0.837891 -0.021257
0.838867 0.177069
0.839844 -0.0111816
0.84082 0.0508152
0.841797 0.0474908
0.842773 -0.0256605
0.84375 -0.0838007
0.844727 -0.114019
0.845703 0.0716754
0.84668 0.0886965
0.847656 -0.067186
0.848633 0.0490244
0.849609 0.158492
0.850586 0.0457193
0.851562 0.0373189
0.852539 0.00347203
0.853516 -0.0612435
0.854492 0.0696331
0.855469 0.0447229
0.856445 0.0300426
0.857422 0.145797
0.858398 -0.0361501
0.859375 0.000869451
0.860352 -0.0968116
0.861328 -0.0811594
0.862305 -0.0453857
0.863281 0.0356553
0.864258 -0.0152132
0.865234 0.0595623
0.866211 -0.0679807
0.867188 0.0518574
0.868164 0.0291274
0.869141 -0.0474406
0.870117 -0.0901537
0.871094 -0.144693
0.87207 -0.0259956
0.873047 0.00416653
0.874023 -0.0519299
0.875 -0.120984
0.875977 -0.0102623
0.876953 0.00373699
0.87793 -0.0432972
0.878906 -0.161544
0.879883 -0.0116827
0.880859 0.114959
0.881836 -0.0395955
0.882812 0.0764856
0.883789 -0.0537172
0.884766 -0.0795425
0.885742 0.00754969
0.886719 0.0912636
0.887695 0.0556176
0.888672 0.0223188
0.889648 0.083664
0.890625 -0.00667447
0.891602 -0.0713481
0.892578 -0.0345614
0.893555 0.0953818
0.894531 -0.162171
0.895508 0.154741
0.896484 -0.00546127
0.897461 -0.0493115
0.898438 -0.0554472
0.899414 -0.0810506
0.900391 0.0965965
0.901367 -0.0549924
0.902344 0.17996
0.90332 -0.0510023
0.904297 -0.0508097
0.905273 0.151043
0.90625 0.00812819
0.907227 0.170927
0.908203 -0.0312992
0.90918 -0.0988324
0.910156 -0.0249233
0.911133 -0.00629459
0.912109 0.0789128
0.913086 -0.00734446
0.914062 0.0859138
0.915039 -0.0567861
0.916016 -0.0370497
0.916992 0.00050082
0.917969 -0.0937492
0.918945 -0.0196314
0.919922 -0.0297999
0.920898 0.0217842
0.921875 0.218118
0.922852 0.0442243
0.923828 0.0283455
0.924805 -0.137647
0.925781 -0.139863
0.926758 0.0856924
0.927734 -0.00133913
0.928711 0.00234261
0.929688 -0.0587035
0.930664 0.101535
0.931641 -0.100634
0.932617 0.0272192
0.933594 -0.0484154
0.93457 -0.0274689
0.935547 -0.0487081
0.936523 -0.0153561
0.9375 -0.146967
0.938477 -0.209624
0.939453 0.0139835
0.94043 -0.0428911
0.941406 0.146227
0.942383 -0.0604828
0.943359 0.0819461
0.944336 0.0970588
0.945312 0.0383445
0.946289 0.0529431
0.947266 0.100464
0.948242 0.0282224
0.949219 0.0935158
0.950195 0.0297304
0.951172 0.00890927
0.952148 0.0467476
0.953125 0.0260907
0.954102 0.0460212
0.955078 -0.0673237
0.956055 0.0669518
0.957031 -0.00907994
0.958008 -0.00109505
0.958984 0.112881
0.959961 -0.0851021
0.960938 0.00505857
0.961914 -0.0569811
0.962891 0.0622223
0.963867 -0.123613
0.964844 0.169046
0.96582 -0.100674
0.966797 0.0742092
0.967773 -0.129507
0.96875 0.0957558
0.969727 -0.046835
0.970703 0.076113
0.97168 0.0286124
0.972656 -0.120637
0.973633 -0.0288012
0.974609 -0.0695465
0.975586 0.056804
0.976562 0.054122
0.977539 0.0140931
0.978516 0.0396684
0.979492 0.028004
0.980469 -0.0640255
0.981445 0.00109993
0.982422 -0.0150303
0.983398 -0.0171388
0.984375 0.00482687
0.985352 -0.0169804
0.986328 0.00388101
0.987305 0.121908
0.988281 -0.21946
0.989258 0.110218
0.990234 0.275714
0.991211 0.0306775
0.992188 -0.0272191
0.993164 0.114875
0.994141 0.0397676
0.995117 -0.105129
0.996094 -0.0954405
0.99707 0.0159986
0.998047 0.0198485
0.999023 0.00436451
1 0.13663
1.00098 0.0590432
1.00195 0.199694
1.00293 0.104509
1.00391 0.193314
1.00488 -0.0309829
1.00586 0.0123169
1.00684 -0.0177583
1.00781 -0.061591
1.00879 0.140595
1.00977 -0.153273
1.01074 0.0190234
1.01172 0.258743
1.0127 -0.112746
1.01367 -0.120166
1.01465 0.0490206
1.01562 0.0504135
1.0166 -0.0022446
1.01758 0.0511297
1.01855 0.204407
1.01953 -0.0203338
1.02051 -0.0210657
1.02148 0.0394934
1.02246 0.0123743
1.02344 0.0763829
1.02441 -0.00198849
1.02539 -0.0594044
1.02637 -0.0967998
1.02734 -0.00807126
1.02832 0.0478706
1.0293 0.160709
1.03027 0.035044
1.03125 -0.0440565
1.03223 0.00726976
1.0332 0.0966921
1.03418 0.0196385
1.03516 -0.054054
1.03613 -0.0160401
1.03711 -0.0411619
1.03809 -0.0313357
1.03906 -0.0960216
1.04004 0.0567532
1.04102 -0.0358089
1.04199 -0.177079
1.04297 0.0225915
1.04395 -0.00569562
1.04492 -0.0330226
1.0459 0.192953
1.04688 0.132756
1.04785 -0.0190164
1.04883 0.00576255
1.0498 0.063166
1.05078 0.00530445
1.05176 -0.0125663
1.05273 0.00636837
1.05371 0.00743045
1.05469 0.0729364
1.05566 0.0762057
1.05664 -0.0604402
1.05762 0.141371
1.05859 -0.0502836
1.05957 -0.0334092
1.06055 0.0534813
1.06152 0.174366
1.0625 -0.0679443
1.06348 0.0200285
1.06445 -0.0900971
1.06543 0.175135
1.06641 -0.0958907
1.06738 0.0497818
1.06836 0.00592452
1.06934 0.130832
1.07031 -0.180392
1.07129 -0.16126
1.07227 -0.0465608
1.07324 -0.183477
1.07422 -0.0740885
1.0752 0.0169285
1.07617 0.0123803
1.07715 0.171724
1.07812 0.0477351
1.0791 -0.0328547
1.08008 0.0245523
1.08105 -0.00790806
1.08203 0.000264344
1.08301 0.00271908
1.08398 -0.0557519
1.08496 0.0302655
1.08594 -0.068651
1.08691 0.0845308
1.08789 0.0192549
1.08887 -0.0863916
1.08984 -0.03871
1.09082 -0.132187
1.0918 0.100271
1.09277 -1.52884e-05
1.09375 -0.018842
1.09473 -0.0744598
1.0957 0.114944
1.09668 0.177145
1.09766 -0.0878961
1.09863 -0.0554184
1.09961 -0.0337107
1.10059 0.0407336
1.10156 0.000693127
1.10254 0.0624153
1.10352 -0.046364
1.10449 -0.106034
1.10547 -0.0398022
1.10645 -0.154709
1.10742 -0.154365
1.1084 -0.0484692
1.10938 0.0584621
1.11035 0.0888287
1.11133 -0.0267445
1.1123 0.115615
1.11328 -0.0324099
1.11426 0.000218992
1.11523 -0.0037516
1.11621 0.0600768
1.11719 0.132798
1.11816 0.0434299
1.11914 -0.0860514
1.12012 -0.0708316
1.12109 0.0497513
1.12207 0.03214
1.12305 0.0725872
1.12402 0.031439
1.125 0.128537
1.12598 0.0168867
1.12695 0.0128564
1.12793 -0.0319434
1.12891 0.0986685
1.12988 -0.0133814
1.13086 0.173715
1.13184 -0.0415035
1.13281 -0.0346494
1.13379 -0.0661791
1.13477 0.00160248
1.13574 -0.0145228
1.13672 0.0164428
1.1377 0.0442071
1.13867 0.0209408
1.13965 0.0484383
1.14062 -0.0601113
1.1416 0.00787566
1.14258 -0.0306442
1.14355 0.0946186
1.14453 0.0228206
1.14551 -0.0296398
1.14648 0.144809
1.14746 0.164334
1.14844 -0.0415697
1.14941 0.0812738
1.15039 -0.0448573
1.15137 -0.0518493
1.15234 0.00205461
1.15332 0.153555
1.1543 -0.0941459
1.15527 0.0724292
1.15625 0.085392
1.15723 0.0439964
1.1582 -0.00335255
1.15918 -0.0717641
1.16016 0.0426466
1.16113 -0.0844692
1.16211 0.00221723
1.16309 -0.0224046
1.16406 -0.0328012
1.16504 0.0456171
1.16602 0.0963507
1.16699 -0.0811249
1.16797 -0.0662322
1.16895 -0.0639882
1.16992 0.0216677
1.1709 0.0111459
1.17188 -0.126313
1.17285 -0.0758638
1.17383 0.00508513
1.1748 0.0722751
1.17578 0.0593607
1.17676 -0.044437
1.17773 -0.0758804
1.17871 0.0808381
1.17969 -0.0242045
1.18066 -0.0209227
1.18164 0.0145559
1.18262 -0.116584
1.18359 0.084556
1.18457 0.0979891
1.18555 -0.17453
1.18652 0.0341688
1.1875 0.022938
1.18848 0.137107
1.18945 -0.183155
1.19043 -0.225966
1.19141 -0.0391764
1.19238 0.0205218
1.19336 0.080429
1.19434 0.124083
1.19531 -0.0585636
1.19629 0.0553007
1.19727 -0.0189316
1.19824 -0.0320275
1.19922 -0.0399383
1.2002 0.0134855
1.20117 -0.162516
1.20215 -0.113814
1.20312 0.0561294
1.2041 0.0545346
1.20508 0.15022
1.20605 -0.00261035
1.20703 0.0206125
1.20801 -0.0875969
1.20898 0.0599339
1.20996 -0.0370843
1.21094 0.0112973
1.21191 0.0826263
1.21289 0.0345408
1.21387 -0.0343913
1.21484 0.0163797
1.21582 0.234111
1.2168 -0.0448674
1.21777 0.0403899
1.21875 0.0373735
1.21973 0.179803
1.2207 0.0324094
1.22168 0.0218673
1.22266 0.0461951
1.22363 0.148184
1.22461 0.0160494
1.22559 0.0391806
1.22656 0.0339232
1.22754 0.0785081
1.22852 -0.0904006
1.22949 0.0196177
1.23047 0.0373358
1.23145 0.0544541
1.23242 -0.182415
1.2334 -0.0956816
1.23438 0.00574439
1.23535 0.0576624
1.23633 0.0609713
1.2373 0.0896658
1.23828 0.000378287
1.23926 -0.0304344
1.24023 -0.0677207
1.24121 -0.160836
1.24219 -0.10558
1.24316 0.119548
1.24414 0.129221
1.24512 0.119871
1.24609 -0.0168222
1.24707 0.0660812
1.24805 0.0594182
1.24902 0.00121482
1.25 0.0381484
1.25098 -0.0400786
1.25195 -0.0651158
1.25293 -0.024268
1.25391 -0.0517095
1.25488 0.100984
1.25586 0.00937975
1.25684 0.0681731
1.25781 -0.0537534
1.25879 -0.0799216
1.25977 0.134023
1.26074 0.211195
1.26172 -0.178313
1.2627 -0.0256746
1.26367 0.0259145
1.26465 0.0640279
1.26562 -0.0873084
1.2666 0.0206107
1.26758 -0.00969248
1.26855 -0.00763774
1.26953 0.0473916
1.27051 0.0125371
1.27148 0.0597002
1.27246 0.0446548
1.27344 -0.116202
1.27441 0.000577819
1.27539 -0.0885874
1.27637 0.063447
1.27734 -0.1036
1.27832 -0.12966
1.2793 -0.0247865
1.28027 -0.178225
1.28125 -0.120858
1.28223 0.13996
1.2832 0.139558
1.28418 -0.04648
1.28516 0.00456268
1.28613 0.00340669
1.28711 -0.00993633
1.28809 0.0211969
1.28906 -0.0967143
1.29004 0.018593
1.29102 0.0122922
1.29199 0.0239426
1.29297 -0.0177684
1.29395 0.0745474
1.29492 -0.0749604
1.2959 0.0798258
1.29688 0.0927829
1.29785 0.0875701
1.29883 -0.109042
1.2998 -0.00248829
1.30078 -0.0127675
1.30176 0.0315607
1.30273 0.182264
1.30371 -0.0134281
1.30469 0.00647443
1.30566 -0.0178915
1.30664 -0.0754548
1.30762 -0.00691099
1.30859 0.0325237
1.30957 0.0274962
1.31055 0.066137
1.31152 0.0696247
1.3125 0.0535024
1.31348 -0.0486148
1.31445 -0.0856608
1.31543 -0.0424527
1.31641 -0.0497052
1.31738 -0.0263135
1.31836 0.0466822
1.31934 0.156989
1.32031 0.0314713
1.32129 0.0297064
1.32227 0.00801833
1.32324 0.0162678
1.32422 0.00024556
1.3252 -0.141121
1.32617 0.0583687
1.32715 0.0745142
1.32812 -0.0395172
1.3291 -0.0417076
1.33008 -0.0418582
1.33105 0.15091
1.33203 -0.0691973
1.33301 0.0281999
1.33398 -0.0665979
1.33496 -0.00777898
1.33594 0.0639214
1.33691 -0.0450877
1.33789 0.0326843
1.33887 -0.182697
1.33984 0.164214
1.34082 0.011938
1.3418 -0.0190496
1.34277 0.0236719
1.34375 -0.233639
1.34473 -0.0662579
1.3457 -0.0849676
1.34668 0.0136876
1.34766 0.0944214
1.34863 0.0413916
1.34961 -0.139256
1.35059 -0.0625026
1.35156 0.0706402
1.35254 -0.0555325
1.35352 -0.0686463
1.35449 0.0835437
1.35547 -0.0827462
1.35645 -0.0981623
1.35742 -0.0610455
1.3584 -0.0986238
1.35938 0.0485947
1.36035 0.0357942
1.36133 0.0676494
1.3623 -0.0515215
1.36328 -0.1558
1.36426 0.0011964
1.36523 -0.145346
1.36621 0.0196379
1.36719 -0.10117
1.36816 0.0301457
1.36914 -0.0153381
1.37012 -0.0782654
1.37109 -0.0234634
1.37207 0.052503
1.37305 0.0455051
1.37402 0.314569
1.375 0.0778856
1.37598 0.0276269
1.37695 -0.0149873
1.37793 0.0568822
1.37891 0.172717
1.37988 -0.110832
1.38086 0.0487984
1.38184 -0.0596242
1.38281 -0.0282453
1.38379 -0.0450236
1.38477 0.0214935
1.38574 0.0695069
1.38672 0.0630051
1.3877 0.0450744
1.38867 -0.00180602
1.38965 -0.00197107
1.39062 0.0646203
1.3916 -0.00934764
1.39258 0.00849955
1.39355 0.180871
1.39453 -0.150587
1.39551 0.0141515
1.39648 0.089739
1.39746 0.0450693
1.39844 0.059997
1.39941 0.0450232
1.40039 0.0224742
1.40137 0.0777493
1.40234 0.0137967
1.40332 -0.113407
1.4043 -0.31705
1.40527 0.196963
1.40625 0.0290211
1.40723 0.143919
1.4082 -0.116682
1.40918 0.0684562
1.41016 0.0382527
1.41113 -0.0671531
1.41211 -0.0287103
1.41309 -0.091083
1.41406 0.0265586
1.41504 -0.12448
1.41602 0.0343255
1.41699 0.00846889
1.41797 -0.0258274
1.41895 -0.0975337
1.41992 -0.0205993
1.4209 -0.0355928
1.42188 -0.11521
1.42285 0.0970529
1.42383 0.0374917
1.4248 0.0187144
1.42578 0.0951836
1.42676 0.0110384
1.42773 -0.0510923
1.42871 -0.0952913
1.42969 -0.0439987
1.43066 -0.0902232
1.43164 -0.0526398
1.43262 0.041945
1.43359 -0.130257
1.43457 0.160655
1.43555 0.407359
1.43652 0.500011
1.4375 0.461266
1.43848 0.0321941
1.43945 0.143695
1.44043 -0.0768234
1.44141 0.030279
1.44238 0.00833902
1.44336 -0.067203
1.44434 -0.0509722
1.44531 0.0700367
1.44629 -0.112951
1.44727 0.0638132
1.44824 0.183741
1.44922 0.0573948
1.4502 0.108153
1.45117 -0.0226213
1.45215 -0.0713626
1.45312 0.00372574
1.4541 -0.0765995
1.45508 -0.0370295
1.45605 -0.0521004
1.45703 -0.012897
1.45801 -0.0291597
1.45898 0.0278545
1.45996 -0.110475
1.46094 -0.0157463
1.46191 0.0588352
1.46289 -0.0320915
1.46387 0.0533737
1.46484 0.0825598
1.46582 -0.0401844
1.4668 -0.0782791
1.46777 -0.0472031
1.46875 -0.17461
1.46973 -0.0600589
1.4707 0.136659
1.47168 -0.0544805
1.47266 -0.0168832
1.47363 0.125452
1.47461 -0.044038
1.47559 -0.145031
1.47656 -0.115743
1.47754 -0.010765
1.47852 0.110238
1.47949 8.96686e-05
1.48047 -0.117904
1.48145 0.0567133
1.48242 0.0805899
1.4834 0.041213
1.48438 -0.0119634
1.48535 0.039215
1.48633 -0.0475365
1.4873 -0.0442662
1.48828 -0.0381422
1.48926 -0.0395464
1.49023 0.0111379
1.49121 -0.101242
1.49219 0.0336733
1.49316 -0.0473199
1.49414 -0.10842
1.49512 0.0871387
1.49609 -0.0508734
1.49707 0.147767
1.49805 -0.108817
1.49902 -0.0664099
1.5 -0.0522523
1.50098 -0.0883137
1.50195 -0.0233677
1.50293 -0.0326011
1.50391 -0.13319
1.50488 0.140693
1.50586 0.124415
1.50684 -0.0905403
1.50781 0.0102543
1.50879 0.122205
1.50977 0.0555396
1.51074 0.0551282
1.51172 0.049961
1.5127 -0.107331
1.51367 -0.00121538
1.51465 0.0311874
1.51562 0.0571442
1.5166 0.123879
1.51758 0.0248373
1.51855 0.136691
1.51953 -0.0341344
1.52051 -0.0760783
1.52148 -0.0849677
1.52246 -0.0339383
1.52344 -0.0507417
1.52441 -0.0119159
1.52539 0.0132654
1.52637 -0.078096
1.52734 -0.0239814
1.52832 0.0180269
1.5293 0.0196118
1.53027 0.00310389
1.53125 -0.0311434
1.53223 0.165672
1.5332 -0.0562726
1.53418 0.0260853
1.53516 -0.0101881
1.53613 0.0334956
1.53711 0.0466462
1.53809 0.108875
1.53906 0.00728007
1.54004 -0.0270348
1.54102 0.0344382
1.54199 0.0778165
1.54297 -0.0374915
1.54395 0.17181
1.54492 0.053239
1.5459 0.00356425
1.54688 0.074174
1.54785 0.00823936
1.54883 0.00409424
1.5498 0.079543
1.55078 0.0842381
1.55176 -0.0100016
1.55273 -0.0159826
1.55371 0.00924518
1.55469 0.0615214
1.55566 -0.019799
1.55664 -0.199403
1.55762 -0.0339553
1.55859 0.051678
1.55957 0.0713227
1.56055 0.0815175
1.56152 -0.127702
1.5625 -0.00955925
1.56348 0.0860586
1.56445 0.0803292
1.56543 -0.0157475
1.56641 0.0373234
1.56738 -0.151472
1.56836 0.070296
1.56934 0.261583
1.57031 -0.00075772
1.57129 0.0653309
1.57227 -0.0627853
1.57324 0.0607246
1.57422 0.0271882
1.5752 -0.0650432
1.57617 0.0279503
1.57715 0.073268
1.57812 -0.0565938
1.5791 -0.0749446
1.58008 0.0503572
1.58105 -0.135588
1.58203 0.000623563
1.58301 -0.10449
1.58398 0.00129295
1.58496 -0.0888574
1.58594 0.0358339
1.58691 -0.030103
1.58789 0.0335616
1.58887 -0.0208389
1.58984 0.0608624
1.59082 0.15033
1.5918 -0.0908004
1.59277 0.0535025
1.59375 -0.0251119
1.59473 0.0522097
1.5957 -0.0570912
1.59668 0.137586
1.59766 0.0497835
1.59863 -0.0433781
1.59961 -0.0223884
1.60059 0.0552933
1.60156 0.0486993
1.60254 -0.103945
1.60352 0.0394476
1.60449 0.102173
1.60547 0.043665
1.60645 -0.0286327
1.60742 -0.0551816
1.6084 0.139861
1.60938 0.166613
1.61035 0.0549047
1.61133 -0.0785884
1.6123 0.0862661
1.61328 0.071962
1.61426 0.00309588
1.61523 0.217287
1.61621 -0.0338643
1.61719 -0.0586507
1.61816 -0.160721
1.61914 -0.131109
1.62012 -0.15352
1.62109 -0.0605923
1.62207 0.0752686
1.62305 -0.0494337
1.62402 0.0686478
1.625 -0.0104787
1.62598 -0.0359428
1.62695 0.0588613
1.62793 -0.0880498
1.62891 0.027449
1.62988 0.0872599
1.63086 -0.0834077
1.63184 -0.000802908
1.63281 -0.043752
1.63379 -0.0295578
1.63477 -0.0315513
1.63574 0.128689
1.63672 0.0131429
1.6377 0.0531706
1.63867 0.116185
1.63965 0.0469876
1.64062 -0.117811
1.6416 0.0832226
1.64258 -0.0297948
1.64355 0.0154157
1.64453 0.0421125
1.64551 0.0126744
1.64648 0.00247067
1.64746 -0.0712151
1.64844 -0.09144
1.64941 0.137447
1.65039 -0.0295408
1.65137 0.0686832
1.65234 -0.0252691
1.65332 0.170012
1.6543 0.022011
1.65527 0.0540809
1.65625 -0.0362116
1.65723 -0.117131
1.6582 0.0461086
1.65918 -0.149886
1.66016 0.0234511
1.66113 0.0619847
1.66211 -0.165863
1.66309 0.0742502
1.66406 0.0393039
1.66504 -0.127824
1.66602 0.0432429
1.66699 0.000245099
1.66797 -0.0114345
1.66895 0.148949
1.66992 0.0331649
1.6709 -0.0277029
1.67188 0.0715989
1.67285 -0.0146801
1.67383 -0.109596
1.6748 0.0707498
1.67578 0.102474
1.67676 0.00140158
1.67773 -0.0912353
1.67871 0.0305079
1.67969 -0.00128723
1.68066 -0.0795067
1.68164 0.0828953
1.68262 0.106402
1.68359 -0.0150474
1.68457 0.0377633
1.68555 -0.0237763
1.68652 0.0622993
1.6875 -0.0111453
1.68848 0.00815164
1.68945 -0.0280855
1.69043 0.0125739
1.69141 0.000776081
1.69238 0.078835
1.69336 0.0812547
1.69434 -0.0487701
1.69531 0.0433552
1.69629 -0.00799785
1.69727 -0.0186775
1.69824 0.0412768
1.69922 0.0556932
1.7002 0.00427254
1.70117 -0.0509169
1.70215 -0.0387734
1.70312 -0.0992048
1.7041 0.0917022
1.70508 0.0927976
1.70605 0.092984
1.70703 -0.0493825
1.70801 0.0733915
1.70898 -0.0584921
1.70996 -0.0149115
1.71094 0.038263
1.71191 0.00101399
1.71289 -0.0136767
1.71387 0.026551
1.71484 0.115287
1.71582 0.239715
1.7168 -0.114918
1.71777 0.124328
1.71875 0.0511554
1.71973 0.00420711
1.7207 0.0957918
1.72168 -0.059956
1.72266 0.0690464
1.72363 -0.0813042
1.72461 0.233236
1.72559 0.0790672
1.72656 0.025648
1.72754 -0.039447
1.72852 -0.0763435
1.72949 -0.089351
1.73047 0.0887419
1.73145 0.104365
1.73242 -0.0187195
1.7334 0.000798775
1.73438 0.00835174
1.73535 -0.0822532
1.73633 0.0660342
1.7373 0.147859
1.73828 -0.0477658
1.73926 0.0360659
1.74023 0.0583826
1.74121 0.176968
1.74219 0.0842925
1.74316 -0.0910508
1.74414 0.0292604
1.74512 0.000814934
1.74609 0.0514633
1.74707 0.0729926
1.74805 0.0757727
1.74902 -0.143988
1.75 0.0831893
1.75098 0.171675
1.75195 -0.00217598
1.75293 0.129072
1.75391 -0.0663237
1.75488 -0.0639765
1.75586 -0.0331989
1.75684 0.0765735
1.75781 -0.0261038
1.75879 0.052228
1.75977 -0.071078
1.76074 0.042647
1.76172 -0.107801
1.7627 0.0881217
1.76367 0.0731982
1.76465 -0.0868574
1.76562 -0.0236889
1.7666 -2.73916e-05
1.76758 0.148549
1.76855 -0.0300011
1.76953 -0.054669
1.77051 0.0459332
1.77148 -0.0108213
1.77246 0.19115
1.77344 0.0384426
1.77441 -0.100286
1.77539 -0.0404427
1.77637 0.0752661
1.77734 -0.0473987
1.77832 -0.0310017
1.7793 0.0516258
1.78027 -0.0789078
1.78125 -0.00662261
1.78223 0.0175888
1.7832 0.0577681
1.78418 0.0953322
1.78516 -0.0453007
1.78613 -0.0695938
1.78711 0.0779779
1.78809 -0.00298439
1.78906 0.100099
1.79004 0.0627019
1.79102 0.0626409
1.79199 0.0762774
1.79297 -0.0669787
1.79395 -0.105435
1.79492 0.0339235
1.7959 -0.0252891
1.79688 0.0951732
1.79785 0.0090547
1.79883 0.0426882
1.7998 -0.0365373
1.80078 -0.0228782
1.80176 0.00286907
1.80273 0.00901207
1.80371 0.0742623
1.80469 0.147825
1.80566 -0.00396147
1.80664 -0.0422923
1.80762 -0.113718
1.80859 -0.0657588
1.80957 -0.0281907
1.81055 -0.00764983
1.81152 0.0475605
1.8125 0.0764929
1.81348 0.0120133
1.81445 -0.00637635
1.81543 0.0506786
1.81641 -0.103857
1.81738 0.0718226
1.81836 0.0231893
1.81934 0.0643366
1.82031 -0.0186756
1.82129 -0.0764453
1.82227 0.0728329
1.82324 -0.00740312
1.82422 0.0900073
1.8252 -0.00814742
1.82617 0.0761628
1.82715 0.0763615
1.82812 -0.0373807
1.8291 -0.0409934
1.83008 0.0695084
1.83105 0.166202
1.83203 0.0386781
1.83301 0.0806077
1.83398 0.0697631
1.83496 -0.0727387
1.83594 0.0634276
1.83691 -0.074116
1.83789 -0.059354
1.83887 0.18275
1.83984 -0.0621413
1.84082 0.0529888
1.8418 0.0926302
1.84277 0.0333088
1.84375 0.0527779
1.84473 0.057451
1.8457 -0.0464929
1.84668 -0.108759
1.84766 0.0527287
1.84863 0.102311
1.84961 -0.0281476
1.85059 -0.0181445
1.85156 0.0311685
1.85254 0.0314877
1.85352 0.0023732
1.85449 0.0739049
1.85547 0.159287
1.85645 0.0122466
1.85742 0.0276971
1.8584 0.00145215
1.85938 0.035995
1.86035 0.063319
1.86133 0.0350542
1.8623 0.0649708
1.86328 -0.0457787
1.86426 -0.0661458
1.86523 0.0148763
1.86621 0.0491805
1.86719 -0.0183996
1.86816 0.0771118
1.86914 -0.0223483
1.87012 0.0663974
1.87109 -0.0109894
1.87207 0.056101
1.87305 0.00827007
1.87402 0.126941
1.875 0.0676713
1.87598 0.01541
1.87695 -0.129004
1.87793 0.0556264
1.87891 0.135336
1.87988 -0.0822044
1.88086 0.0458254
1.88184 -0.0278239
1.88281 0.0354811
1.88379 -0.0641529
1.88477 -0.0624707
1.88574 0.0115041
1.88672 0.0266895
1.8877 0.0130401
1.88867 0.0454536
1.88965 -0.0858347
1.89062 0.0307357
1.8916 0.0842089
1.89258 -0.0513274
1.89355 0.00906445
1.89453 0.0750909
1.89551 -0.026883
1.89648 0.0325489
1.89746 0.0395788
1.89844 0.0444246
1.89941 0.0175772
1.90039 0.0690265
1.90137 0.14679
1.90234 0.00152157
1.90332 0.0400371
1.9043 -0.0148869
1.90527 -0.0844717
1.90625 0.166816
1.90723 0.0365402
1.9082 -0.0161936
1.90918 0.0324009
1.91016 -0.081449
1.91113 0.0126685
1.91211 -0.0924386
1.91309 -0.0849414
1.91406 0.0725117
1.91504 0.00307522
1.91602 0.0298903
1.91699 -0.0691944
1.91797 -0.131041
1.91895 -0.00250225
1.91992 -0.0854297
1.9209 -0.163874
1.92188 -0.0732846
1.92285 -0.022585
1.92383 0.0241717
1.9248 -0.0267353
1.92578 -0.137375
1.92676 0.107988
1.92773 -0.0496184
1.92871 0.25273
1.92969 -0.0461415
1.93066 -0.02689
1.93164 0.00666304
1.93262 0.0524761
1.93359 0.0364227
1.93457 -0.1317
1.93555 -0.006912
1.93652 0.135191
1.9375 -0.108219
1.93848 0.141032
1.93945 0.0208042
1.94043 -0.115522
1.94141 0.0111277
1.94238 0.116087
1.94336 0.0525923
1.94434 0.0463921
1.94531 0.0840855
1.94629 0.0164361
1.94727 -0.0131878
1.94824 -0.0740251
1.94922 0.000863329
1.9502 0.197947
1.95117 0.120363
1.95215 -0.0846456
1.95312 0.0981289
1.9541 0.0552761
1.95508 -0.030137
1.95605 0.0121351
1.95703 -0.0481643
1.95801 0.0671285
1.95898 0.060596
1.95996 -0.106231
1.96094 0.00180503
1.96191 0.219195
1.96289 0.0066774
1.96387 -0.00516061
1.96484 0.0429921
1.96582 0.0861194
1.9668 -0.0864765
1.96777 0.0671886
1.96875 -0.193332
1.96973 0.182954
1.9707 0.11616
1.97168 0.0575608
1.97266 -0.068957
1.97363 0.0916882
1.97461 0.0301108
1.97559 0.172518
1.97656 0.0385267
1.97754 0.0252524
1.97852 0.0351249
1.97949 0.0266764
1.98047 0.103777
1.98145 0.14132
1.98242 0.146699
1.9834 -0.0740194
1.98438 -0.00940771
1.98535 0.0831398
1.98633 -0.00222997
1.9873 0.050489
1.98828 -0.132447
1.98926 -0.0578573
1.99023 0.0296692
1.99121 0.0562648
1.99219 -0.0198838
1.99316 -0.0518286
1.99414 0.0161688
1.99512 0.0177406
1.99609 0.0158904
1.99707 0.147774
1.99805 -0.0487308
1.99902 -0.111579
