0 0.181672
0.000976562 0.033515
0.00195312 0.0557563
0.00292969 0.137634
0.00390625 0.0210787
0.00488281 -0.0547929
0.00585938 0.0297547
0.00683594 -0.0174637
0.0078125 -0.130661
0.00878906 -0.0607476
0.00976562 -0.0940322
0.0107422 -0.0397863
0.0117188 -0.157348
0.0126953 0.0195365
0.0136719 -0.0163559
0.0146484 0.0344532
0.015625 0.109395
0.0166016 -0.0258644
0.0175781 0.101368
0.0185547 0.0090457
0.0195312 0.117824
0.0205078 0.0684131
0.0214844 0.0732852
0.0224609 -0.0487053
0.0234375 -0.0531647
0.0244141 -0.0619886
0.0253906 0.040102
0.0263672 -0.0337174
0.0273438 -0.131737
0.0283203 -0.0274173
0.0292969 0.0519489
0.0302734 0.0133354
0.03125 0.0219131
0.0322266 -0.10458
0.0332031 -0.0636289
0.0341797 -0.0424965
0.0351562 -0.22598
0.0361328 -0.0427095
0.0371094 -0.0894658
0.0380859 0.0734344
0.0390625 0.140055
0.0400391 -0.0384871
0.0410156 0.143757
0.0419922 0.0736084
0.0429688 -0.0211315
0.0439453 -0.00351058
0.0449219 -0.0453225
0.0458984 -0.0700728
0.046875 -0.0716145
0.0478516 -0.0681505
0.0488281 0.0425921
0.0498047 -0.0467482
0.0507812 -0.122318
0.0517578 0.178246
0.0527344 0.124528
0.0537109 0.0422275
0.0546875 0.0396351
0.0556641 -0.0335601
0.0566406 0.152227
0.0576172 0.145695
0.0585938 -0.137205
0.0595703 -0.0902794
0.0605469 -0.0188332
0.0615234 -0.0271718
0.0625 -0.129989
0.0634766 0.0221714
0.0644531 -0.113139
0.0654297 0.0131063
0.0664062 0.0190548
0.0673828 -0.0326696
0.0683594 -0.0331896
0.0693359 -0.0172045
0.0703125 -0.0187034
0.0712891 -0.0165151
0.0722656 -0.0154662
0.0732422 -0.0283524
0.0742188 0.151835
0.0751953 -0.100021
0.0761719 -0.133822
0.0771484 0.0656284
0.078125 0.00843424
0.0791016 -0.141778
0.0800781 -0.0104118
0.0810547 -0.0487936
0.0820312 0.141794
0.0830078 0.103447
0.0839844 -0.0220528
0.0849609 -0.215673
0.0859375 -0.00220455
0.0869141 0.0366866
0.0878906 0.0368892
0.0888672 -0.0371347
0.0898438 0.0684655
0.0908203 -0.152184
0.0917969 0.158902
0.0927734 0.190973
0.09375 -0.10292
0.0947266 0.00540048
0.0957031 0.0106552
0.0966797 0.00814894
0.0976562 -0.0910602
0.0986328 -0.00632371
0.0996094 0.0343862
0.100586 0.00989605
0.101562 -0.0277685
0.102539 0.197326
0.103516 0.10957
0.104492 -0.098692
0.105469 -0.0732946
0.106445 -0.136628
0.107422 -0.0866761
0.108398 -0.10768
0.109375 0.0153022
0.110352 -0.0405252
0.111328 0.0452992
0.112305 0.156587
0.113281 0.0822353
0.114258 -0.0940754
0.115234 0.0727173
0.116211 0.0427658
0.117188 0.0939327
0.118164 -0.0115967
0.119141 0.0961348
0.120117 -0.047786
0.121094 0.035546
0.12207 -0.00374523
0.123047 -0.0331409
0.124023 -0.18111
0.125 -0.0870408
0.125977 0.048799
0.126953 0.0322405
0.12793 -0.16431
0.128906 -0.0388762
0.129883 -0.100107
0.130859 0.092254
0.131836 0.0372282
0.132812 -0.0252806
0.133789 0.00701043
0.134766 0.0532412
0.135742 -0.071287
0.136719 0.127119
0.137695 -0.0316645
0.138672 -0.0613301
0.139648 -0.179386
0.140625 0.0664642
0.141602 0.0835562
0.142578 -0.00329426
0.143555 -0.0451104
0.144531 -0.0117279
0.145508 0.0299572
0.146484 -0.0575547
0.147461 -0.117956
0.148438 0.112539
0.149414 0.0326242
0.150391 0.18289
0.151367 -0.026709
0.152344 0.177624
0.15332 0.122451
0.154297 0.268396
0.155273 0.0437621
0.15625 0.0636514
0.157227 -0.0577389
0.158203 -0.0658093
0.15918 0.0997202
0.160156 -0.151072
0.161133 0.141832
0.162109 -0.0125976
0.163086 0.0254284
0.164062 -0.022117
0.165039 -0.0269871
0.166016 0.284678
0.166992 0.0597354
0.167969 -0.0589022
0.168945 0.0392351
0.169922 0.200241
0.170898 -0.0238298
0.171875 0.049983
0.172852 -0.0506613
0.173828 -0.070719
0.174805 -0.105213
0.175781 0.0481635
0.176758 -0.0993271
0.177734 0.0846133
0.178711 0.155437
0.179688 -0.0325892
0.180664 0.0933802
0.181641 0.0152259
0.182617 -0.0475588
0.183594 0.11779
0.18457 -0.051598
0.185547 0.0426046
0.186523 0.12095
0.1875 0.170971
0.188477 -0.00420974
0.189453 0.0617319
0.19043 -0.11906
0.191406 -0.0226029
0.192383 -0.0181039
0.193359 -0.0423444
0.194336 0.0435761
0.195312 -0.0744584
0.196289 -0.108995
0.197266 -0.151037
0.198242 0.0560334
0.199219 0.0503432
0.200195 0.0145646
0.201172 -0.0297748
0.202148 0.0778094
0.203125 -0.0103073
0.204102 -0.0533287
0.205078 -0.0880441
0.206055 0.0501698
0.207031 0.0432459
0.208008 -0.0678885
0.208984 0.213391
0.209961 0.0457023
0.210938 0.0149844
0.211914 0.102959
0.212891 -0.0905824
0.213867 0.0460115
0.214844 -0.0779005
0.21582 -0.0347147
0.216797 -0.233539
0.217773 0.141167
0.21875 -0.0964754
0.219727 0.0503823
0.220703 -0.180071
0.22168 0.125246
0.222656 0.125237
0.223633 -0.0304895
0.224609 -0.131714
0.225586 -0.0799595
0.226562 -0.0938061
0.227539 0.104952
0.228516 0.173285
0.229492 0.00892675
0.230469 0.0135935
0.231445 0.0528437
0.232422 -0.148956
0.233398 -0.0776544
0.234375 0.0578163
0.235352 0.0439935
0.236328 0.0403618
0.237305 0.0521424
0.238281 -0.00246641
0.239258 -0.0127638
0.240234 -0.12427
0.241211 -0.00977962
0.242188 -0.0269801
0.243164 0.13279
0.244141 -0.182126
0.245117 -0.140969
0.246094 0.0801791
0.24707 -0.0209481
0.248047 0.0353962
0.249023 0.0958602
0.25 -0.0436981
0.250977 -0.0295031
0.251953 -0.114943
0.25293 0.0467856
0.253906 -0.0845103
0.254883 0.262764
0.255859 0.0474716
0.256836 -0.0100422
0.257812 0.0199555
0.258789 -0.132283
0.259766 -0.0106175
0.260742 0.118186
0.261719 0.0385157
0.262695 0.017902
0.263672 0.0408171
0.264648 0.0890093
0.265625 -0.0791351
0.266602 0.02193
0.267578 -0.0121379
0.268555 -0.0304694
0.269531 0.0518151
0.270508 0.108857
0.271484 -0.0747471
0.272461 0.178981
0.273438 0.00171213
0.274414 0.0721925
0.275391 -0.0122849
0.276367 0.143012
0.277344 0.179019
0.27832 0.179966
0.279297 0.153487
0.280273 -0.057108
0.28125 0.199441
0.282227 -0.0232045
0.283203 0.0257792
0.28418 0.0750561
0.285156 -0.180753
0.286133 0.0130888
0.287109 0.00278218
0.288086 0.0415358
0.289062 -0.0486804
0.290039 -0.00152513
0.291016 -0.118714
0.291992 0.127848
0.292969 -0.0555926
0.293945 0.0888085
0.294922 -0.109148
0.295898 -0.122582
0.296875 0.000224224
0.297852 -0.0110685
0.298828 -0.000510148
0.299805 -0.0287545
0.300781 0.0152578
0.301758 0.000175539
0.302734 -0.0133799
0.303711 -0.107341
0.304688 0.020678
0.305664 -0.180975
0.306641 -0.14113
0.307617 0.141294
0.308594 -0.202771
0.30957 -0.175486
0.310547 0.0407195
0.311523 -0.0262093
0.3125 0.192514
0.313477 0.100981
0.314453 0.111363
0.31543 0.0276726
0.316406 -0.0921457
0.317383 0.0866341
0.318359 -0.00950696
0.319336 0.147565
0.320312 -0.00179683
0.321289 -0.0841627
0.322266 0.0268442
0.323242 0.0411976
0.324219 -0.149832
0.325195 0.0291825
0.326172 -0.0296256
0.327148 0.0787516
0.328125 0.0739936
0.329102 -0.00560648
0.330078 0.00990132
0.331055 0.00364953
0.332031 -0.0215409
0.333008 -0.0135769
0.333984 -0.0855632
0.334961 0.0128045
0.335938 -0.0713871
0.336914 -0.106009
0.337891 0.0806701
0.338867 -0.0498984
0.339844 -0.229724
0.34082 0.672914
0.341797 1.91
0.342773 0.00688766
0.34375 -0.101572
0.344727 -0.0218023
0.345703 0.0333977
0.34668 -0.00643115
0.347656 0.0757682
0.348633 -0.0556176
0.349609 -0.0918404
0.350586 -0.0389499
0.351562 -0.0538778
0.352539 -0.0932515
0.353516 0.140895
0.354492 0.0133562
0.355469 0.204387
0.356445 0.042379
0.357422 -0.0170524
0.358398 -0.0201034
0.359375 0.135641
0.360352 0.056246
0.361328 -0.0421492
0.362305 0.202019
0.363281 -0.0633884
0.364258 -0.0595487
0.365234 -0.113776
0.366211 0.0372051
0.367188 -0.15092
0.368164 0.0313259
0.369141 0.012493
0.370117 -0.0714825
0.371094 0.0247824
0.37207 -0.0866044
0.373047 0.210874
0.374023 0.17851
0.375 0.0597918
0.375977 0.117343
0.376953 0.100776
0.37793 0.0245011
0.378906 -0.0650272
0.379883 0.122898
0.380859 0.0343718
0.381836 0.0903001
0.382812 -0.0385149
0.383789 0.10838
0.384766 -0.0941262
0.385742 0.149194
0.386719 -0.179158
0.387695 0.0306664
0.388672 0.109639
0.389648 0.0601223
0.390625 0.0901926
0.391602 0.193971
0.392578 0.0162052
0.393555 0.115993
0.394531 0.0833032
0.395508 0.01159
0.396484 0.156068
0.397461 0.0964107
0.398438 -0.0139762
0.399414 0.20712
0.400391 0.0782874
0.401367 -0.000479598
0.402344 0.00755141
0.40332 0.106702
0.404297 0.00788705
0.405273 0.0897938
0.40625 0.0614657
0.407227 0.22392
0.408203 0.0647173
0.40918 -0.130036
0.410156 0.150321
0.411133 0.0439615
0.412109 -0.0648011
0.413086 0.00101539
0.414062 0.000677335
0.415039 0.071114
0.416016 0.158251
0.416992 -0.00923462
0.417969 0.00769634
0.418945 0.119854
0.419922 0.140076
0.420898 -0.00245497
0.421875 0.0997204
0.422852 -0.0315751
0.423828 0.0630224
0.424805 -0.0792806
0.425781 0.191871
0.426758 -0.0712254
0.427734 -0.00847161
0.428711 0.100518
0.429688 0.059689
0.430664 -0.0506488
0.431641 -0.000965927
0.432617 -0.0258304
0.433594 0.116882
0.43457 0.197151
0.435547 0.150978
0.436523 0.222239
0.4375 0.12003
0.438477 -0.0482928
0.439453 -0.101246
0.44043 0.0562227
0.441406 0.0189706
0.442383 0.0584215
0.443359 0.0848951
0.444336 -0.0543943
0.445312 -0.0724082
0.446289 -0.0159986
0.447266 -0.0105625
0.448242 0.154333
0.449219 -0.0267052
0.450195 0.0371288
0.451172 0.0680067
0.452148 0.0364544
0.453125 0.0303034
0.454102 0.120594
0.455078 0.230355
0.456055 -0.0872438
0.457031 -0.0110902
0.458008 -0.0887532
0.458984 0.153891
0.459961 0.0105263
0.460938 -0.00899817
0.461914 -0.0373896
0.462891 -0.054894
0.463867 0.0480871
0.464844 -0.0143405
0.46582 -0.0840726
0.466797 0.0713891
0.467773 -0.00737441
0.46875 0.0619951
0.469727 -0.062423
0.470703 0.061481
0.47168 -0.089712
0.472656 -0.0804904
0.473633 0.132656
0.474609 0.117674
0.475586 0.219431
0.476562 0.00370087
0.477539 0.113489
0.478516 0.0997973
0.479492 -0.132677
0.480469 0.192623
0.481445 0.105928
0.482422 -0.00842548
0.483398 0.143627
0.484375 0.0460776
0.485352 0.15295
0.486328 -0.0163933
0.487305 0.0662211
0.488281 -0.0603512
0.489258 -0.0172543
0.490234 0.0810782
0.491211 0.0306928
0.492188 -0.0474803
0.493164 0.0874985
0.494141 0.148206
0.495117 0.0398247
0.496094 0.246139
0.49707 0.0866824
0.498047 0.0335968
0.499023 0.109469
0.5 0.133043
0.500977 0.0593511
0.501953 0.0654778
0.50293 0.0896682
0.503906 -0.0592523
0.504883 0.0896127
0.505859 -0.0118766
0.506836 -0.00314968
0.507812 -0.024869
0.508789 0.158493
0.509766 -0.0495481
0.510742 0.0966665
0.511719 0.0925748
0.512695 -0.00959506
0.513672 0.010305
0.514648 -0.00268102
0.515625 -0.131771
0.516602 -0.00421047
0.517578 0.237069
0.518555 -0.0427947
0.519531 0.115091
0.520508 0.164225
0.521484 0.0774274
0.522461 0.0382878
0.523438 0.208728
0.524414 0.0415427
0.525391 0.0268429
0.526367 0.215336
0.527344 0.169092
0.52832 -0.012525
0.529297 0.0858731
0.530273 0.119713
0.53125 0.0428454
0.532227 -0.0420216
0.533203 0.145775
0.53418 0.0321886
0.535156 0.0760212
0.536133 0.00704114
0.537109 -0.0141219
0.538086 0.0581717
0.539062 0.0591652
0.540039 0.265873
0.541016 0.0903526
0.541992 0.11688
0.542969 -0.00278684
0.543945 0.244905
0.544922 -0.12955
0.545898 -0.11102
0.546875 0.104874
0.547852 0.0170561
0.548828 -0.0836876
0.549805 0.0146074
0.550781 -0.0917435
0.551758 0.0347372
0.552734 -0.0969964
0.553711 0.159158
0.554688 0.156248
0.555664 0.0606606
0.556641 0.0223737
0.557617 0.0476483
0.558594 0.107478
0.55957 0.0112168
0.560547 -0.0377782
0.561523 0.183048
0.5625 0.0592943
0.563477 0.0319391
0.564453 -0.00890012
0.56543 -0.0777771
0.566406 -0.0505668
0.567383 0.0761876
0.568359 -0.0275324
0.569336 0.0906975
0.570312 -0.0089151
0.571289 0.116464
0.572266 0.0378562
0.573242 -0.0657738
0.574219 -0.0925564
0.575195 0.018096
0.576172 0.158943
0.577148 0.132196
0.578125 0.098168
0.579102 0.218733
0.580078 -0.0493601
0.581055 -0.0132746
0.582031 -0.0646227
0.583008 0.0776464
0.583984 0.0265426
0.584961 -0.040339
0.585938 0.0906636
0.586914 -0.116132
0.587891 -0.0471481
0.588867 0.105662
0.589844 0.0573426
0.59082 0.0943788
0.591797 0.181581
0.592773 -0.115136
0.59375 -0.129816
0.594727 0.0174323
0.595703 -0.147926
0.59668 0.110435
0.597656 0.244743
0.598633 0.0784839
0.599609 -0.0666416
0.600586 0.0436961
0.601562 0.126808
0.602539 0.0632275
0.603516 0.0485156
0.604492 -0.0597943
0.605469 0.088749
0.606445 0.149931
0.607422 0.159542
0.608398 0.0709156
0.609375 0.00359444
0.610352 0.136754
0.611328 0.0177699
0.612305 0.0803663
0.613281 0.16547
0.614258 0.202343
0.615234 0.00299608
0.616211 -0.00127779
0.617188 0.0907626
0.618164 -0.046917
0.619141 0.0459012
0.620117 0.241315
0.621094 0.126777
0.62207 -0.124266
0.623047 -0.0185903
0.624023 0.11129
0.625 0.0195268
0.625977 -0.147265
0.626953 -0.0973809
0.62793 -0.00645488
0.628906 0.0132961
0.629883 0.0994118
0.630859 -0.104561
0.631836 0.0857483
0.632812 0.07821
0.633789 0.0691845
0.634766 0.0453889
0.635742 -0.014483
0.636719 0.036718
0.637695 0.0752579
0.638672 0.159201
0.639648 0.0498859
0.640625 0.23783
0.641602 0.144908
0.642578 0.111612
0.643555 -0.0166914
0.644531 0.137934
0.645508 -0.0651363
0.646484 0.169321
0.647461 0.0464273
0.648438 0.0771558
0.649414 -0.00206189
0.650391 0.0323069
0.651367 0.0407538
0.652344 0.143543
0.65332 0.0238558
0.654297 0.155754
0.655273 0.0334867
0.65625 0.145078
0.657227 0.0415658
0.658203 0.0386716
0.65918 -0.0323905
0.660156 0.079141
0.661133 0.0767817
0.662109 -0.0720731
0.663086 0.0580308
0.664062 -0.0152737
0.665039 -0.0336053
0.666016 -0.0938427
0.666992 0.077028
0.667969 0.231037
0.668945 0.11381
0.669922 -0.0552552
0.670898 0.0357948
0.671875 -0.0172138
0.672852 0.0777016
0.673828 -0.0191498
0.674805 0.0138806
0.675781 0.217168
0.676758 -0.0941108
0.677734 0.0416742
0.678711 -0.0764577
0.679688 0.0175633
0.680664 0.0716154
0.681641 0.178294
0.682617 0.117664
0.683594 0.075152
0.68457 0.0478278
0.685547 0.116826
0.686523 0.0656069
0.6875 -0.101428
0.688477 0.0272785
0.689453 -0.0498633
0.69043 0.0789338
0.691406 -0.14956
0.692383 0.0986569
0.693359 0.118221
0.694336 0.0672751
0.695312 0.293215
0.696289 0.106761
0.697266 0.100127
0.698242 0.0357005
0.699219 0.220535
0.700195 0.0296438
0.701172 0.0743066
0.702148 0.0119239
0.703125 0.0379477
0.704102 0.241736
0.705078 0.0193563
0.706055 0.0442544
0.707031 -0.184728
0.708008 0.237006
0.708984 0.0693777
0.709961 0.060725
0.710938 0.0746532
0.711914 0.0979257
0.712891 0.116848
0.713867 0.00152796
0.714844 -0.0105802
0.71582 0.0105979
0.716797 -0.0668775
0.717773 0.17706
0.71875 0.0512991
0.719727 0.0232501
0.720703 0.0611373
0.72168 -0.0676861
0.722656 -0.0693591
0.723633 -0.0258983
0.724609 0.100013
0.725586 -0.0317437
0.726562 -0.0248244
0.727539 0.0479539
0.728516 0.133213
0.729492 0.000226122
0.730469 -0.0370327
0.731445 0.0197866
0.732422 -0.0961448
0.733398 0.0793755
0.734375 0.143263
0.735352 0.114981
0.736328 -0.0426839
0.737305 0.170927
0.738281 -0.0515831
0.739258 -0.13668
0.740234 0.0729341
0.741211 -0.0590359
0.742188 0.0899114
0.743164 0.0395093
0.744141 0.00472037
0.745117 0.0393881
0.746094 -0.0770284
0.74707 -0.0658419
0.748047 0.148573
0.749023 0.0844355
0.75 -0.110805
0.750977 -0.167829
0.751953 -0.0447824
0.75293 -0.0315074
0.753906 -0.0413369
0.754883 0.145165
0.755859 0.0230492
0.756836 -0.0503855
0.757812 -0.0145332
0.758789 0.0729073
0.759766 0.193502
0.760742 0.0957954
0.761719 0.0270695
0.762695 0.0301721
0.763672 0.139451
0.764648 0.0767237
0.765625 0.034879
0.766602 0.00500835
0.767578 0.0427
0.768555 0.172199
0.769531 -0.0118886
0.770508 -0.105897
0.771484 0.0847842
0.772461 0.0386933
0.773438 -0.00103717
0.774414 -0.0580968
0.775391 0.189262
0.776367 0.081646
0.777344 0.0315267
0.77832 0.0841874
0.779297 0.154273
0.780273 0.152056
0.78125 0.252888
0.782227 0.173217
0.783203 0.169421
0.78418 0.0122498
0.785156 0.0778262
0.786133 0.0443672
0.787109 -0.105137
0.788086 -0.0289574
0.789062 0.156139
0.790039 0.0266939
0.791016 0.127703
0.791992 0.0448711
0.792969 0.106404
0.793945 0.194817
0.794922 0.0202841
0.795898 -0.0116375
0.796875 0.0975652
0.797852 -0.0713972
0.798828 0.0344976
0.799805 -0.23235
0.800781 0.137985
0.801758 0.129246
0.802734 0.0485944
0.803711 -0.00215196
0.804688 -0.139113
0.805664 0.0912528
0.806641 -0.08955
0.807617 0.245932
0.808594 0.235606
0.80957 0.159055
0.810547 0.0649967
0.811523 -0.0560022
0.8125 -0.00237844
0.813477 -0.169637
0.814453 0.127849
0.81543 0.103865
0.816406 -0.0349194
0.817383 -0.0793773
0.818359 0.192176
0.819336 0.0903845
0.820312 -0.122186
0.821289 -0.101815
0.822266 0.0416024
0.823242 0.0487646
0.824219 0.0874335
0.825195 -0.00551231
0.826172 -0.0776957
0.827148 -0.0967126
0.828125 0.214357
0.829102 -0.0253773
0.830078 0.031827
0.831055 -0.0405954
0.832031 -0.00527871
0.833008 -0.00187863
0.833984 0.106371
0.834961 -0.00223211
0.835938 0.109562
0.836914 0.078889
0.837891 -0.0118972
0.838867 0.052109
0.839844 0.0173599
0.84082 0.213714
0.841797 -0.0933503
0.842773 0.067432
0.84375 0.0281926
0.844727 0.073424
0.845703 0.158978
0.84668 -0.0377691
0.847656 0.146792
0.848633 0.16899
0.849609 -0.0390512
0.850586 0.112909
0.851562 0.0247759
0.852539 -0.0235488
0.853516 -0.0350904
0.854492 -0.0826854
0.855469 0.0881691
0.856445 0.0137441
0.857422 0.26859
0.858398 -0.0342385
0.859375 -0.105639
0.860352 -0.0171364
0.861328 0.015015
0.862305 -0.0262854
0.863281 0.18919
0.864258 -0.000419704
0.865234 0.00169587
0.866211 0.0838146
0.867188 0.0723766
0.868164 0.0691782
0.869141 0.0345732
0.870117 -0.0529901
0.871094 -0.0116494
0.87207 0.0546561
0.873047 -0.041412
0.874023 0.195253
0.875 -0.0129549
0.875977 0.0643421
0.876953 0.0149709
0.87793 0.123334
0.878906 0.0589671
0.879883 -0.0228478
0.880859 0.0582305
0.881836 -0.00145712
0.882812 -0.0461509
0.883789 -0.0419217
0.884766 -0.0193349
0.885742 0.0335741
0.886719 -0.0246687
0.887695 -0.0677542
0.888672 -0.122244
0.889648 -0.0924851
0.890625 -0.0892379
0.891602 0.00918804
0.892578 -0.00648769
0.893555 -0.174742
0.894531 0.00757991
0.895508 0.0464207
0.896484 0.139676
0.897461 0.0127407
0.898438 0.0511355
0.899414 0.0424575
0.900391 -0.0316911
0.901367 0.0467058
0.902344 -0.108042
0.90332 0.0170563
0.904297 0.159041
0.905273 0.241725
0.90625 0.115087
0.907227 -0.082862
0.908203 -0.0796487
0.90918 0.0450614
0.910156 0.0582461
0.911133 0.112246
0.912109 0.0312445
0.913086 0.0786586
0.914062 -0.197376
0.915039 0.0579368
0.916016 0.126875
0.916992 0.284541
0.917969 0.0168569
0.918945 0.133401
0.919922 0.0708966
0.920898 0.0930264
0.921875 0.0891853
0.922852 -0.151117
0.923828 0.163176
0.924805 0.1008
0.925781 0.0563597
0.926758 -0.0442455
0.927734 -0.0680035
0.928711 -0.0654561
0.929688 -0.0241677
0.930664 0.037311
0.931641 0.10769
0.932617 0.196301
0.933594 0.0353738
0.93457 0.00464691
0.935547 0.158793
0.936523 0.213574
0.9375 0.150193
0.938477 0.219034
0.939453 0.107911
0.94043 -0.0616643
0.941406 -0.00559215
0.942383 0.214526
0.943359 0.120111
0.944336 0.112562
0.945312 0.0931551
0.946289 0.102986
0.947266 0.0165302
0.948242 0.0356258
0.949219 -0.0676511
0.950195 0.016777
0.951172 -0.0621693
0.952148 0.00526316
0.953125 0.103787
0.954102 0.142593
0.955078 0.29522
0.956055 0.079037
0.957031 0.0651588
0.958008 0.108636
0.958984 0.105925
0.959961 0.00762162
0.960938 -0.0337383
0.961914 -0.0249573
0.962891 -0.0858046
0.963867 0.0296185
0.964844 -0.0178329
0.96582 -0.0528303
0.966797 0.0771282
0.967773 0.0830127
0.96875 0.17175
0.969727 0.0182843
0.970703 -0.00510823
0.97168 0.0985016
0.972656 0.166266
0.973633 -0.0483408
0.974609 -0.0707898
0.975586 0.0555515
0.976562 -0.0737809
0.977539 0.127812
0.978516 0.0556203
0.979492 0.00382109
0.980469 -0.149302
0.981445 0.0373864
0.982422 -0.066824
0.983398 0.0398483
0.984375 -0.0294717
0.985352 -0.145661
0.986328 -0.119291
0.987305 -0.0604129
0.988281 -0.0124994
0.989258 -0.0696296
0.990234 -0.164785
0.991211 -0.173981
0.992188 0.0510797
0.993164 -0.056594
0.994141 0.0973308
0.995117 -0.00378636
0.996094 0.0460697
0.99707 -0.0945999
0.998047 -0.00697547
0.999023 0.0335348
1 0.127
1.00098 0.0311202
1.00195 0.117924
1.00293 0.0143395
1.00391 -0.128113
1.00488 0.0740817
1.00586 0.0897534
1.00684 0.0086982
1.00781 -0.00497035
1.00879 -0.0425318
1.00977 -0.0324909
1.01074 0.052597
1.01172 0.070911
1.0127 -0.00450436
1.01367 -0.0759674
1.01465 0.0287075
1.01562 0.0266896
1.0166 -0.0854352
1.01758 0.0564356
1.01855 0.124507
1.01953 -0.0485388
1.02051 0.0345215
1.02148 -0.136431
1.02246 -0.153158
1.02344 0.0337871
1.02441 -0.00194529
1.02539 -0.105463
1.02637 -0.0484157
1.02734 0.0667923
1.02832 0.0409666
1.0293 0.00481481
1.03027 -0.071508
1.03125 0.0715892
1.03223 0.000195203
1.0332 0.068455
1.03418 -0.00640041
1.03516 -0.00400289
1.03613 0.0953607
1.03711 -0.0248707
1.03809 0.0859764
1.03906 -0.0339676
1.04004 -0.100436
1.04102 -0.0535751
1.04199 0.0804515
1.04297 0.113333
1.04395 -0.0706492
1.04492 -0.143399
1.0459 -0.0915528
1.04688 -0.013519
1.04785 -0.05211
1.04883 -0.0308006
1.0498 -0.104905
1.05078 0.114288
1.05176 -0.0620142
1.05273 0.104085
1.05371 0.0680326
1.05469 -0.0468921
1.05566 -0.0245517
1.05664 0.0461866
1.05762 -0.123491
1.05859 0.0801932
1.05957 0.12122
1.06055 0.00625117
1.06152 0.00812521
1.0625 -0.0663888
1.06348 0.11484
1.06445 0.214984
1.06543 -0.0677245
1.06641 0.0128136
1.06738 -0.234578
1.06836 -0.101915
1.06934 -0.0789601
1.07031 -0.145271
1.07129 -0.134862
1.07227 0.0178185
1.07324 0.136385
1.07422 -0.0557042
1.0752 0.0655499
1.07617 0.0409478
1.07715 -0.0268635
1.07812 -0.0160013
1.0791 -0.00907788
1.08008 -0.0236849
1.08105 -0.00289205
1.08203 -0.119527
1.08301 -0.0437328
1.08398 -0.122482
1.08496 0.143562
1.08594 0.0140056
1.08691 -0.0821967
1.08789 0.229771
1.08887 0.00365773
1.08984 -0.107149
1.09082 0.0132707
1.0918 0.0850227
1.09277 -0.0821147
1.09375 0.160374
1.09473 -0.106037
1.0957 -0.0347146
1.09668 0.121948
1.09766 -0.0491908
1.09863 0.120867
1.09961 0.0155579
1.10059 -0.148483
1.10156 -0.0662925
1.10254 0.0285285
1.10352 0.211082
1.10449 0.0979595
1.10547 0.0588939
1.10645 0.00392385
1.10742 0.120091
1.1084 -0.0240692
1.10938 0.0930309
1.11035 0.0117048
1.11133 -0.127804
1.1123 -0.274831
1.11328 -0.138954
1.11426 0.0580499
1.11523 0.0229918
1.11621 -0.0538938
1.11719 0.00150252
1.11816 0.0515171
1.11914 -0.0637559
1.12012 0.0575382
1.12109 0.0857303
1.12207 0.00801539
1.12305 -0.0127946
1.12402 -0.104203
1.125 -0.103346
1.12598 -0.187775
1.12695 0.11646
1.12793 -0.180459
1.12891 -0.151967
1.12988 0.199449
1.13086 0.00443245
1.13184 -0.117182
1.13281 0.0208184
1.13379 0.0399873
1.13477 0.169678
1.13574 -0.0103438
1.13672 0.117407
1.1377 0.0412478
1.13867 0.00713564
1.13965 0.0941812
1.14062 0.202354
1.1416 0.133895
1.14258 -0.0877323
1.14355 -0.00862693
1.14453 0.0362142
1.14551 -0.0400364
1.14648 -0.0875512
1.14746 -0.00826177
1.14844 0.168356
1.14941 -0.0453914
1.15039 0.00827609
1.15137 0.00773825
1.15234 -0.0179974
1.15332 0.0918195
1.1543 0.0271509
1.15527 0.0247124
1.15625 0.0540781
1.15723 0.153994
1.1582 0.047376
1.15918 0.128454
1.16016 0.0499877
1.16113 -0.217677
1.16211 0.0661543
1.16309 0.248812
1.16406 0.101129
1.16504 -0.017852
1.16602 0.119004
1.16699 0.0110796
1.16797 0.122614
1.16895 -0.0562313
1.16992 -0.0276672
1.1709 -0.0161007
1.17188 -0.131408
1.17285 0.111249
1.17383 0.0972839
1.1748 0.0492184
1.17578 0.108406
1.17676 -0.0167606
1.17773 0.0315062
1.17871 0.114788
1.17969 -0.0349812
1.18066 -0.0527865
1.18164 0.0160963
1.18262 0.0695622
1.18359 -0.054397
1.18457 0.0415658
1.18555 0.137902
1.18652 -0.0665945
1.1875 -0.0292768
1.18848 0.04218
1.18945 0.0168414
1.19043 0.0702611
1.19141 -0.0605114
1.19238 0.0536051
1.19336 0.097664
1.19434 -0.0436074
1.19531 -0.0220083
1.19629 0.176212
1.19727 -0.0368174
1.19824 -0.0184041
1.19922 -0.0147581
1.2002 -0.00767288
1.20117 -0.127121
1.20215 0.0554791
1.20312 0.0903853
1.2041 -0.091631
1.20508 -0.0455748
1.20605 -0.0708821
1.20703 0.123419
1.20801 0.0834949
1.20898 -0.049101
1.20996 -0.110899
1.21094 -0.0775413
1.21191 -0.0212616
1.21289 0.0980691
1.21387 -0.018013
1.21484 -0.00319036
1.21582 0.0369825
1.2168 0.068493
1.21777 0.0164583
1.21875 0.0377852
1.21973 -0.167598
1.2207 0.0158732
1.22168 -0.130252
1.22266 -0.0552265
1.22363 -0.0735565
1.22461 -0.209533
1.22559 0.0149133
1.22656 -0.155387
1.22754 0.0127569
1.22852 -0.0661534
1.22949 0.186001
1.23047 0.0712196
1.23145 0.102249
1.23242 -0.0693294
1.2334 -0.078213
1.23438 0.0792789
1.23535 -0.0142479
1.23633 0.0724656
1.2373 -0.0953537
1.23828 -0.000838464
1.23926 0.107511
1.24023 0.10314
1.24121 0.103276
1.24219 0.0794636
1.24316 0.053121
1.24414 -0.0238193
1.24512 -0.0502092
1.24609 -0.265917
1.24707 -0.157156
1.24805 -0.0982915
1.24902 -0.0555149
1.25 -0.0547012
1.25098 0.103051
1.25195 -0.0356561
1.25293 0.0636266
1.25391 0.0473093
1.25488 0.102912
1.25586 0.102519
1.25684 0.181546
1.25781 -0.0820744
1.25879 0.0934856
1.25977 0.172897
1.26074 0.212037
1.26172 -0.0130196
1.2627 0.0255549
1.26367 -0.015416
1.26465 0.127108
1.26562 0.0389026
1.2666 -0.073352
1.26758 -0.117711
1.26855 0.102922
1.26953 -0.168884
1.27051 -0.00802641
1.27148 0.0398065
1.27246 -0.110371
1.27344 0.00696691
1.27441 0.104581
1.27539 -0.075252
1.27637 0.0243182
1.27734 -0.0337224
1.27832 -0.085235
1.2793 -0.0855665
1.28027 0.0202427
1.28125 -0.0402456
1.28223 0.0944785
1.2832 -0.0337193
1.28418 0.00314575
1.28516 -0.190967
1.28613 -0.0575796
1.28711 -0.00303723
1.28809 -0.0246216
1.28906 -0.0550447
1.29004 -0.119021
1.29102 -0.0357699
1.29199 -0.0131037
1.29297 0.00698424
1.29395 -0.124928
1.29492 0.127095
1.2959 -0.00512287
1.29688 -0.0317533
1.29785 0.0345124
1.29883 -0.0504811
1.2998 0.0753423
1.30078 -0.069949
1.30176 0.0718361
1.30273 0.0486901
1.30371 -0.0126948
1.30469 -0.133289
1.30566 0.0746803
1.30664 -0.0846833
1.30762 -0.0459416
1.30859 -0.101474
1.30957 0.0160101
1.31055 0.0107769
1.31152 -0.160243
1.3125 -0.0217514
1.31348 0.198025
1.31445 0.0706755
1.31543 0.117847
1.31641 -0.00405061
1.31738 0.0557252
1.31836 0.079851
1.31934 0.00535056
1.32031 -0.174391
1.32129 0.0469702
1.32227 0.0051451
1.32324 -0.108277
1.32422 0.048195
1.3252 0.0285302
1.32617 0.0960757
1.32715 -0.0369377
1.32812 0.167973
1.3291 0.0598842
1.33008 -0.161607
1.33105 -0.0698544
1.33203 0.151783
1.33301 0.0939061
1.33398 -0.139964
1.33496 -0.0495111
1.33594 -0.0845942
1.33691 0.0871479
1.33789 0.0186061
1.33887 0.143156
1.33984 -0.0838318
1.34082 -0.0860833
1.3418 -0.0935684
1.34277 -0.116517
1.34375 0.0262007
1.34473 0.0785106
1.3457 -0.173031
1.34668 0.0612666
1.34766 -0.0275789
1.34863 0.220255
1.34961 -0.0155036
1.35059 0.0289491
1.35156 0.0418143
1.35254 -0.139196
1.35352 -0.0171473
1.35449 0.0536601
1.35547 0.0309851
1.35645 0.0812628
1.35742 0.12592
1.3584 0.0785468
1.35938 0.0951936
1.36035 0.0517209
1.36133 -0.0410933
1.3623 0.0946955
1.36328 0.000108837
1.36426 -0.0105615
1.36523 -0.0909374
1.36621 0.133622
1.36719 0.0868876
1.36816 0.0430615
1.36914 -0.120348
1.37012 -0.0691943
1.37109 -0.0399008
1.37207 0.011425
1.37305 0.101062
1.37402 0.0115451
1.375 -0.129864
1.37598 -0.115952
1.37695 -0.0378463
1.37793 -0.119631
1.37891 -0.0420566
1.37988 0.0294341
1.38086 0.183635
1.38184 0.195073
1.38281 0.0268568
1.38379 -0.0706826
1.38477 0.0562619
1.38574 0.00750631
1.38672 0.0429342
1.3877 -0.0303085
1.38867 -0.119038
1.38965 0.0603027
1.39062 -0.181283
1.3916 0.124982
1.39258 -0.1504
1.39355 0.0354985
1.39453 0.125522
1.39551 0.00819172
1.39648 0.0549122
1.39746 0.0356292
1.39844 -0.218155
1.39941 0.0864289
1.40039 -0.0804247
1.40137 0.20595
1.40234 0.040527
1.40332 0.0550562
1.4043 0.145851
1.40527 -0.198597
1.40625 0.109247
1.40723 -0.0576201
1.4082 -0.160653
1.40918 0.0426365
1.41016 0.0119813
1.41113 0.0515944
1.41211 -0.141422
1.41309 0.023811
1.41406 0.135536
1.41504 0.0403561
1.41602 0.0345163
1.41699 0.0387137
1.41797 0.0401758
1.41895 0.0118942
1.41992 0.0553296
1.4209 -0.103131
1.42188 0.0416501
1.42285 0.0593247
1.42383 0.00737914
1.4248 -0.0996199
1.42578 0.196613
1.42676 0.10246
1.42773 -0.0679105
1.42871 0.0136805
1.42969 -0.0191005
1.43066 0.00683489
1.43164 0.0575775
1.43262 0.0217359
1.43359 -0.0376165
1.43457 0.0769783
1.43555 -0.0621627
1.43652 0.0189857
1.4375 0.126665
1.43848 -0.106689
1.43945 0.130777
1.44043 0.0889286
1.44141 -0.0406616
1.44238 -0.0416664
1.44336 0.0418982
1.44434 -0.0270471
1.44531 0.134803
1.44629 -0.247748
1.44727 -0.029968
1.44824 0.0628596
1.44922 0.00228865
1.4502 -0.104017
1.45117 0.0414315
1.45215 0.0680836
1.45312 0.019049
1.4541 0.0175645
1.45508 -0.0165373
1.45605 -0.0524545
1.45703 0.0755102
1.45801 0.144227
1.45898 -0.101789
1.45996 0.0437731
1.46094 0.0984682
1.46191 -0.0505437
1.46289 -0.0892457
1.46387 -0.0139294
1.46484 -0.0749737
1.46582 0.0193952
1.4668 -0.0668539
1.46777 0.0476066
1.46875 0.0409196
1.46973 -0.166058
1.4707 0.0316755
1.47168 0.00233829
1.47266 0.0912381
1.47363 0.0333524
1.47461 0.172208
1.47559 -0.0319554
1.47656 0.0853164
1.47754 -0.019352
1.47852 0.0943862
1.47949 -0.0273212
1.48047 -0.106874
1.48145 -0.0992139
1.48242 0.10573
1.4834 0.09782
1.48438 -0.066462
1.48535 0.0530697
1.48633 0.16828
1.4873 0.00144794
1.48828 0.0096534
1.48926 0.0435532
1.49023 -0.0509851
1.49121 0.101488
1.49219 0.143825
1.49316 -0.0788556
1.49414 0.00381396
1.49512 0.106436
1.49609 -0.00966881
1.49707 0.0680203
1.49805 0.185941
1.49902 0.121567
1.5 0.0521555
1.50098 -0.160534
1.50195 -0.0695192
1.50293 -0.0489039
1.50391 0.0627463
1.50488 0.0593082
1.50586 -0.044776
1.50684 -0.0511771
1.50781 0.0697969
1.50879 -0.104056
1.50977 0.163594
1.51074 -0.101925
1.51172 -0.0467581
1.5127 0.0394127
1.51367 0.0901248
1.51465 0.153159
1.51562 0.0306033
1.5166 0.10575
1.51758 0.0492964
1.51855 -0.109351
1.51953 -0.0311737
1.52051 0.0865702
1.52148 0.110582
1.52246 -0.00747765
1.52344 -0.0125368
1.52441 -0.055534
1.52539 -0.13709
1.52637 -0.0021618
1.52734 -0.0885679
1.52832 -0.00398205
1.5293 0.0934426
1.53027 0.00575926
1.53125 -0.1164
1.53223 -0.0256662
1.5332 0.0131316
1.53418 -0.0940482
1.53516 0.141097
1.53613 0.0236715
1.53711 -0.104638
1.53809 -0.0370359
1.53906 -0.0180927
1.54004 0.136591
1.54102 -0.0445217
1.54199 0.0168595
1.54297 -0.0554932
1.54395 0.0208794
1.54492 -0.0496802
1.5459 0.00147262
1.54688 -0.0498432
1.54785 0.0936603
1.54883 0.10411
1.5498 -0.014274
1.55078 -0.00995271
1.55176 -0.11725
1.55273 -0.0878116
1.55371 -0.153612
1.55469 -0.0106087
1.55566 0.147687
1.55664 0.123976
1.55762 0.00789763
1.55859 0.0273633
1.55957 0.0207505
1.56055 -0.00882893
1.56152 0.0116975
1.5625 -0.117752
1.56348 -0.218635
1.56445 -0.137686
1.56543 -0.12597
1.56641 0.0246105
1.56738 -0.00362135
1.56836 0.0566465
1.56934 -0.0153096
1.57031 -0.0404087
1.57129 0.0752427
1.57227 -0.028007
1.57324 0.101721
1.57422 -0.148177
1.5752 0.0419422
1.57617 0.211602
1.57715 -0.0108162
1.57812 -0.00755237
1.5791 0.0460701
1.58008 0.0066852
1.58105 0.0435792
1.58203 0.140603
1.58301 0.0562288
1.58398 0.0631608
1.58496 -0.12676
1.58594 -0.0164938
1.58691 -0.049682
1.58789 -0.110009
1.58887 -0.0078899
1.58984 -0.0590701
1.59082 0.199188
1.5918 -0.0305832
1.59277 -0.127428
1.59375 -0.035606
1.59473 -0.00269749
1.5957 -0.0453227
1.59668 -0.127268
1.59766 0.104553
1.59863 0.0652488
1.59961 0.146172
1.60059 0.0428614
1.60156 0.0960122
1.60254 -0.0801356
1.60352 0.0167868
1.60449 0.00624745
1.60547 0.112947
1.60645 0.138392
1.60742 0.0556619
1.6084 -0.148838
1.60938 0.156419
1.61035 -0.0217189
1.61133 -0.00799196
1.6123 0.0333712
1.61328 -0.0186053
1.61426 0.0366022
1.61523 0.235775
1.61621 0.192391
1.61719 0.000281087
1.61816 -0.155245
1.61914 -0.011388
1.62012 -0.174754
1.62109 0.0522003
1.62207 0.208523
1.62305 -0.00195096
1.62402 0.0536652
1.625 0.292489
1.62598 -0.131133
1.62695 0.112282
1.62793 0.107445
1.62891 0.0411426
1.62988 -0.161945
1.63086 0.00695454
1.63184 -0.0498887
1.63281 -0.0316327
1.63379 0.0276546
1.63477 0.238278
1.63574 0.0800056
1.63672 0.0435871
1.6377 -0.00259915
1.63867 0.127411
1.63965 -0.0578512
1.64062 -0.0912719
1.6416 -0.0551271
1.64258 0.102001
1.64355 -0.124664
1.64453 -0.0754784
1.64551 -0.0144396
1.64648 0.0385529
1.64746 0.099025
1.64844 0.00448001
1.64941 0.0357118
1.65039 -0.0555844
1.65137 -0.195616
1.65234 -0.0247101
1.65332 -0.00494858
1.6543 -0.0168273
1.65527 0.116987
1.65625 -0.166535
1.65723 0.00709281
1.6582 0.156262
1.65918 -0.0513119
1.66016 0.0780708
1.66113 -0.11882
1.66211 -0.120807
1.66309 0.0433398
1.66406 0.155831
1.66504 0.00935727
1.66602 0.032684
1.66699 -0.18925
1.66797 -0.0294927
1.66895 0.111968
1.66992 -0.217227
1.6709 -0.124962
1.67188 0.157879
1.67285 0.0809079
1.67383 0.0197616
1.6748 0.0383643
1.67578 0.0101793
1.67676 0.0451376
1.67773 -0.0127218
1.67871 -0.0317219
1.67969 -0.0163842
1.68066 0.130134
1.68164 -0.0338143
1.68262 -0.0149868
1.68359 0.10255
1.68457 0.0843953
1.68555 0.155499
1.68652 -0.107454
1.6875 0.112309
1.68848 -0.115747
1.68945 0.0510572
1.69043 -0.108899
1.69141 -0.141999
1.69238 -0.147619
1.69336 0.0475928
1.69434 0.0163147
1.69531 0.121132
1.69629 -0.0854349
1.69727 0.0319067
1.69824 0.0252286
1.69922 0.0503835
1.7002 0.00580718
1.70117 0.119222
1.70215 -0.112293
1.70312 0.102073
1.7041 -0.0223678
1.70508 0.0455919
1.70605 0.000928616
1.70703 -0.000775866
1.70801 0.0734623
1.70898 0.0831913
1.70996 -0.0682104
1.71094 0.0119436
1.71191 0.0897961
1.71289 0.0272965
1.71387 0.0433882
1.71484 -0.0328618
1.71582 -0.356235
1.7168 -0.072062
1.71777 -0.136818
1.71875 0.0786294
1.71973 -0.0689233
1.7207 -0.0704759
1.72168 0.0444243
1.72266 0.0553596
1.72363 0.0877535
1.72461 0.0173196
1.72559 0.015966
1.72656 -0.052796
1.72754 -0.0996661
1.72852 -0.0990239
1.72949 -0.124838
1.73047 -0.00592199
1.73145 0.0987165
1.73242 0.00875043
1.7334 -0.11476
1.73438 0.103989
1.73535 0.0966905
1.73633 0.058297
1.7373 0.0379734
1.73828 0.00510683
1.73926 -0.0441566
1.74023 -0.0746016
1.74121 0.196788
1.74219 0.0676892
1.74316 -0.301334
1.74414 -0.107832
1.74512 -0.037883
1.74609 -0.147292
1.74707 -0.130878
1.74805 0.110834
1.74902 -0.152248
1.75 0.183586
1.75098 0.0443141
1.75195 -0.0132566
1.75293 -0.024929
1.75391 0.0816669
1.75488 0.178219
1.75586 0.0696595
1.75684 0.0734434
1.75781 -0.10865
1.75879 -0.0520321
1.75977 -0.028477
1.76074 0.135963
1.76172 -0.0430568
1.7627 -0.0463161
1.76367 -0.0856949
1.76465 -0.0889902
1.76562 -0.118992
1.7666 -0.0197736
1.76758 0.0575333
1.76855 0.113386
1.76953 0.0125633
1.77051 0.0200234
1.77148 0.110398
1.77246 -0.0266234
1.77344 -0.0378171
1.77441 0.11383
1.77539 -0.0732175
1.77637 0.0805883
1.77734 -0.0285541
1.77832 -0.0586029
1.7793 0.140799
1.78027 -0.164842
1.78125 -0.0712475
1.78223 0.119137
1.7832 -0.025317
1.78418 0.0470232
1.78516 -0.119082
1.78613 -0.237568
1.78711 -0.229949
1.78809 -0.0582819
1.78906 -0.106282
1.79004 -0.103542
1.79102 0.0723202
1.79199 -0.0309976
1.79297 -0.0719523
1.79395 -0.131331
1.79492 -0.0380956
1.7959 0.0857619
1.79688 0.0295402
1.79785 -0.013826
1.79883 0.218615
1.7998 0.079683
1.80078 0.141486
1.80176 -0.108824
1.80273 0.101872
1.80371 -0.0195747
1.80469 -0.153013
1.80566 0.0977573
1.80664 0.165854
1.80762 -0.0095981
1.80859 0.0989556
1.80957 -0.070747
1.81055 -0.0281064
1.81152 0.0762487
1.8125 0.0503318
1.81348 0.0312656
1.81445 0.161576
1.81543 0.0561064
1.81641 -0.0191552
1.81738 0.0167614
1.81836 0.246763
1.81934 0.0655143
1.82031 -0.0955628
1.82129 -0.134432
1.82227 -0.126331
1.82324 -0.0453398
1.82422 0.0916525
1.8252 0.0287506
1.82617 0.0239622
1.82715 -0.0973413
1.82812 -0.152438
1.8291 0.0236549
1.83008 -0.10919
1.83105 0.00497223
1.83203 -0.0206845
1.83301 -0.20922
1.83398 -0.0118352
1.83496 0.124381
1.83594 0.047262
1.83691 0.0615134
1.83789 -0.0122201
1.83887 -0.0196849
1.83984 0.228505
1.84082 0.115428
1.8418 0.044944
1.84277 0.00976778
1.84375 0.183243
1.84473 0.104727
1.8457 0.112696
1.84668 0.127754
1.84766 -0.0293155
1.84863 -0.114928
1.84961 -0.104819
1.85059 0.0783753
1.85156 -0.0632298
1.85254 -0.0460837
1.85352 0.159707
1.85449 0.102395
1.85547 -0.0542295
1.85645 -0.0144734
1.85742 -0.044917
1.8584 0.0445748
1.85938 -0.0810738
1.86035 0.114254
1.86133 0.0857226
1.8623 0.0772966
1.86328 0.0315076
1.86426 -0.0948845
1.86523 -0.1121
1.86621 0.209541
1.86719 0.0449233
1.86816 0.185965
1.86914 0.00768533
1.87012 -0.0107292
1.87109 -0.131911
1.87207 0.10507
1.87305 0.108538
1.87402 0.056862
1.875 0.0269249
1.87598 -0.0153908
1.87695 0.0187741
1.87793 -0.00429377
1.87891 -0.139399
1.87988 -0.0085794
1.88086 0.0450308
1.88184 -0.139546
1.88281 0.0391039
1.88379 -0.0292535
1.88477 0.00495449
1.88574 0.051648
1.88672 0.112739
1.8877 -0.00850365
1.88867 0.136539
1.88965 -0.201593
1.89062 0.0248476
1.8916 0.134831
1.89258 0.00289814
1.89355 -0.0592682
1.89453 -0.0765297
1.89551 -0.00490229
1.89648 0.118507
1.89746 -0.0424171
1.89844 0.249521
1.89941 -0.0868848
1.90039 0.0814279
1.90137 0.0042655
1.90234 -0.0389176
1.90332 -0.187306
1.9043 0.0737351
1.90527 -0.0674875
1.90625 -0.0733242
1.90723 0.209937
1.9082 0.110424
1.90918 0.0738951
1.91016 0.0601656
1.91113 0.0940083
1.91211 -0.123313
1.91309 0.0238296
1.91406 0.0718712
1.91504 0.140706
1.91602 0.0550067
1.91699 0.0152354
1.91797 0.0027303
1.91895 0.0179323
1.91992 -0.170954
1.9209 0.0287281
1.92188 0.194724
1.92285 0.145807
1.92383 0.103171
1.9248 -0.0391628
1.92578 -0.134599
1.92676 -0.222233
1.92773 -0.027035
1.92871 0.121063
1.92969 -0.00242402
1.93066 -0.0427576
1.93164 0.090133
1.93262 0.12641
1.93359 0.186075
1.93457 0.151833
1.93555 -0.0215764
1.93652 0.0366783
1.9375 0.0977837
1.93848 0.037654
1.93945 0.27023
1.94043 -0.0475985
1.94141 -0.0305454
1.94238 -0.0136259
1.94336 -0.0121354
1.94434 0.271213
1.94531 0.0698302
1.94629 0.191796
1.94727 0.0592931
1.94824 0.0187508
1.94922 -0.0074127
1.9502 -0.0173784
1.95117 0.0251615
1.95215 -0.105627
1.95312 0.247452
1.9541 0.0197647
1.95508 0.0569011
1.95605 0.147928
1.95703 0.0767178
1.95801 -0.247526
1.95898 0.133644
1.95996 0.0212011
1.96094 0.0538139
1.96191 -0.0750848
1.96289 0.036719
1.96387 0.128245
1.96484 -0.0536837
1.96582 0.142461
1.9668 -0.0385908
1.96777 0.0586493
1.96875 -0.0747194
1.96973 -0.110017
1.9707 -0.0406906
1.97168 -0.116595
1.97266 0.0855731
1.97363 0.0723245
1.97461 0.00698119
1.97559 -0.20222
1.97656 0.0771865
1.97754 -0.164556
1.97852 -0.0901103
1.97949 -0.206868
1.98047 0.0337982
1.98145 0.070379
1.98242 0.0116372
1.9834 0.145329
1.98438 0.0352141
1.98535 -0.248982
1.98633 0.0602033
1.9873 -0.0121061
1.98828 0.135182
1.98926 0.0304813
1.99023 0.0193053
1.99121 0.144583
1.99219 -0.0100217
1.99316 0.13456
1.99414 -0.0103881
1.99512 0.120815
1.99609 -0.02504
1.99707 0.0467515
1.99805 -0.0113755
1.99902 0.0566732
