0 0.0185459
0.000976562 0.000146297
0.00195312 0.0407471
0.00292969 0.0330292
0.00390625 0.0327426
0.00488281 -0.0691931
0.00585938 0.00951378
0.00683594 0.0316109
0.0078125 0.0621405
0.00878906 -0.0640322
0.00976562 0.000323261
0.0107422 0.00523289
0.0117188 -0.000199244
0.0126953 0.00557285
0.0136719 -0.0528897
0.0146484 0.024011
0.015625 -0.0160573
0.0166016 0.0339049
0.0175781 -0.0114781
0.0185547 0.0301895
0.0195312 -0.0227826
0.0205078 0.00875839
0.0214844 -0.0723541
0.0224609 -0.00921079
0.0234375 -0.0553465
0.0244141 0.0159529
0.0253906 0.000212607
0.0263672 -0.0517608
0.0273438 0.0205533
0.0283203 0.00808584
0.0292969 0.0761432
0.0302734 0.0365167
0.03125 0.0351769
0.0322266 0.0520836
0.0332031 -0.022912
0.0341797 0.112338
0.0351562 0.0939159
0.0361328 0.0260559
0.0371094 0.0268358
0.0380859 0.035323
0.0390625 -0.0543854
0.0400391 -0.00888183
0.0410156 0.0445642
0.0419922 0.051975
0.0429688 -0.062933
0.0439453 -0.00311949
0.0449219 0.00841606
0.0458984 -0.0217775
0.046875 0.0265569
0.0478516 0.0400907
0.0488281 0.108625
0.0498047 0.0478021
0.0507812 -0.087588
0.0517578 -0.00793553
0.0527344 -0.032922
0.0537109 -0.0464522
0.0546875 -0.075267
0.0556641 0.0746719
0.0566406 0.0225085
0.0576172 -0.000192133
0.0585938 -0.0317536
0.0595703 -0.0423981
0.0605469 -0.0607054
0.0615234 -0.0419746
0.0625 -0.0453225
0.0634766 0.0158153
0.0644531 0.0666964
0.0654297 -0.0160211
0.0664062 0.0218673
0.0673828 -0.0307405
0.0683594 -0.00304639
0.0693359 -0.0642456
0.0703125 -0.0617542
0.0712891 -0.0548651
0.0722656 0.0250428
0.0732422 -0.00597732
0.0742188 -0.00735982
0.0751953 0.0221621
0.0761719 -0.0478224
0.0771484 0.00543986
0.078125 -0.0470851
0.0791016 -0.0674463
0.0800781 0.00898227
0.0810547 -0.024493
0.0820312 0.0431986
0.0830078 0.00706113
0.0839844 0.0332262
0.0849609 -0.0140445
0.0859375 0.0230788
0.0869141 0.0341116
0.0878906 0.00728757
0.0888672 -0.0129645
0.0898438 0.0787603
0.0908203 0.0456142
0.0917969 0.0460085
0.0927734 0.107427
0.09375 0.0794349
0.0947266 0.0601388
0.0957031 -0.0241567
0.0966797 -0.0192278
0.0976562 -0.0262306
0.0986328 0.0795873
0.0996094 0.140792
0.100586 0.0750086
0.101562 0.0870186
0.102539 0.0502854
0.103516 -0.038867
0.104492 -0.0400437
0.105469 -0.044183
0.106445 -0.0837456
0.107422 0.0616536
0.108398 -0.0271436
0.109375 -0.00588014
0.110352 0.0169773
0.111328 -0.0435135
0.112305 -0.0538806
0.113281 0.0728335
0.114258 0.0607444
0.115234 -0.014266
0.116211 0.0133821
0.117188 0.0640563
0.118164 0.0516519
0.119141 0.053011
0.120117 0.0035549
0.121094 0.072981
0.12207 -0.00892166
0.123047 -0.0336707
0.124023 -0.00122555
0.125 -0.0194734
0.125977 -0.033656
0.126953 0.0127612
0.12793 0.0223527
0.128906 0.0272698
0.129883 0.0796635
0.130859 -0.00515553
0.131836 -0.0131886
0.132812 0.0108597
0.133789 0.0374441
0.134766 -0.00587321
0.135742 0.0189536
0.136719 0.0342152
0.137695 0.0176256
0.138672 -0.0195303
0.139648 -0.0503263
0.140625 0.0102555
0.141602 0.0392671
0.142578 0.125062
0.143555 0.0240526
0.144531 -0.037777
0.145508 -0.0462028
0.146484 0.0503723
0.147461 -0.0992822
0.148438 -0.101311
0.149414 0.0686958
0.150391 0.089901
0.151367 0.0212457
0.152344 0.0351079
0.15332 0.0337975
0.154297 0.0435389
0.155273 0.072598
0.15625 0.0516369
0.157227 0.0879905
0.158203 -0.00894223
0.15918 0.0120723
0.160156 -0.0330738
0.161133 0.018729
0.162109 -0.0351972
0.163086 0.0270179
0.164062 -0.0086637
0.165039 0.0948199
0.166016 0.0643782
0.166992 0.010856
0.167969 0.0369662
0.168945 0.00276129
0.169922 0.0343361
0.170898 0.0444364
0.171875 0.0455637
0.172852 0.0277177
0.173828 0.0425619
0.174805 0.08482
0.175781 0.00948206
0.176758 -0.0295462
0.177734 0.0483645
0.178711 0.0598325
0.179688 0.0698722
0.180664 -0.00444364
0.181641 0.0802731
0.182617 0.084723
0.183594 -0.0620345
0.18457 -0.010718
0.185547 0.0665566
0.186523 0.016917
0.1875 -0.0413437
0.188477 0.085681
0.189453 -0.0304346
0.19043 0.000906006
0.191406 -0.0984039
0.192383 0.0753674
0.193359 0.00245327
0.194336 0.0483298
0.195312 -0.0402759
0.196289 0.0540885
0.197266 0.0347883
0.198242 -0.0475555
0.199219 -0.0154339
0.200195 -0.0529864
0.201172 0.054923
0.202148 -0.0248443
0.203125 -0.0295929
0.204102 -0.0561163
0.205078 -0.0226574
0.206055 -0.0364997
0.207031 0.0561838
0.208008 0.0158454
0.208984 -0.00358656
0.209961 -0.0114998
0.210938 0.0228047
0.211914 0.0326572
0.212891 0.0327362
0.213867 -0.0554062
0.214844 0.0552185
0.21582 0.0389299
0.216797 0.0480325
0.217773 0.0505905
0.21875 0.0235818
0.219727 0.0645732
0.220703 0.0502053
0.22168 0.0294416
0.222656 -0.0343262
0.223633 -0.0569874
0.224609 0.0611807
0.225586 0.0776249
0.226562 0.0278222
0.227539 0.0219059
0.228516 -0.0265859
0.229492 0.059947
0.230469 0.00144907
0.231445 -0.0424523
0.232422 0.0381563
0.233398 0.0221895
0.234375 0.0248161
0.235352 0.00716753
0.236328 -0.00528818
0.237305 0.00461577
0.238281 -0.00105497
0.239258 -0.0265807
0.240234 0.0470931
0.241211 0.0333143
0.242188 -0.0445576
0.243164 0.039275
0.244141 0.0662739
0.245117 0.122239
0.246094 0.0363499
0.24707 0.0533912
0.248047 -0.022288
0.249023 0.00784298
0.25 -0.0306609
0.250977 0.0261074
0.251953 0.00785808
0.25293 0.0485103
0.253906 0.0504704
0.254883 -0.0519054
0.255859 -0.0317175
0.256836 -0.0673721
0.257812 -0.00195671
0.258789 -0.0202356
0.259766 0.00983686
0.260742 0.0339229
0.261719 -0.0158482
0.262695 0.0139411
0.263672 0.000201523
0.264648 0.0400877
0.265625 -0.00223764
0.266602 0.0152691
0.267578 0.0325833
0.268555 0.0648744
0.269531 0.014711
0.270508 -0.0388323
0.271484 0.0551234
0.272461 -0.0438743
0.273438 0.0161494
0.274414 -0.0509961
0.275391 0.0219729
0.276367 0.0501234
0.277344 0.00457456
0.27832 0.0306519
0.279297 0.0197453
0.280273 0.0874357
0.28125 0.0319173
0.282227 0.0586616
0.283203 0.0876047
0.28418 0.0346231
0.285156 -0.0441796
0.286133 -0.0236953
0.287109 -0.0271474
0.288086 0.0371957
0.289062 0.0547293
0.290039 -0.00693852
0.291016 0.0687525
0.291992 0.00924875
0.292969 -0.0509516
0.293945 0.0171184
0.294922 0.016688
0.295898 0.0843573
0.296875 0.000721623
0.297852 0.0206599
0.298828 0.0974009
0.299805 0.0678187
0.300781 0.0213032
0.301758 -0.0477948
0.302734 -0.0157061
0.303711 -0.0285979
0.304688 0.00677855
0.305664 0.0251868
0.306641 0.051363
0.307617 0.0230852
0.308594 0.0331854
0.30957 -0.104793
0.310547 0.0774912
0.311523 0.0308739
0.3125 0.03336
0.313477 0.0111565
0.314453 -0.0069458
0.31543 0.0150507
0.316406 0.0568078
0.317383 0.020945
0.318359 -0.0256834
0.319336 -0.00170554
0.320312 -0.0388564
0.321289 0.108033
0.322266 -0.0391057
0.323242 -0.0149678
0.324219 -0.0232077
0.325195 0.0375932
0.326172 -0.00971238
0.327148 0.00316381
0.328125 0.0135094
0.329102 0.118634
0.330078 0.0128499
0.331055 0.0898816
0.332031 0.0675677
0.333008 -0.0357491
0.333984 0.057562
0.334961 0.0105393
0.335938 0.00496413
0.336914 0.0485396
0.337891 0.0534749
0.338867 0.0455715
0.339844 -0.0214148
0.34082 0.0339875
0.341797 0.0619108
0.342773 0.0063408
0.34375 0.0629139
0.344727 -0.0603935
0.345703 0.00874828
0.34668 -0.0417116
0.347656 -0.00363697
0.348633 -0.0164984
0.349609 -0.0559141
0.350586 -0.0246207
0.351562 0.0430657
0.352539 0.0100491
0.353516 0.0178673
0.354492 -0.0233493
0.355469 -0.0313385
0.356445 0.0771123
0.357422 0.0592921
0.358398 -0.0141029
0.359375 0.0592263
0.360352 0.0192266
0.361328 0.0446492
0.362305 0.0361084
0.363281 0.0203616
0.364258 0.00827599
0.365234 -0.0220323
0.366211 -0.0341486
0.367188 0.00434103
0.368164 -0.0494982
0.369141 0.0555342
0.370117 0.0265285
0.371094 0.0130556
0.37207 0.0339405
0.373047 0.0132415
0.374023 -0.0449305
0.375 -0.072909
0.375977 -0.0135243
0.376953 -0.0109836
0.37793 -0.0479781
0.378906 0.0120568
0.379883 0.0299234
0.380859 0.0793698
0.381836 0.0857704
0.382812 0.0439406
0.383789 0.0589483
0.384766 0.034192
0.385742 0.0246315
0.386719 -0.0451528
0.387695 -0.0216837
0.388672 0.0400749
0.389648 0.0468155
0.390625 0.0686721
0.391602 0.0361591
0.392578 -0.0703072
0.393555 0.0689965
0.394531 0.0991693
0.395508 0.14213
0.396484 0.00729416
0.397461 -0.00962011
0.398438 -0.071491
0.399414 -0.0762104
0.400391 0.0540794
0.401367 0.0344761
0.402344 0.00248315
0.40332 0.0615203
0.404297 -0.00793671
0.405273 -0.0293928
0.40625 -0.0437216
0.407227 0.03436
0.408203 -0.042267
0.40918 -0.0159357
0.410156 0.022408
0.411133 -0.0658951
0.412109 0.0823304
0.413086 -0.0386585
0.414062 -0.0864825
0.415039 0.0468899
0.416016 0.0334055
0.416992 0.0812748
0.417969 0.0254464
0.418945 -0.0206391
0.419922 0.00271195
0.420898 0.0446087
0.421875 0.00580045
0.422852 0.0991479
0.423828 0.0484901
0.424805 0.00241264
0.425781 -0.00936409
0.426758 0.0181579
0.427734 0.0643906
0.428711 -0.0491093
0.429688 -0.0362894
0.430664 0.0224952
0.431641 -0.0582718
0.432617 0.0378335
0.433594 -0.0277204
0.43457 0.0383727
0.435547 0.0790124
0.436523 -0.0193112
0.4375 0.0660285
0.438477 -0.0554416
0.439453 0.0256035
0.44043 0.0172975
0.441406 0.053869
0.442383 0.0524449
0.443359 -0.0135807
0.444336 -0.0545137
0.445312 -0.0201821
0.446289 0.0943772
0.447266 0.0784762
0.448242 0.0324917
0.449219 -0.0222513
0.450195 -0.0589344
0.451172 0.0792119
0.452148 0.0749268
0.453125 0.0965281
0.454102 0.0764078
0.455078 -0.0294524
0.456055 0.0410711
0.457031 -0.00984039
0.458008 0.0258866
0.458984 0.089743
0.459961 0.000962995
0.460938 0.013569
0.461914 0.0090399
0.462891 -0.0275418
0.463867 -0.00276516
0.464844 0.0476144
0.46582 -0.0490403
0.466797 0.124414
0.467773 -0.0900693
0.46875 -0.0670778
0.469727 -0.0645812
0.470703 0.0788794
0.47168 0.0326829
0.472656 0.00978206
0.473633 0.0563094
0.474609 -0.00790997
0.475586 -0.0426815
0.476562 0.096492
0.477539 0.0902598
0.478516 0.0300264
0.479492 -0.0265626
0.480469 -0.00412627
0.481445 0.0413527
0.482422 0.0205797
0.483398 0.00783384
0.484375 0.0437132
0.485352 0.0226395
0.486328 0.0697655
0.487305 0.0999188
0.488281 0.0548657
0.489258 -0.0076466
0.490234 0.0508507
0.491211 0.0350965
0.492188 -0.0862899
0.493164 -0.0922742
0.494141 -0.0116918
0.495117 -0.0356026
0.496094 0.0051925
0.49707 -0.00460406
0.498047 0.00458307
0.499023 0.030222
0.5 0.045882
0.500977 -0.0560416
0.501953 -0.0433008
0.50293 0.0472453
0.503906 0.01407
0.504883 -0.151095
0.505859 0.0456645
0.506836 -0.073716
0.507812 0.102853
0.508789 -0.0278299
0.509766 0.03169
0.510742 0.0498563
0.511719 -0.0492234
0.512695 0.0176401
0.513672 -0.0366352
0.514648 0.0118155
0.515625 0.0252164
0.516602 0.0235876
0.517578 0.00564726
0.518555 -0.0217051
0.519531 -0.0411974
0.520508 0.0593238
0.521484 0.0207506
0.522461 0.0570678
0.523438 -0.0106213
0.524414 -0.0263796
0.525391 -0.0544262
0.526367 0.00351258
0.527344 0.0311807
0.52832 0.0218791
0.529297 0.0666695
0.530273 -0.0180191
0.53125 0.00753591
0.532227 0.125463
0.533203 0.0560774
0.53418 -0.0249171
0.535156 0.0387854
0.536133 -0.0358546
0.537109 0.021508
0.538086 0.027137
0.539062 0.078639
0.540039 0.0520631
0.541016 -0.0475241
0.541992 0.039411
0.542969 0.0493762
0.543945 -0.0418336
0.544922 -0.00403691
0.545898 0.0649661
0.546875 0.0195927
0.547852 -0.0248685
0.548828 0.0792957
0.549805 0.0205904
0.550781 0.0839133
0.551758 0.0415067
0.552734 -0.00834332
0.553711 0.132779
0.554688 0.0346384
0.555664 0.00661725
0.556641 0.036001
0.557617 0.0361072
0.558594 -0.0444206
0.55957 -0.0132795
0.560547 -0.0298234
0.561523 -0.0171979
0.5625 -0.030462
0.563477 0.0952292
0.564453 0.043115
0.56543 0.0131321
0.566406 -0.0279796
0.567383 0.00803285
0.568359 -0.0419913
0.569336 -0.0349126
0.570312 -0.056744
0.571289 -0.0660116
0.572266 -0.0167209
0.573242 -0.0819695
0.574219 0.0408188
0.575195 -0.0821261
0.576172 0.0774663
0.577148 -0.0414139
0.578125 -0.0772252
0.579102 -0.0548327
0.580078 0.042515
0.581055 0.0262286
0.582031 0.0444954
0.583008 0.0221622
0.583984 0.00673988
0.584961 -0.0188362
0.585938 0.076394
0.586914 -0.014304
0.587891 0.00883632
0.588867 0.0716233
0.589844 0.620094
0.59082 0.74
0.591797 0.31141
0.592773 0.0843254
0.59375 0.0418836
0.594727 0.0930105
0.595703 -0.043356
0.59668 0.0683385
0.597656 0.0137407
0.598633 0.0283233
0.599609 -0.0184344
0.600586 0.1015
0.601562 -0.105986
0.602539 -0.00144377
0.603516 -0.0788981
0.604492 0.0165859
0.605469 -0.0201465
0.606445 0.0167081
0.607422 -0.0309756
0.608398 0.0346099
0.609375 -0.00100467
0.610352 0.122402
0.611328 0.0466387
0.612305 0.00432997
0.613281 0.0182268
0.614258 0.0236122
0.615234 0.0310017
0.616211 -0.0300814
0.617188 0.0126645
0.618164 0.0792929
0.619141 -0.0488435
0.620117 0.0338522
0.621094 -0.00205904
0.62207 -0.00497015
0.623047 -0.0506738
0.624023 -0.00628334
0.625 0.0337786
0.625977 0.0257263
0.626953 0.0246173
0.62793 -0.0232262
0.628906 0.0103711
0.629883 -0.104241
0.630859 0.00582885
0.631836 -0.0160719
0.632812 0.00150352
0.633789 0.013727
0.634766 0.0081964
0.635742 0.034301
0.636719 -0.0116563
0.637695 0.0451562
0.638672 0.00493507
0.639648 0.0409366
0.640625 -0.0144062
0.641602 0.00940821
0.642578 -0.0291382
0.643555 -0.00886728
0.644531 0.0302031
0.645508 0.0960065
0.646484 0.0662167
0.647461 0.0328485
0.648438 0.0776769
0.649414 0.0644441
0.650391 -0.00785538
0.651367 0.0406879
0.652344 0.00659532
0.65332 -0.0698964
0.654297 -0.0196389
0.655273 0.0347266
0.65625 -0.000272175
0.657227 0.0816744
0.658203 0.024643
0.65918 0.00715679
0.660156 -0.0644898
0.661133 0.0158269
0.662109 -0.0434962
0.663086 0.0515726
0.664062 -0.0330858
0.665039 0.0194089
0.666016 0.0584132
0.666992 0.163891
0.667969 -0.0304085
0.668945 0.00569632
0.669922 -0.0357283
0.670898 0.0551835
0.671875 0.0561005
0.672852 0.0481844
0.673828 0.00537313
0.674805 -0.0912822
0.675781 0.0641516
0.676758 0.0384366
0.677734 -0.00426905
0.678711 0.0470005
0.679688 -0.0249582
0.680664 -0.0404007
0.681641 0.0406998
0.682617 -0.02027
0.683594 0.0740596
0.68457 0.0301191
0.685547 -0.0717598
0.686523 -0.00924508
0.6875 0.0229618
0.688477 0.0558227
0.689453 0.0707942
0.69043 -0.0639281
0.691406 -0.035236
0.692383 0.0159973
0.693359 0.0298009
0.694336 0.0577221
0.695312 0.0245549
0.696289 -0.00804865
0.697266 -0.0314402
0.698242 -0.0535573
0.699219 0.0807933
0.700195 -0.0133083
0.701172 0.00805855
0.702148 0.0529479
0.703125 0.018842
0.704102 0.00189773
0.705078 -0.0151119
0.706055 -0.0331216
0.707031 -0.0505015
0.708008 -0.0500272
0.708984 0.120162
0.709961 0.0598787
0.710938 0.00493864
0.711914 0.0685581
0.712891 0.0729104
0.713867 -0.00045996
0.714844 0.00624296
0.71582 0.0946543
0.716797 -0.01824
0.717773 -0.0440885
0.71875 0.142215
0.719727 -0.0480729
0.720703 0.0264524
0.72168 0.100416
0.722656 0.0387349
0.723633 -0.0170166
0.724609 -0.016951
0.725586 0.019761
0.726562 -0.00759472
0.727539 -0.0166909
0.728516 -0.0018584
0.729492 -0.0114808
0.730469 0.0501487
0.731445 0.0505994
0.732422 -0.056276
0.733398 -0.051176
0.734375 -0.0298345
0.735352 0.00771864
0.736328 -0.0481959
0.737305 -0.0564598
0.738281 0.00669062
0.739258 -0.0467487
0.740234 0.00498458
0.741211 -0.0281581
0.742188 0.12501
0.743164 -0.00233662
0.744141 0.0153708
0.745117 -0.0247214
0.746094 -0.0412395
0.74707 0.0393092
0.748047 -0.00335654
0.749023 0.0141169
0.75 0.0195116
0.750977 0.0432433
0.751953 0.00271348
0.75293 0.000429085
0.753906 0.0409073
0.754883 0.0305103
0.755859 0.00677261
0.756836 0.0587629
0.757812 0.0214939
0.758789 0.00127022
0.759766 -0.100334
0.760742 -0.0226501
0.761719 -0.0435805
0.762695 -0.0835018
0.763672 -0.000279038
0.764648 0.0393568
0.765625 -0.0296398
0.766602 0.01719
0.767578 0.0790353
0.768555 0.0415802
0.769531 0.0133967
0.770508 -0.0608053
0.771484 -0.0602094
0.772461 0.00949155
0.773438 0.0520513
0.774414 0.0746442
0.775391 0.0480331
0.776367 0.0391075
0.777344 0.058752
0.77832 0.0206316
0.779297 0.0560373
0.780273 -0.00276712
0.78125 0.00647704
0.782227 -0.00996653
0.783203 0.0884678
0.78418 -0.0360926
0.785156 -0.0687402
0.786133 0.0107076
0.787109 0.0648536
0.788086 0.0316654
0.789062 -0.0432329
0.790039 0.0238529
0.791016 0.0259356
0.791992 -0.0545732
0.792969 0.0636361
0.793945 0.0109694
0.794922 0.0239678
0.795898 0.0148399
0.796875 -0.0081369
0.797852 0.00832005
0.798828 0.013571
0.799805 0.0165076
0.800781 -0.0169822
0.801758 0.107556
0.802734 0.0106713
0.803711 0.0127856
0.804688 -0.0588036
0.805664 0.0905535
0.806641 0.0476571
0.807617 -0.0250483
0.808594 -0.065998
0.80957 0.00770271
0.810547 0.00719517
0.811523 0.00204295
0.8125 0.0519224
0.813477 -0.0772571
0.814453 0.0301435
0.81543 -0.0212989
0.816406 0.120161
0.817383 -0.0417227
0.818359 0.0801242
0.819336 -0.0252245
0.820312 -0.043448
0.821289 0.0121237
0.822266 0.0625742
0.823242 0.00266346
0.824219 -0.0383826
0.825195 0.018419
0.826172 -0.00614322
0.827148 -0.0395052
0.828125 0.0674229
0.829102 -0.00188287
0.830078 0.0538631
0.831055 0.0297804
0.832031 0.079419
0.833008 -0.0191196
0.833984 0.0791461
0.834961 0.0153046
0.835938 0.010326
0.836914 0.0656484
0.837891 0.00337306
0.838867 -0.0287416
0.839844 -0.0238653
0.84082 0.0214861
0.841797 0.0356366
0.842773 -0.0159448
0.84375 -0.0341195
0.844727 -0.0160649
0.845703 0.0283908
0.84668 -0.0752482
0.847656 0.0463131
0.848633 0.0513148
0.849609 -0.0400882
0.850586 -0.0612402
0.851562 -0.0115667
0.852539 0.104047
0.853516 0.00566476
0.854492 -0.0189508
0.855469 -0.00122721
0.856445 -0.0437134
0.857422 -0.0230855
0.858398 0.0177086
0.859375 -0.0616528
0.860352 -0.0689555
0.861328 0.0116502
0.862305 -0.00126091
0.863281 0.0237965
0.864258 -0.0778203
0.865234 -0.0113494
0.866211 -0.0200278
0.867188 -0.0147316
0.868164 0.0123304
0.869141 -0.00978615
0.870117 0.0541644
0.871094 0.00444433
0.87207 -0.0168989
0.873047 0.0845464
0.874023 0.0354605
0.875 -0.0157465
0.875977 0.0564389
0.876953 0.00482245
0.87793 0.0442928
0.878906 0.0538273
0.879883 0.122687
0.880859 -0.0700592
0.881836 -0.0950394
0.882812 0.0692972
0.883789 0.0639554
0.884766 0.0413908
0.885742 -0.0237557
0.886719 0.0700163
0.887695 0.0518116
0.888672 -0.0468363
0.889648 0.00301182
0.890625 -0.00113571
0.891602 0.112875
0.892578 0.0136047
0.893555 0.0150196
0.894531 0.0533896
0.895508 0.00602005
0.896484 0.0308713
0.897461 0.0254506
0.898438 -0.0474545
0.899414 -0.0020215
0.900391 0.00963965
0.901367 0.0370979
0.902344 0.0843774
0.90332 0.0368577
0.904297 0.00322047
0.905273 -0.0309596
0.90625 -0.050959
0.907227 -0.0542629
0.908203 0.0422472
0.90918 0.022174
0.910156 0.0849239
0.911133 0.107114
0.912109 0.0743256
0.913086 -0.035511
0.914062 0.0458185
0.915039 0.0694794
0.916016 -0.0545241
0.916992 -0.0270465
0.917969 0.00103938
0.918945 0.0392649
0.919922 0.0551293
0.920898 -0.046238
0.921875 0.0215468
0.922852 0.0953235
0.923828 0.0224106
0.924805 0.0158356
0.925781 0.0196641
0.926758 0.00552523
0.927734 0.0399686
0.928711 -0.0550202
0.929688 -0.0163765
0.930664 0.0600351
0.931641 0.0909345
0.932617 0.0378464
0.933594 0.0452067
0.93457 0.0108084
0.935547 0.0791482
0.936523 0.0288937
0.9375 0.011038
0.938477 0.086612
0.939453 0.0497332
0.94043 0.00297055
0.941406 -0.0888841
0.942383 0.0545191
0.943359 0.0308646
0.944336 -0.0719635
0.945312 -0.0534538
0.946289 0.0424164
0.947266 0.0419061
0.948242 0.00564917
0.949219 0.0184664
0.950195 0.0715652
0.951172 0.0726638
0.952148 0.0694912
0.953125 0.0760836
0.954102 -0.0151209
0.955078 0.0438224
0.956055 0.0181655
0.957031 -0.00497163
0.958008 -0.0196066
0.958984 -0.00694018
0.959961 0.051852
0.960938 -0.0762367
0.961914 -0.0158469
0.962891 0.0244657
0.963867 0.0915261
0.964844 0.077007
0.96582 -0.00183973
0.966797 0.014072
0.967773 -0.00553699
0.96875 0.0159689
0.969727 -0.0302897
0.970703 -0.0534417
0.97168 -0.019938
0.972656 0.114491
0.973633 0.044214
0.974609 0.107375
0.975586 -0.000261169
0.976562 -0.0279546
0.977539 0.0203397
0.978516 0.0168773
0.979492 -0.0249913
0.980469 0.020031
0.981445 -0.0159536
0.982422 -0.0237559
0.983398 0.0299189
0.984375 0.0245168
0.985352 0.0599278
0.986328 0.0083001
0.987305 -0.00341827
0.988281 0.00184195
0.989258 -0.0183459
0.990234 -0.0464602
0.991211 0.00702393
0.992188 -0.00753411
0.993164 0.049063
0.994141 0.02326
0.995117 0.0531137
0.996094 -0.0479487
0.99707 0.00085095
0.998047 -0.0539679
0.999023 -0.076838
1 0.00689257
1.00098 0.0522653
1.00195 0.0376702
1.00293 0.0263597
1.00391 0.0480622
1.00488 -0.0353611
1.00586 0.021107
1.00684 0.0155407
1.00781 0.0069104
1.00879 -0.00850313
1.00977 0.0304353
1.01074 0.0162951
1.01172 0.0307998
1.0127 -0.0653835
1.01367 -0.0868829
1.01465 0.00461286
1.01562 0.0270288
1.0166 -0.000483021
1.01758 -0.0266492
1.01855 -0.0314215
1.01953 -0.053744
1.02051 0.0207597
1.02148 0.0672933
1.02246 -0.0497035
1.02344 0.0430485
1.02441 0.0349522
1.02539 -0.000450545
1.02637 0.0661572
1.02734 0.0197075
1.02832 0.0295333
1.0293 0.0774233
1.03027 0.0271104
1.03125 -0.0281415
1.03223 0.050666
1.0332 -0.00497378
1.03418 0.046317
1.03516 -0.0377999
1.03613 0.0275402
1.03711 0.00502439
1.03809 -0.0810967
1.03906 -0.0883306
1.04004 0.0164257
1.04102 0.0201328
1.04199 -0.0149754
1.04297 0.0844785
1.04395 0.0146369
1.04492 -0.099826
1.0459 -0.0145081
1.04688 -0.0684665
1.04785 0.00190053
1.04883 0.0230045
1.0498 0.0525597
1.05078 0.0617054
1.05176 0.0448135
1.05273 0.0810427
1.05371 -0.030563
1.05469 0.0230459
1.05566 -0.0366972
1.05664 0.0635067
1.05762 0.0475715
1.05859 0.0604561
1.05957 -0.0762949
1.06055 0.00901815
1.06152 0.0242025
1.0625 0.0166774
1.06348 0.0732664
1.06445 0.0629116
1.06543 0.112894
1.06641 0.0193594
1.06738 0.0349434
1.06836 0.0701832
1.06934 -0.0148157
1.07031 -0.00190526
1.07129 0.0185294
1.07227 -0.0394069
1.07324 0.0103925
1.07422 -0.0191983
1.0752 0.000284044
1.07617 7.80198e-05
1.07715 0.0571535
1.07812 0.0753009
1.0791 -0.0566013
1.08008 -0.000678055
1.08105 -0.0163126
1.08203 -0.0475974
1.08301 0.0608257
1.08398 -0.0519285
1.08496 -0.059386
1.08594 -0.0498139
1.08691 -0.027445
1.08789 -0.0159405
1.08887 0.0556371
1.08984 0.0374724
1.09082 0.0156574
1.0918 -0.0258753
1.09277 0.0645959
1.09375 -0.0250113
1.09473 0.0357052
1.0957 0.0869161
1.09668 0.110903
1.09766 -0.0222653
1.09863 -0.0811847
1.09961 0.0273552
1.10059 0.0268412
1.10156 -0.0347462
1.10254 0.0396768
1.10352 -0.0209976
1.10449 -0.0279186
1.10547 -0.0284402
1.10645 -0.0591104
1.10742 0.0456977
1.1084 0.090958
1.10938 0.0288382
1.11035 0.0543238
1.11133 0.0314406
1.1123 0.000667249
1.11328 0.000411212
1.11426 0.0178871
1.11523 -0.0131854
1.11621 0.0563509
1.11719 -0.0567006
1.11816 -0.00796601
1.11914 0.0236509
1.12012 0.0304351
1.12109 -0.0243851
1.12207 0.0576955
1.12305 -0.0170665
1.12402 0.0153855
1.125 0.0303918
1.12598 0.035586
1.12695 0.00455602
1.12793 0.00690189
1.12891 0.046299
1.12988 -0.0165767
1.13086 0.0391328
1.13184 -0.0473416
1.13281 0.0388395
1.13379 -0.0497946
1.13477 -0.0481614
1.13574 0.0103077
1.13672 -0.0301319
1.1377 -0.0113456
1.13867 -0.0129404
1.13965 -0.0262621
1.14062 0.0315788
1.1416 0.0280833
1.14258 0.0183864
1.14355 0.0239806
1.14453 -0.0587802
1.14551 0.010097
1.14648 0.00563344
1.14746 0.0845873
1.14844 -0.0603716
1.14941 0.0123034
1.15039 0.0947748
1.15137 0.143824
1.15234 0.0272347
1.15332 -0.0728785
1.1543 0.023212
1.15527 0.0486535
1.15625 -0.0162501
1.15723 0.0493065
1.1582 -0.00382062
1.15918 0.00377113
1.16016 0.0393478
1.16113 0.0391213
1.16211 0.0205061
1.16309 0.00306762
1.16406 0.0451612
1.16504 -0.0578431
1.16602 0.0825334
1.16699 0.00204144
1.16797 -0.0158494
1.16895 0.0455165
1.16992 -0.0208836
1.1709 0.0135267
1.17188 -0.0211929
1.17285 0.0454673
1.17383 0.0691095
1.1748 0.0192779
1.17578 -0.0393645
1.17676 -0.0416136
1.17773 0.0321833
1.17871 -0.0132247
1.17969 0.0277031
1.18066 0.0626567
1.18164 0.0481864
1.18262 0.00251882
1.18359 0.0316983
1.18457 0.0138298
1.18555 0.061121
1.18652 0.00908112
1.1875 -0.0492924
1.18848 -0.00342548
1.18945 -0.0604512
1.19043 0.0453134
1.19141 0.0395962
1.19238 0.0223536
1.19336 0.091799
1.19434 0.0827932
1.19531 -0.00620649
1.19629 0.143492
1.19727 0.00221126
1.19824 0.0187774
1.19922 -0.0633861
1.2002 -0.0105644
1.20117 -0.00911222
1.20215 0.00626309
1.20312 0.00140389
1.2041 -0.0185711
1.20508 -0.0236327
1.20605 -0.0578675
1.20703 0.0745542
1.20801 -0.0305109
1.20898 0.0871745
1.20996 0.0122271
1.21094 -0.00817354
1.21191 0.0372414
1.21289 0.105246
1.21387 0.0197182
1.21484 0.0421942
1.21582 0.020959
1.2168 0.0704707
1.21777 0.0417053
1.21875 0.0454273
1.21973 -0.0602953
1.2207 0.103481
1.22168 0.0361616
1.22266 0.0743415
1.22363 0.0117861
1.22461 0.0475724
1.22559 -0.00997609
1.22656 -0.0346578
1.22754 0.00746248
1.22852 -0.0201926
1.22949 0.00488095
1.23047 0.0243687
1.23145 0.0524036
1.23242 0.0345039
1.2334 0.0254196
1.23438 0.0360878
1.23535 0.0736564
1.23633 0.0495633
1.2373 -0.0162689
1.23828 0.0104657
1.23926 0.0781867
1.24023 -0.0073281
1.24121 -0.00755066
1.24219 -0.0571355
1.24316 0.0321365
1.24414 -0.0441163
1.24512 0.0486524
1.24609 0.0167591
1.24707 0.0324025
1.24805 0.00444017
1.24902 0.0871399
1.25 0.00273158
1.25098 0.0645028
1.25195 -0.0956871
1.25293 0.0293972
1.25391 0.046817
1.25488 0.0384267
1.25586 0.0629628
1.25684 -0.00862047
1.25781 0.0294299
1.25879 0.0587015
1.25977 0.0177637
1.26074 -0.0141487
1.26172 0.0987267
1.2627 0.0113775
1.26367 0.0412954
1.26465 -0.0138545
1.26562 0.114083
1.2666 0.0407272
1.26758 -0.00750397
1.26855 0.0259726
1.26953 0.0259644
1.27051 0.0766621
1.27148 0.0667114
1.27246 0.0182657
1.27344 0.0266169
1.27441 0.024486
1.27539 -0.033425
1.27637 0.141784
1.27734 0.0462248
1.27832 -0.017747
1.2793 -0.0678588
1.28027 -0.0287797
1.28125 -0.0683128
1.28223 0.114655
1.2832 0.0836126
1.28418 -0.0305367
1.28516 0.00903478
1.28613 -0.0708357
1.28711 -0.0644149
1.28809 -0.00774427
1.28906 -0.0465526
1.29004 -0.026582
1.29102 0.0760573
1.29199 0.0246532
1.29297 0.0348356
1.29395 -0.0339566
1.29492 0.00656188
1.2959 -0.042471
1.29688 -0.0317929
1.29785 -0.00347237
1.29883 -0.0207234
1.2998 0.0330371
1.30078 0.0563484
1.30176 0.00692445
1.30273 -0.0024432
1.30371 0.0461327
1.30469 0.000833238
1.30566 -0.0590027
1.30664 0.0670161
1.30762 0.0665574
1.30859 0.0276602
1.30957 0.0588621
1.31055 0.0161971
1.31152 0.09328
1.3125 0.0118217
1.31348 -0.0400981
1.31445 0.07235
1.31543 -0.0648349
1.31641 -0.0616617
1.31738 -0.062663
1.31836 0.0149946
1.31934 -0.0471153
1.32031 0.0475898
1.32129 0.115068
1.32227 0.102476
1.32324 -0.0157367
1.32422 0.0632549
1.3252 0.000117083
1.32617 0.00460265
1.32715 0.000276521
1.32812 -0.0124058
1.3291 0.0180217
1.33008 0.0207554
1.33105 -0.0257567
1.33203 0.027577
1.33301 0.0537904
1.33398 0.080208
1.33496 0.0858085
1.33594 -0.0269134
1.33691 0.0969811
1.33789 0.0253598
1.33887 0.00547023
1.33984 -0.00637193
1.34082 0.00873941
1.3418 0.0662647
1.34277 0.0781645
1.34375 0.0295063
1.34473 0.00688144
1.3457 0.0654692
1.34668 0.00469386
1.34766 0.139883
1.34863 -0.086549
1.34961 0.079099
1.35059 0.0594174
1.35156 0.0330551
1.35254 0.053655
1.35352 0.0815692
1.35449 0.0663418
1.35547 0.0700613
1.35645 0.0672628
1.35742 -0.0711087
1.3584 0.0332413
1.35938 0.00188193
1.36035 -0.0412344
1.36133 0.00298623
1.3623 0.0253445
1.36328 -0.052362
1.36426 -0.0232675
1.36523 0.0217576
1.36621 -0.00953075
1.36719 0.019337
1.36816 0.0348633
1.36914 0.0318121
1.37012 0.0199444
1.37109 0.0168714
1.37207 -0.000256192
1.37305 0.0636346
1.37402 -0.0875202
1.375 -0.00714931
1.37598 0.00818684
1.37695 0.0230904
1.37793 0.000369112
1.37891 0.0947208
1.37988 0.101577
1.38086 0.0307516
1.38184 -0.00393538
1.38281 0.0166257
1.38379 0.0176493
1.38477 0.0230682
1.38574 -0.017937
1.38672 -0.0636593
1.3877 -0.00784409
1.38867 0.0533235
1.38965 0.00430545
1.39062 0.0515605
1.3916 0.016624
1.39258 0.0191197
1.39355 0.0323267
1.39453 0.0271663
1.39551 0.0217013
1.39648 0.0526612
1.39746 -0.0439783
1.39844 0.0509731
1.39941 0.0577503
1.40039 0.0187524
1.40137 0.0118644
1.40234 0.0417637
1.40332 0.0488488
1.4043 0.0187242
1.40527 0.0681747
1.40625 0.0608306
1.40723 -0.00713684
1.4082 -0.00486801
1.40918 0.0166411
1.41016 -0.00415621
1.41113 0.00297158
1.41211 -0.036202
1.41309 -0.0482428
1.41406 0.0387697
1.41504 -0.0209168
1.41602 0.0137168
1.41699 -0.0765879
1.41797 0.00224109
1.41895 -0.0193146
1.41992 0.0624627
1.4209 -0.0613021
1.42188 0.0078258
1.42285 0.0871856
1.42383 -0.0477115
1.4248 -0.0816648
1.42578 -0.0113005
1.42676 0.0346325
1.42773 0.0530949
1.42871 0.0679627
1.42969 -0.0296459
1.43066 0.0199751
1.43164 -0.0184483
1.43262 0.0731694
1.43359 0.0735276
1.43457 0.125029
1.43555 0.0382543
1.43652 0.110864
1.4375 0.0270673
1.43848 0.037418
1.43945 0.0224062
1.44043 0.0208337
1.44141 0.0403994
1.44238 -0.0937455
1.44336 0.000721692
1.44434 -0.0177243
1.44531 0.0243984
1.44629 0.0535466
1.44727 -0.00447531
1.44824 -0.0930715
1.44922 0.0989601
1.4502 0.0379797
1.45117 0.0285359
1.45215 0.0326477
1.45312 0.0376856
1.4541 -0.0179422
1.45508 -0.0494239
1.45605 -0.0301334
1.45703 -0.0293564
1.45801 0.0511004
1.45898 -0.0673888
1.45996 0.0303243
1.46094 0.0775065
1.46191 0.0353559
1.46289 0.025694
1.46387 0.0372643
1.46484 -0.047957
1.46582 -0.0387463
1.4668 0.00278836
1.46777 0.0335734
1.46875 0.0352558
1.46973 -0.0281928
1.4707 -0.066304
1.47168 0.0592735
1.47266 -0.00318372
1.47363 -0.0373064
1.47461 0.061344
1.47559 0.00675353
1.47656 0.0940662
1.47754 0.00308201
1.47852 0.0751014
1.47949 0.0209257
1.48047 -0.0164982
1.48145 -0.0118046
1.48242 0.0867014
1.4834 0.050091
1.48438 0.00296849
1.48535 0.0928283
1.48633 0.0283276
1.4873 0.0296544
1.48828 0.00907107
1.48926 0.011871
1.49023 0.078603
1.49121 -0.00649196
1.49219 0.0618798
1.49316 0.0458964
1.49414 0.0601753
1.49512 0.00694025
1.49609 0.0643694
1.49707 -0.0322686
1.49805 -0.00680933
1.49902 0.103244
1.5 0.0895373
1.50098 0.00697828
1.50195 0.0187774
1.50293 -0.0806666
1.50391 0.0137312
1.50488 -0.00159734
1.50586 0.122183
1.50684 0.0585846
1.50781 0.0223974
1.50879 0.0200798
1.50977 0.0417836
1.51074 0.0813433
1.51172 -0.0995095
1.5127 0.0535665
1.51367 -0.00970614
1.51465 0.000284519
1.51562 0.0962378
1.5166 0.0317548
1.51758 0.0757401
1.51855 0.0734451
1.51953 0.0191006
1.52051 0.0734673
1.52148 0.0771906
1.52246 0.028656
1.52344 -0.0404083
1.52441 -0.0114516
1.52539 -0.0137567
1.52637 -0.086939
1.52734 0.0261539
1.52832 -0.0469721
1.5293 0.0375421
1.53027 0.0796088
1.53125 -0.0355415
1.53223 0.0129597
1.5332 -0.0186176
1.53418 0.0367674
1.53516 0.0171134
1.53613 -0.0168084
1.53711 -0.017671
1.53809 -0.0620383
1.53906 -0.00220835
1.54004 0.0654122
1.54102 -0.0496791
1.54199 -0.0515704
1.54297 0.0454132
1.54395 -0.0157417
1.54492 0.102722
1.5459 -0.0163717
1.54688 -0.0378535
1.54785 -0.0428823
1.54883 0.068735
1.5498 0.0158061
1.55078 -0.000143413
1.55176 0.0551959
1.55273 -0.00895602
1.55371 0.0693624
1.55469 0.0469146
1.55566 0.027219
1.55664 0.105587
1.55762 0.0812471
1.55859 -0.00893925
1.55957 0.0320797
1.56055 0.0198907
1.56152 -0.0321791
1.5625 0.0237417
1.56348 -0.0118925
1.56445 0.0505552
1.56543 -0.0318382
1.56641 -0.045101
1.56738 0.0308062
1.56836 0.00196962
1.56934 0.0453139
1.57031 0.0969714
1.57129 -0.0216322
1.57227 0.0581425
1.57324 -0.000983506
1.57422 -0.0721796
1.5752 0.0602413
1.57617 0.0104992
1.57715 0.121255
1.57812 0.0646432
1.5791 -0.00953422
1.58008 0.0513838
1.58105 0.0320422
1.58203 -0.0519456
1.58301 -0.0362465
1.58398 -0.0164678
1.58496 -0.0464683
1.58594 0.00587067
1.58691 0.000118854
1.58789 0.0124219
1.58887 -0.0182029
1.58984 0.0505575
1.59082 0.0652228
1.5918 0.140986
1.59277 0.0308397
1.59375 0.105363
1.59473 -0.0078132
1.5957 -0.0692765
1.59668 0.0411102
1.59766 0.0226524
1.59863 0.0413504
1.59961 0.112438
1.60059 0.0875693
1.60156 0.0578158
1.60254 -0.0297117
1.60352 0.00197507
1.60449 -0.0369685
1.60547 0.0758412
1.60645 -0.0225354
1.60742 -0.0493029
1.6084 -0.0745168
1.60938 -0.0286313
1.61035 0.0241157
1.61133 0.0107127
1.6123 -0.0285425
1.61328 -0.0111107
1.61426 0.0713075
1.61523 0.00960646
1.61621 0.108801
1.61719 -0.00413108
1.61816 0.085893
1.61914 -0.020726
1.62012 0.00520966
1.62109 -0.0438239
1.62207 0.00482893
1.62305 0.0447084
1.62402 -0.0213619
1.625 -0.0781119
1.62598 0.114819
1.62695 0.00726749
1.62793 0.0210318
1.62891 -0.00156238
1.62988 0.0840809
1.63086 -0.000654789
1.63184 -0.0142515
1.63281 -0.00700405
1.63379 0.0639684
1.63477 -0.0065033
1.63574 0.0437648
1.63672 -0.0130617
1.6377 -0.01179
1.63867 0.0512037
1.63965 0.0380436
1.64062 -0.00760088
1.6416 0.0108654
1.64258 -0.041685
1.64355 0.0774171
1.64453 0.0368471
1.64551 0.0238067
1.64648 0.0446051
1.64746 0.0228891
1.64844 -0.065985
1.64941 0.0575389
1.65039 -0.0757796
1.65137 0.0854857
1.65234 -0.0364964
1.65332 0.0748257
1.6543 -0.0319185
1.65527 -0.0564966
1.65625 -0.0312144
1.65723 -0.0464518
1.6582 0.0202816
1.65918 -0.0194687
1.66016 0.00742189
1.66113 -0.0419882
1.66211 -0.0510898
1.66309 0.0798242
1.66406 -0.0125899
1.66504 0.0244414
1.66602 -0.0214033
1.66699 -0.0660747
1.66797 -0.0625031
1.66895 -0.0629808
1.66992 0.126129
1.6709 0.0379043
1.67188 0.0488012
1.67285 -0.00908424
1.67383 0.0980818
1.6748 0.0254184
1.67578 -0.0282471
1.67676 0.0467404
1.67773 -0.00821406
1.67871 -0.0834644
1.67969 -0.0655296
1.68066 -0.0101797
1.68164 -0.0337016
1.68262 -0.0333166
1.68359 -0.0136488
1.68457 -0.0261808
1.68555 -0.0604375
1.68652 0.0543318
1.6875 0.0267966
1.68848 0.0529166
1.68945 0.0123948
1.69043 0.0607188
1.69141 0.0377674
1.69238 0.0465004
1.69336 0.0293655
1.69434 0.0277698
1.69531 0.0403583
1.69629 0.0239515
1.69727 0.0855841
1.69824 0.0377896
1.69922 0.0342948
1.7002 -0.00283607
1.70117 0.0591513
1.70215 0.0958257
1.70312 -0.067699
1.7041 0.0135479
1.70508 0.0057368
1.70605 0.0584558
1.70703 -0.00885107
1.70801 0.0149593
1.70898 -0.0160311
1.70996 0.0555197
1.71094 0.108674
1.71191 -0.0379083
1.71289 0.065838
1.71387 -0.0302078
1.71484 -0.0253165
1.71582 -0.0148715
1.7168 0.0932682
1.71777 0.0918516
1.71875 -0.0522514
1.71973 -0.0335618
1.7207 -0.0118311
1.72168 0.0617424
1.72266 -0.0319316
1.72363 0.00730268
1.72461 0.0384991
1.72559 0.0182853
1.72656 0.0472558
1.72754 -0.0450031
1.72852 0.0129586
1.72949 -0.071791
1.73047 0.0393246
1.73145 0.0523848
1.73242 0.0150018
1.7334 0.0102224
1.73438 -0.12075
1.73535 0.0543336
1.73633 -0.0168603
1.7373 0.0362746
1.73828 0.00553326
1.73926 -0.111988
1.74023 -0.00370677
1.74121 -0.0199567
1.74219 -0.0889963
1.74316 0.0479636
1.74414 -0.0653904
1.74512 0.00195159
1.74609 0.0592365
1.74707 0.011745
1.74805 0.128047
1.74902 0.034734
1.75 -0.0153136
1.75098 0.038035
1.75195 -0.00011599
1.75293 0.0898019
1.75391 0.0342178
1.75488 0.102309
1.75586 -0.00634411
1.75684 -0.00822646
1.75781 0.0234864
1.75879 -0.0183842
1.75977 -0.00246117
1.76074 -0.0352098
1.76172 0.0568736
1.7627 0.0181581
1.76367 0.0461214
1.76465 0.0888218
1.76562 -0.033185
1.7666 -0.000292013
1.76758 0.0160161
1.76855 -0.0414043
1.76953 -0.0303219
1.77051 0.0125777
1.77148 -0.0263638
1.77246 0.0241311
1.77344 0.00668375
1.77441 -0.00566855
1.77539 0.00959635
1.77637 0.0348144
1.77734 -0.042297
1.77832 -0.0119509
1.7793 -0.0403811
1.78027 -0.0308699
1.78125 0.080269
1.78223 -0.0535018
1.7832 0.0477419
1.78418 0.0466011
1.78516 -0.0300846
1.78613 -0.0591521
1.78711 0.0307523
1.78809 0.0352673
1.78906 0.0514655
1.79004 -0.0505855
1.79102 -0.0309109
1.79199 -0.023292
1.79297 -0.0212728
1.79395 -0.00111761
1.79492 0.0348713
1.7959 -0.0125124
1.79688 0.0525889
1.79785 0.050449
1.79883 0.0298567
1.7998 0.0151269
1.80078 -0.0433618
1.80176 0.00119912
1.80273 0.0553015
1.80371 0.0127842
1.80469 -0.0441215
1.80566 -0.0389428
1.80664 -0.00649936
1.80762 -0.0404606
1.80859 0.0176483
1.80957 -0.0347547
1.81055 0.0143479
1.81152 -0.0179861
1.8125 0.0155952
1.81348 0.0054629
1.81445 -0.0480661
1.81543 -0.0587531
1.81641 -0.0587436
1.81738 -0.0687348
1.81836 0.0361282
1.81934 0.0318249
1.82031 -0.0332387
1.82129 -0.121049
1.82227 -0.0107167
1.82324 0.00273022
1.82422 -0.0115262
1.8252 -0.0808051
1.82617 0.0421936
1.82715 0.0901247
1.82812 0.028152
1.8291 0.00690231
1.83008 0.012146
1.83105 -0.0506614
1.83203 0.0261601
1.83301 -0.0049087
1.83398 0.0381827
1.83496 -0.0340667
1.83594 -0.0409788
1.83691 -0.0618152
1.83789 0.0691028
1.83887 -0.00839257
1.83984 0.0291466
1.84082 -0.064788
1.8418 -0.0726402
1.84277 -0.0182504
1.84375 -0.0173153
1.84473 -0.0180292
1.8457 -0.0492872
1.84668 0.0242871
1.84766 0.0376139
1.84863 0.03472
1.84961 -0.0184522
1.85059 0.00700467
1.85156 0.110731
1.85254 0.022527
1.85352 -0.0492832
1.85449 0.0096704
1.85547 -0.0497574
1.85645 -0.0758183
1.85742 -0.0628915
1.8584 -0.013172
1.85938 0.00745105
1.86035 -0.00941265
1.86133 0.04717
1.8623 -0.0180229
1.86328 -0.0244926
1.86426 -0.00164937
1.86523 -0.0212344
1.86621 -0.0837207
1.86719 -0.0110106
1.86816 -0.072138
1.86914 -0.0785566
1.87012 0.027744
1.87109 0.0104796
1.87207 0.00356614
1.87305 -0.0456246
1.87402 -0.0203443
1.875 -0.0117768
1.87598 -0.0419478
1.87695 0.00716358
1.87793 -0.0231901
1.87891 -0.0021163
1.87988 -0.132497
1.88086 0.0831617
1.88184 0.0338643
1.88281 -0.00276447
1.88379 -0.0164267
1.88477 0.0341824
1.88574 0.0733738
1.88672 0.030834
1.8877 -0.0153944
1.88867 0.0186378
1.88965 0.0528379
1.89062 0.0127727
1.8916 0.0771206
1.89258 0.0852336
1.89355 0.134141
1.89453 -0.0223717
1.89551 -0.0750875
1.89648 0.0442989
1.89746 0.0468195
1.89844 -0.00725329
1.89941 -0.00389261
1.90039 -0.0550198
1.90137 0.0312522
1.90234 -0.0243317
1.90332 0.0128282
1.9043 0.0233379
1.90527 0.0313624
1.90625 0.0502381
1.90723 0.0600024
1.9082 -0.0112549
1.90918 -0.0259347
1.91016 0.0154721
1.91113 -0.0624839
1.91211 -0.0168861
1.91309 0.00965703
1.91406 0.118112
1.91504 0.0477612
1.91602 -0.0410329
1.91699 -0.0325008
1.91797 0.122734
1.91895 -0.0315989
1.91992 0.00278238
1.9209 -0.0406859
1.92188 0.0553897
1.92285 0.0529868
1.92383 0.00856367
1.9248 0.01909
1.92578 0.0687923
1.92676 0.0179434
1.92773 -0.00310165
1.92871 0.00204403
1.92969 -0.029505
1.93066 0.0552391
1.93164 -0.0977645
1.93262 -0.0218635
1.93359 0.00501732
1.93457 -0.0307015
1.93555 0.064722
1.93652 0.0306743
1.9375 -0.036269
1.93848 0.0100199
1.93945 0.0552802
1.94043 -0.0145583
1.94141 0.0611002
1.94238 -0.0486029
1.94336 -0.0303954
1.94434 -0.00342437
1.94531 0.0890933
1.94629 0.036314
1.94727 -0.0073166
1.94824 -0.0452222
1.94922 0.00231082
1.9502 0.015494
1.95117 0.0394383
1.95215 -0.00722156
1.95312 -0.0661745
1.9541 -0.106829
1.95508 -0.0202379
1.95605 0.0509397
1.95703 -0.0760012
1.95801 -0.0499714
1.95898 -0.0290955
1.95996 0.0389637
1.96094 0.0820478
1.96191 -0.0291294
1.96289 -0.00562635
1.96387 -0.00640184
1.96484 0.0473542
1.96582 0.00864416
1.9668 0.0607993
1.96777 0.0323457
1.96875 0.0618268
1.96973 -0.0363211
1.9707 -0.0038336
1.97168 0.0139875
1.97266 -0.00249732
1.97363 -0.0268963
1.97461 -0.0484998
1.97559 -0.0520645
1.97656 -0.0442273
1.97754 -0.0188953
1.97852 -0.0783509
1.97949 0.00757879
1.98047 0.0527268
1.98145 -0.0298347
1.98242 0.0501102
1.9834 -0.0166363
1.98438 -0.0278787
1.98535 -0.0366452
1.98633 -0.0759236
1.9873 0.0059514
1.98828 0.0596497
1.98926 0.0451877
1.99023 -0.00201987
1.99121 0.0368867
1.99219 0.0247581
1.99316 0.0888869
1.99414 0.000958395
1.99512 -0.00769807
1.99609 -0.0751194
1.99707 0.00571108
1.99805 0.059373
1.99902 0.0306601
