0 -0.0753867
0.000976562 0.0768016
0.00195312 0.020648
0.00292969 -0.0248171
0.00390625 0.0696939
0.00488281 0.147815
0.00585938 -0.0145775
0.00683594 -0.013931
0.0078125 0.0494941
0.00878906 0.030431
0.00976562 -0.114639
0.0107422 0.0255893
0.0117188 -0.0122026
0.0126953 -0.0104681
0.0136719 0.0206646
0.0146484 -0.0172661
0.015625 -0.0748826
0.0166016 -0.000760645
0.0175781 -0.000507201
0.0185547 -0.0600012
0.0195312 0.0954505
0.0205078 -0.0362337
0.0214844 -0.0304007
0.0224609 -0.0183488
0.0234375 -0.00635098
0.0244141 0.0303919
0.0253906 0.0509351
0.0263672 0.11124
0.0273438 0.0364176
0.0283203 -0.0314962
0.0292969 -0.0474337
0.0302734 -0.00484047
0.03125 -0.0767606
0.0322266 0.057176
0.0332031 -0.0173284
0.0341797 -0.00543618
0.0351562 -0.0612333
0.0361328 -0.10965
0.0371094 0.138363
0.0380859 -0.0466135
0.0390625 -0.0761497
0.0400391 -0.108685
0.0410156 0.0771406
0.0419922 -0.0279724
0.0429688 0.0520101
0.0439453 -0.0249445
0.0449219 0.0764326
0.0458984 0.00974544
0.046875 -0.0680002
0.0478516 -0.048445
0.0488281 -0.0730522
0.0498047 -0.0852488
0.0507812 -0.0837382
0.0517578 -0.0311826
0.0527344 -0.0214081
0.0537109 0.0889993
0.0546875 0.0296158
0.0556641 0.014806
0.0566406 0.0096917
0.0576172 -0.0276301
0.0585938 0.114409
0.0595703 0.0697545
0.0605469 -0.0275719
0.0615234 0.00530736
0.0625 -0.0252981
0.0634766 0.036288
0.0644531 -0.0514204
0.0654297 0.049663
0.0664062 -0.0412833
0.0673828 0.0227193
0.0683594 0.0106402
0.0693359 0.0575412
0.0703125 0.101279
0.0712891 -0.111737
0.0722656 0.0316226
0.0732422 0.0345146
0.0742188 0.101054
0.0751953 -0.0614171
0.0761719 0.0279123
0.0771484 -0.0321107
0.078125 -0.00717185
0.0791016 0.00592166
0.0800781 0.0463698
0.0810547 0.0281995
0.0820312 0.0448598
0.0830078 -0.0140637
0.0839844 -0.00556676
0.0849609 0.015011
0.0859375 -0.0576255
0.0869141 0.0963815
0.0878906 -0.0135472
0.0888672 -0.0269386
0.0898438 0.0155969
0.0908203 0.0198491
0.0917969 0.0503414
0.0927734 -0.14636
0.09375 0.0152695
0.0947266 -0.00696036
0.0957031 0.0550791
0.0966797 0.0244675
0.0976562 0.0424072
0.0986328 -0.0704318
0.0996094 -0.0159192
0.100586 0.0953365
0.101562 0.0470279
0.102539 -0.00398205
0.103516 0.00203865
0.104492 -0.0181879
0.105469 -0.0427687
0.106445 0.0592973
0.107422 -0.0625944
0.108398 0.0114189
0.109375 0.0988634
0.110352 0.0263756
0.111328 0.0571855
0.112305 0.0387005
0.113281 -0.0846854
0.114258 0.0312043
0.115234 -0.0853878
0.116211 -0.0259422
0.117188 -0.106922
0.118164 0.119068
0.119141 -0.07162
0.120117 0.0218329
0.121094 -0.0991708
0.12207 0.0556771
0.123047 0.0238577
0.124023 0.0396108
0.125 0.0158455
0.125977 0.10575
0.126953 0.0263992
0.12793 0.0546257
0.128906 -0.044709
0.129883 0.010046
0.130859 -0.0320769
0.131836 -0.00519158
0.132812 0.0779348
0.133789 -0.0246671
0.134766 -0.0920551
0.135742 -0.0587659
0.136719 -0.102973
0.137695 -0.0758972
0.138672 -0.0749267
0.139648 0.0279781
0.140625 0.0621346
0.141602 0.102152
0.142578 0.0774855
0.143555 0.00663011
0.144531 0.0159066
0.145508 0.0816407
0.146484 0.00111077
0.147461 -0.110278
0.148438 0.0771787
0.149414 0.00283901
0.150391 0.0635382
0.151367 0.0784291
0.152344 -0.000255165
0.15332 0.121061
0.154297 -0.0508953
0.155273 -0.0408482
0.15625 -0.0767594
0.157227 0.0460985
0.158203 -0.0988338
0.15918 0.0213757
0.160156 -0.0595363
0.161133 -0.110802
0.162109 -0.0351834
0.163086 -0.0606187
0.164062 -0.0699068
0.165039 0.0236546
0.166016 0.0835023
0.166992 -0.0934493
0.167969 0.0378589
0.168945 0.0327953
0.169922 -0.0747285
0.170898 -0.0195436
0.171875 0.0245091
0.172852 -0.0315975
0.173828 -0.0241267
0.174805 0.0257641
0.175781 0.00743203
0.176758 0.0366507
0.177734 0.0157078
0.178711 0.000147547
0.179688 -0.0372366
0.180664 -0.0837873
0.181641 0.0432824
0.182617 -0.0663283
0.183594 -0.0164354
0.18457 0.012059
0.185547 -0.0185968
0.186523 -0.00439635
0.1875 0.0215213
0.188477 0.00057442
0.189453 0.0455373
0.19043 -0.100608
0.191406 -0.0423861
0.192383 0.000840162
0.193359 0.117979
0.194336 0.000295584
0.195312 -0.0279869
0.196289 0.00382243
0.197266 -0.0130757
0.198242 0.00340816
0.199219 -0.0405115
0.200195 0.0662649
0.201172 -0.00884219
0.202148 -0.0431436
0.203125 -0.0521535
0.204102 0.0147662
0.205078 -0.0724848
0.206055 -0.0387058
0.207031 0.0220168
0.208008 -0.0737276
0.208984 0.015784
0.209961 0.0309292
0.210938 -0.0298881
0.211914 -0.070386
0.212891 0.00129174
0.213867 0.0221916
0.214844 -0.0694981
0.21582 0.0489273
0.216797 0.0605353
0.217773 -0.108795
0.21875 -0.0394879
0.219727 0.0523081
0.220703 0.0477193
0.22168 0.0482432
0.222656 0.014137
0.223633 0.0994713
0.224609 -0.020249
0.225586 0.0628716
0.226562 -0.0853083
0.227539 0.042528
0.228516 0.0425856
0.229492 -0.0275401
0.230469 0.0357704
0.231445 0.0862334
0.232422 0.153808
0.233398 0.000532548
0.234375 -0.0900147
0.235352 -0.0380332
0.236328 0.00977313
0.237305 -0.0843608
0.238281 -0.124458
0.239258 -0.0055124
0.240234 0.0183267
0.241211 -0.0103317
0.242188 0.0427717
0.243164 0.0134863
0.244141 -0.058767
0.245117 0.112469
0.246094 -0.0791657
0.24707 0.0163243
0.248047 0.0196547
0.249023 -0.0489967
0.25 0.0303861
0.250977 0.0435517
0.251953 -0.0416013
0.25293 0.0491911
0.253906 0.0793644
0.254883 0.0470532
0.255859 0.0871931
0.256836 -0.0257233
0.257812 0.0240836
0.258789 0.0367361
0.259766 -0.010758
0.260742 -0.0555424
0.261719 0.0789191
0.262695 0.123746
0.263672 0.099473
0.264648 -0.0637009
0.265625 0.0368524
0.266602 -0.0033749
0.267578 0.0489068
0.268555 0.0771991
0.269531 -0.072986
0.270508 -0.0157613
0.271484 0.0659666
0.272461 0.0820898
0.273438 0.126986
0.274414 0.0726972
0.275391 0.0210867
0.276367 -0.0144172
0.277344 -0.0276184
0.27832 -0.0152738
0.279297 0.0560934
0.280273 -0.0349042
0.28125 0.0589713
0.282227 0.163737
0.283203 -0.00716212
0.28418 0.0437167
0.285156 0.00636465
0.286133 0.0469222
0.287109 -0.0287824
0.288086 0.0440976
0.289062 0.0303489
0.290039 -0.0757218
0.291016 -0.00622126
0.291992 0.0554219
0.292969 -0.0659875
0.293945 0.0231654
0.294922 0.0705788
0.295898 -0.0454399
0.296875 0.0268423
0.297852 -0.0466309
0.298828 -0.0404394
0.299805 0.0243545
0.300781 0.113492
0.301758 0.0509017
0.302734 -0.00241066
0.303711 0.0480336
0.304688 0.0396891
0.305664 -0.0174284
0.306641 0.0485542
0.307617 -0.0123515
0.308594 -0.0644413
0.30957 -0.0988451
0.310547 0.0182696
0.311523 0.122726
0.3125 0.105367
0.313477 0.0129434
0.314453 0.0410297
0.31543 -0.10655
0.316406 -0.0450572
0.317383 -0.0523452
0.318359 0.0256941
0.319336 -0.0159329
0.320312 0.074104
0.321289 -0.0138401
0.322266 -0.0556728
0.323242 -0.0383616
0.324219 -0.0153724
0.325195 0.0675852
0.326172 -0.130854
0.327148 0.0287418
0.328125 -0.0956543
0.329102 0.0397931
0.330078 0.00663329
0.331055 -0.0375804
0.332031 0.0151439
0.333008 0.00443578
0.333984 -0.0642472
0.334961 0.0428417
0.335938 -0.0413987
0.336914 -0.039137
0.337891 -0.0419712
0.338867 -0.0593736
0.339844 -0.177042
0.34082 0.0310191
0.341797 -0.0132872
0.342773 0.0574347
0.34375 -0.0493019
0.344727 0.0582823
0.345703 -0.0366586
0.34668 0.00145036
0.347656 0.031776
0.348633 0.0205943
0.349609 0.0075518
0.350586 -0.0325663
0.351562 0.0608185
0.352539 0.0533082
0.353516 0.00162545
0.354492 0.0078178
0.355469 -0.0622944
0.356445 -0.0461462
0.357422 -0.0381299
0.358398 -0.0821639
0.359375 -0.0728971
0.360352 0.00534932
0.361328 0.0768341
0.362305 -0.0274871
0.363281 -0.0601433
0.364258 -0.0452514
0.365234 0.0386763
0.366211 0.0658512
0.367188 0.0804586
0.368164 -0.0246099
0.369141 0.0260698
0.370117 0.0139301
0.371094 0.0196184
0.37207 0.0715006
0.373047 0.119957
0.374023 0.0262254
0.375 -0.0008385
0.375977 -0.072103
0.376953 0.0207001
0.37793 0.0150012
0.378906 -0.04756
0.379883 0.00278803
0.380859 0.00829194
0.381836 -0.0151321
0.382812 0.00151538
0.383789 0.0725942
0.384766 0.112612
0.385742 -0.0232576
0.386719 -0.0333914
0.387695 0.0984855
0.388672 0.0176574
0.389648 -0.050577
0.390625 -0.0044334
0.391602 -0.0713934
0.392578 -0.14352
0.393555 0.122215
0.394531 0.0473719
0.395508 -0.0131217
0.396484 -0.134637
0.397461 0.0370319
0.398438 0.106627
0.399414 0.0191627
0.400391 0.0219768
0.401367 -0.0267725
0.402344 0.0958685
0.40332 0.094537
0.404297 -0.091894
0.405273 -0.0590726
0.40625 -0.0505406
0.407227 0.00181623
0.408203 0.0880257
0.40918 0.00404125
0.410156 0.0463182
0.411133 -0.126209
0.412109 -0.0101063
0.413086 -0.0363492
0.414062 0.0719499
0.415039 -0.0171319
0.416016 0.0210957
0.416992 0.0128012
0.417969 -0.0378417
0.418945 -0.0671183
0.419922 0.00718064
0.420898 -0.131428
0.421875 0.0114775
0.422852 -0.0895061
0.423828 0.0219145
0.424805 0.0383608
0.425781 -0.0744345
0.426758 0.0038036
0.427734 -0.119615
0.428711 -0.0478483
0.429688 0.00383712
0.430664 -0.0775902
0.431641 -0.0531407
0.432617 -0.0217547
0.433594 0.0755299
0.43457 0.0816864
0.435547 -0.00970895
0.436523 0.125998
0.4375 0.077291
0.438477 0.0833872
0.439453 0.0558166
0.44043 -0.0882364
0.441406 -0.0220877
0.442383 0.0669662
0.443359 -0.0210373
0.444336 0.0201807
0.445312 0.0462626
0.446289 0.0389136
0.447266 -0.0404604
0.448242 -0.00965286
0.449219 -0.0123169
0.450195 -0.103681
0.451172 0.0405458
0.452148 0.0448244
0.453125 -0.0626694
0.454102 0.109766
0.455078 0.0714406
0.456055 0.0106066
0.457031 0.046779
0.458008 -0.0351735
0.458984 0.00861786
0.459961 0.0221934
0.460938 -0.0859967
0.461914 -0.0566593
0.462891 0.00307038
0.463867 -0.0431289
0.464844 0.0661561
0.46582 0.0803377
0.466797 0.0285315
0.467773 -0.0085877
0.46875 -0.00235771
0.469727 -0.0901549
0.470703 -0.0290891
0.47168 0.174659
0.472656 0.630003
0.473633 0.258335
0.474609 0.0378664
0.475586 -0.00270062
0.476562 -0.0693644
0.477539 -0.0871504
0.478516 0.097383
0.479492 0.0759163
0.480469 -0.00902977
0.481445 -0.0298953
0.482422 0.0281708
0.483398 0.0283437
0.484375 0.0596415
0.485352 0.0541214
0.486328 0.0437424
0.487305 0.0907288
0.488281 0.0719764
0.489258 0.0534894
0.490234 -0.021019
0.491211 0.0461097
0.492188 -0.0166482
0.493164 0.026949
0.494141 0.0188537
0.495117 -0.0459078
0.496094 0.024497
0.49707 -0.0232798
0.498047 0.0403914
0.499023 -0.00728799
0.5 -0.0200064
0.500977 -0.0843291
0.501953 0.0328706
0.50293 0.0710793
0.503906 0.041866
0.504883 -0.0544011
0.505859 -0.0674075
0.506836 -0.0214613
0.507812 -0.0560823
0.508789 0.0423126
0.509766 -0.0954079
0.510742 0.0913628
0.511719 0.0131781
0.512695 0.0790336
0.513672 -0.0159125
0.514648 0.0269423
0.515625 0.0859901
0.516602 -0.0313087
0.517578 -0.0718219
0.518555 -0.00753708
0.519531 0.158067
0.520508 0.017665
0.521484 0.0381214
0.522461 0.0624142
0.523438 0.0212351
0.524414 -0.0268925
0.525391 -0.0186673
0.526367 0.0622043
0.527344 0.0819882
0.52832 -0.0613127
0.529297 0.0295363
0.530273 -0.0670766
0.53125 0.0718359
0.532227 0.0149465
0.533203 0.0389432
0.53418 0.0161157
0.535156 0.0376502
0.536133 0.0142513
0.537109 0.0769197
0.538086 -0.0290041
0.539062 -0.0902655
0.540039 -0.00434556
0.541016 -0.0243795
0.541992 -0.0832955
0.542969 -0.0355866
0.543945 -0.0333845
0.544922 0.00610309
0.545898 0.0190285
0.546875 -0.0325351
0.547852 -0.0266796
0.548828 0.0976825
0.549805 0.128558
0.550781 0.0876904
0.551758 0.0211994
0.552734 0.0619539
0.553711 0.0620374
0.554688 -0.0527427
0.555664 -0.0709874
0.556641 -0.0437104
0.557617 -0.0958886
0.558594 -0.0118821
0.55957 -0.0210791
0.560547 0.0400199
0.561523 -0.102407
0.5625 -0.0213694
0.563477 0.0684687
0.564453 0.0724258
0.56543 -0.0840594
0.566406 -0.0645443
0.567383 0.0982033
0.568359 -0.00173632
0.569336 0.0573485
0.570312 0.0187516
0.571289 0.0584218
0.572266 0.0135467
0.573242 0.0404198
0.574219 -0.0234804
0.575195 -0.0400491
0.576172 -0.0152066
0.577148 -0.142546
0.578125 0.0130153
0.579102 -0.0174081
0.580078 0.0445412
0.581055 0.0369428
0.582031 0.0187161
0.583008 -0.072672
0.583984 0.00498117
0.584961 -0.120609
0.585938 -0.0167751
0.586914 0.138642
0.587891 0.0404483
0.588867 0.00637386
0.589844 -0.0356179
0.59082 0.0255495
0.591797 0.00291209
0.592773 0.08607
0.59375 -0.0469762
0.594727 -0.0407241
0.595703 0.0395859
0.59668 0.0173814
0.597656 -0.0253813
0.598633 0.0371166
0.599609 0.0584987
0.600586 -0.131517
0.601562 -0.041721
0.602539 0.0121603
0.603516 0.0705093
0.604492 0.0181813
0.605469 -0.0318676
0.606445 0.132551
0.607422 0.0197728
0.608398 0.074787
0.609375 -0.0705325
0.610352 -0.0256563
0.611328 0.0374028
0.612305 0.00864471
0.613281 -0.0416618
0.614258 -0.0378549
0.615234 -0.0580745
0.616211 -0.114249
0.617188 0.0168275
0.618164 -0.0872724
0.619141 -0.0245435
0.620117 0.0867919
0.621094 -0.161587
0.62207 -0.0986666
0.623047 -0.0515236
0.624023 -0.0601687
0.625 -0.0121999
0.625977 0.0189765
0.626953 0.0242954
0.62793 0.0522656
0.628906 0.00169884
0.629883 0.00702787
0.630859 0.130149
0.631836 0.142268
0.632812 0.106612
0.633789 0.0185094
0.634766 0.0736455
0.635742 0.0408202
0.636719 0.0277377
0.637695 0.0241296
0.638672 -0.143621
0.639648 0.122388
0.640625 -0.0645478
0.641602 0.0422002
0.642578 -0.0571923
0.643555 -0.038296
0.644531 0.0147789
0.645508 0.00618218
0.646484 0.00601994
0.647461 -0.0865536
0.648438 -0.0708037
0.649414 -0.0835305
0.650391 0.0209825
0.651367 0.00249478
0.652344 0.126038
0.65332 -0.0205961
0.654297 0.0263608
0.655273 -0.0098118
0.65625 -0.0476949
0.657227 0.0232497
0.658203 0.0722604
0.65918 -0.0542108
0.660156 0.0642055
0.661133 0.00372206
0.662109 -0.0414551
0.663086 -0.00372258
0.664062 0.0793916
0.665039 -0.0937376
0.666016 0.0490748
0.666992 0.0219306
0.667969 -0.0876451
0.668945 -0.0527132
0.669922 0.0189968
0.670898 0.038621
0.671875 0.124491
0.672852 0.076678
0.673828 -0.00810632
0.674805 0.0349262
0.675781 0.0101665
0.676758 0.0325138
0.677734 -0.0574852
0.678711 0.00749615
0.679688 0.118473
0.680664 0.125042
0.681641 -0.0634613
0.682617 -0.00841855
0.683594 0.0141143
0.68457 0.0682029
0.685547 0.030907
0.686523 0.0629347
0.6875 0.0254992
0.688477 -0.0684219
0.689453 -0.0177536
0.69043 0.0353919
0.691406 -0.00669053
0.692383 -0.080768
0.693359 0.0776491
0.694336 -0.067827
0.695312 0.0355429
0.696289 0.04176
0.697266 0.0114338
0.698242 -0.111804
0.699219 -0.0101911
0.700195 0.0662558
0.701172 0.0250123
0.702148 -0.0579957
0.703125 -0.0054451
0.704102 -0.0544893
0.705078 0.0367606
0.706055 0.018175
0.707031 0.125722
0.708008 -0.0250399
0.708984 0.120336
0.709961 -0.0265209
0.710938 0.0253434
0.711914 0.0765096
0.712891 -0.0734886
0.713867 0.00386971
0.714844 0.048759
0.71582 -0.0922702
0.716797 0.035683
0.717773 0.0607827
0.71875 0.0689888
0.719727 -0.0720134
0.720703 0.0236241
0.72168 -0.0100755
0.722656 0.0628816
0.723633 0.0324853
0.724609 0.0298543
0.725586 0.0139732
0.726562 0.0558955
0.727539 0.0743903
0.728516 0.0855989
0.729492 0.052537
0.730469 0.017673
0.731445 -0.0719652
0.732422 -0.0381307
0.733398 -0.0668065
0.734375 8.56546e-05
0.735352 0.0242587
0.736328 0.100791
0.737305 0.0743361
0.738281 -0.0146098
0.739258 -0.114646
0.740234 0.0518672
0.741211 -0.0535841
0.742188 -0.109227
0.743164 -0.0850707
0.744141 -0.0309919
0.745117 -0.0353989
0.746094 0.0122199
0.74707 -0.00737329
0.748047 -0.0139801
0.749023 0.0488701
0.75 0.0192166
0.750977 0.0631339
0.751953 -0.0154476
0.75293 0.0299854
0.753906 0.0199898
0.754883 -0.104297
0.755859 0.039015
0.756836 0.0907976
0.757812 -0.00438933
0.758789 0.0718368
0.759766 0.00467092
0.760742 0.0340964
0.761719 -0.112983
0.762695 0.0261561
0.763672 -0.0216246
0.764648 0.140804
0.765625 0.208723
0.766602 0.0378319
0.767578 0.0099952
0.768555 0.0365449
0.769531 -0.0676402
0.770508 0.0639847
0.771484 0.066887
0.772461 0.00355781
0.773438 -0.0651846
0.774414 -0.113539
0.775391 -0.0462495
0.776367 0.0342865
0.777344 0.00880396
0.77832 0.0297618
0.779297 0.0674925
0.780273 0.00568726
0.78125 0.00218686
0.782227 -0.00473833
0.783203 -0.0849232
0.78418 -0.0550208
0.785156 0.0279791
0.786133 0.0785944
0.787109 0.0109618
0.788086 -0.0696623
0.789062 0.0431825
0.790039 -0.0350271
0.791016 0.0574412
0.791992 0.025299
0.792969 0.0500202
0.793945 -0.0231794
0.794922 -0.132132
0.795898 0.108914
0.796875 -0.0412584
0.797852 0.0794435
0.798828 0.0160604
0.799805 -0.0161586
0.800781 -0.0688342
0.801758 -0.0786859
0.802734 0.0594911
0.803711 -0.0418753
0.804688 -0.0982129
0.805664 -0.0404274
0.806641 0.10483
0.807617 -0.00305698
0.808594 -0.0767096
0.80957 0.0278472
0.810547 0.0438955
0.811523 -0.0381178
0.8125 0.0232417
0.813477 -0.0799194
0.814453 0.0640078
0.81543 -0.0942601
0.816406 -0.0397136
0.817383 0.0336375
0.818359 0.0916928
0.819336 0.00674184
0.820312 0.0317011
0.821289 0.024607
0.822266 0.0391004
0.823242 0.04356
0.824219 -0.0641267
0.825195 -0.0141653
0.826172 0.0691201
0.827148 0.0743102
0.828125 -0.00463764
0.829102 -0.0244989
0.830078 -0.012935
0.831055 0.0491087
0.832031 0.0567816
0.833008 0.0344685
0.833984 0.0515994
0.834961 0.119775
0.835938 0.0356631
0.836914 0.00263006
0.837891 0.0744628
0.838867 -0.0565592
0.839844 -0.0475612
0.84082 0.0171028
0.841797 0.0141752
0.842773 -0.0436208
0.84375 0.032207
0.844727 -0.0249906
0.845703 -0.0212428
0.84668 -0.0317165
0.847656 -0.161463
0.848633 -0.0431878
0.849609 0.0509739
0.850586 0.0637102
0.851562 -0.0769045
0.852539 0.0828781
0.853516 0.0857075
0.854492 0.0796438
0.855469 0.0702172
0.856445 0.0715578
0.857422 0.0600145
0.858398 0.104479
0.859375 0.00468346
0.860352 0.0150543
0.861328 0.0539505
0.862305 0.0225614
0.863281 0.152628
0.864258 0.09035
0.865234 0.0979063
0.866211 0.102784
0.867188 -0.0144824
0.868164 -0.121717
0.869141 0.0196427
0.870117 0.0123865
0.871094 -0.00019467
0.87207 -0.0360607
0.873047 0.0149888
0.874023 0.0290915
0.875 -0.00558013
0.875977 0.0973542
0.876953 -0.06103
0.87793 0.0583355
0.878906 0.00880004
0.879883 -0.0389485
0.880859 -0.0337278
0.881836 -0.0213323
0.882812 0.0490349
0.883789 0.0973403
0.884766 -0.0412838
0.885742 -0.0380106
0.886719 0.00917329
0.887695 -0.0840202
0.888672 0.0435202
0.889648 -0.0157434
0.890625 -0.0495391
0.891602 0.0458503
0.892578 -0.077921
0.893555 0.0129882
0.894531 0.0195425
0.895508 0.0141214
0.896484 -0.0473594
0.897461 0.0885612
0.898438 0.00984184
0.899414 0.0962291
0.900391 0.0257386
0.901367 0.0703023
0.902344 -0.0153104
0.90332 0.107988
0.904297 -0.148348
0.905273 -0.0146268
0.90625 -0.0753925
0.907227 -0.00915988
0.908203 -0.117529
0.90918 -0.0562256
0.910156 -0.0278503
0.911133 -0.0265063
0.912109 0.0381548
0.913086 0.0426387
0.914062 -0.000232698
0.915039 0.0780176
0.916016 0.0635809
0.916992 0.014336
0.917969 -0.0691323
0.918945 0.0151607
0.919922 0.0769686
0.920898 0.0441382
0.921875 0.0234029
0.922852 0.0190845
0.923828 0.0253699
0.924805 0.108915
0.925781 -0.00942357
0.926758 0.0223601
0.927734 -0.0705714
0.928711 0.0814207
0.929688 -0.0487662
0.930664 0.0670752
0.931641 0.0239647
0.932617 -0.0487491
0.933594 0.054331
0.93457 -0.0416864
0.935547 -0.10252
0.936523 -0.0829564
0.9375 0.123677
0.938477 -0.00697017
0.939453 0.016363
0.94043 -0.0107226
0.941406 -0.0109763
0.942383 -0.0507833
0.943359 -0.0246676
0.944336 -0.112942
0.945312 0.0513265
0.946289 -0.0011587
0.947266 -0.100172
0.948242 -0.0370648
0.949219 -0.161164
0.950195 -0.0307953
0.951172 0.0419859
0.952148 0.00348395
0.953125 0.028107
0.954102 0.0459327
0.955078 0.00707289
0.956055 0.0535665
0.957031 0.0131095
0.958008 0.0780746
0.958984 -0.051245
0.959961 -0.0312165
0.960938 -0.0796078
0.961914 -0.0207696
0.962891 -0.00388071
0.963867 0.00754853
0.964844 0.0268423
0.96582 0.0493091
0.966797 -0.0166424
0.967773 -0.0648208
0.96875 0.120987
0.969727 0.0716314
0.970703 -0.0194559
0.97168 -0.0443823
0.972656 -0.0398412
0.973633 0.0471657
0.974609 0.055886
0.975586 -0.0211543
0.976562 0.0343627
0.977539 -0.143497
0.978516 -0.00844577
0.979492 0.147791
0.980469 -0.0422042
0.981445 -0.0159747
0.982422 0.10259
0.983398 0.00665249
0.984375 -0.0333535
0.985352 0.046982
0.986328 -0.0287255
0.987305 0.0503856
0.988281 -0.0293677
0.989258 0.0157304
0.990234 -0.0386414
0.991211 0.0434972
0.992188 0.0499175
0.993164 0.0388861
0.994141 0.13935
0.995117 0.0505078
0.996094 0.0661615
0.99707 -0.0823869
0.998047 0.133463
0.999023 0.00860904
1 -0.00453571
1.00098 -0.0742183
1.00195 0.0400592
1.00293 -0.000186369
1.00391 0.0614771
1.00488 0.0689315
1.00586 0.0381698
1.00684 -0.0483376
1.00781 0.0144619
1.00879 0.000337998
1.00977 0.0511616
1.01074 0.0783798
1.01172 -0.0293832
1.0127 0.0902777
1.01367 -0.0184787
1.01465 -0.0397565
1.01562 0.00650087
1.0166 0.0972819
1.01758 0.0175682
1.01855 0.00891273
1.01953 0.0365621
1.02051 -0.0704094
1.02148 -0.068245
1.02246 -0.110638
1.02344 -0.028464
1.02441 -0.0124276
1.02539 0.0180049
1.02637 -0.0299569
1.02734 0.00778804
1.02832 -0.00372338
1.0293 -0.00148889
1.03027 0.017625
1.03125 -0.0537459
1.03223 0.0273659
1.0332 -0.0597359
1.03418 0.0461678
1.03516 0.0134779
1.03613 -0.0403524
1.03711 -0.140326
1.03809 -0.0445269
1.03906 0.0761555
1.04004 -0.0392593
1.04102 0.0407023
1.04199 0.0543975
1.04297 -0.0392581
1.04395 -0.0673453
1.04492 0.0130029
1.0459 -0.0614993
1.04688 0.0259534
1.04785 0.0715409
1.04883 -0.00513025
1.0498 -0.0620335
1.05078 0.0511451
1.05176 0.0620362
1.05273 0.0113552
1.05371 0.0534767
1.05469 0.10315
1.05566 0.00946023
1.05664 0.017485
1.05762 0.0454174
1.05859 0.0547152
1.05957 0.00750592
1.06055 0.0554825
1.06152 0.0490501
1.0625 0.00341995
1.06348 -0.0271255
1.06445 0.0172618
1.06543 -0.00480324
1.06641 0.00777817
1.06738 0.041194
1.06836 0.0276125
1.06934 0.134512
1.07031 -0.0542239
1.07129 0.093721
1.07227 -0.0252293
1.07324 -0.087315
1.07422 0.0391618
1.0752 0.127875
1.07617 0.041655
1.07715 0.0386387
1.07812 0.0107741
1.0791 -0.0505051
1.08008 0.0130873
1.08105 -0.0864614
1.08203 0.124109
1.08301 0.115412
1.08398 -0.0956526
1.08496 -0.0854304
1.08594 0.0773097
1.08691 0.00411621
1.08789 -0.00143796
1.08887 -0.0916266
1.08984 -0.0857652
1.09082 0.0249682
1.0918 0.119406
1.09277 0.0189115
1.09375 0.118894
1.09473 -0.0445184
1.0957 -0.00648877
1.09668 -0.12185
1.09766 0.036182
1.09863 0.109962
1.09961 0.0313914
1.10059 0.137091
1.10156 0.0152339
1.10254 0.00639581
1.10352 0.00368822
1.10449 0.000320289
1.10547 -0.104051
1.10645 -0.0703449
1.10742 -0.00166391
1.1084 -0.0458709
1.10938 -0.0207713
1.11035 -0.0103556
1.11133 -0.0877783
1.1123 0.0680084
1.11328 -0.0415009
1.11426 0.123028
1.11523 0.0347089
1.11621 0.0305361
1.11719 0.00625401
1.11816 0.144945
1.11914 -0.0630768
1.12012 -0.001222
1.12109 0.052366
1.12207 0.0776987
1.12305 -0.103474
1.12402 0.0908524
1.125 -0.0664392
1.12598 -0.0331129
1.12695 0.030361
1.12793 -0.00556302
1.12891 -0.0887223
1.12988 0.0581487
1.13086 -0.0678063
1.13184 -0.0167271
1.13281 0.0299609
1.13379 0.0568316
1.13477 0.0347724
1.13574 0.031119
1.13672 0.0339495
1.1377 -0.0301281
1.13867 -0.0966018
1.13965 0.102091
1.14062 0.116238
1.1416 -0.0176314
1.14258 -0.023371
1.14355 -0.0348817
1.14453 -0.0773482
1.14551 -0.010079
1.14648 0.00972645
1.14746 -0.0347192
1.14844 -0.0192328
1.14941 -0.0302797
1.15039 0.0366204
1.15137 0.0654526
1.15234 -0.0162184
1.15332 0.0017821
1.1543 0.137381
1.15527 -0.0570547
1.15625 0.0178012
1.15723 0.14311
1.1582 0.0331177
1.15918 0.025612
1.16016 0.123728
1.16113 0.0611048
1.16211 -0.0351886
1.16309 0.0484482
1.16406 0.011039
1.16504 0.114607
1.16602 -0.0450637
1.16699 0.135922
1.16797 -0.0834215
1.16895 0.0205317
1.16992 0.0885299
1.1709 -0.0785281
1.17188 -0.0679868
1.17285 0.0355847
1.17383 -0.0433923
1.1748 -0.00894843
1.17578 0.0702524
1.17676 -0.109208
1.17773 0.00184405
1.17871 -0.0245374
1.17969 0.0676399
1.18066 0.0323355
1.18164 0.0812915
1.18262 -0.0361749
1.18359 0.108512
1.18457 0.0727898
1.18555 0.0890881
1.18652 0.0316014
1.1875 0.0585667
1.18848 -0.0332609
1.18945 -0.0450235
1.19043 -0.0404685
1.19141 0.0657412
1.19238 0.130535
1.19336 0.102858
1.19434 -0.145812
1.19531 0.0147466
1.19629 -0.0390859
1.19727 0.0211282
1.19824 0.0838679
1.19922 0.102044
1.2002 -0.0529907
1.20117 -0.0134149
1.20215 -0.0203381
1.20312 0.124755
1.2041 0.031244
1.20508 -0.0277789
1.20605 -0.0256355
1.20703 -0.0419061
1.20801 -0.0156108
1.20898 -0.159182
1.20996 0.0790238
1.21094 0.0500984
1.21191 0.0523935
1.21289 0.0984715
1.21387 0.0286542
1.21484 -0.0128913
1.21582 0.0712121
1.2168 -0.0747047
1.21777 0.024727
1.21875 -0.0682042
1.21973 -0.00855191
1.2207 -0.0739604
1.22168 -0.0172106
1.22266 -0.0524165
1.22363 0.204484
1.22461 -0.0261147
1.22559 -0.05148
1.22656 0.0204746
1.22754 0.0399952
1.22852 0.0317511
1.22949 0.0360694
1.23047 0.0480585
1.23145 -0.0120609
1.23242 0.00884419
1.2334 0.0887519
1.23438 0.0700536
1.23535 0.0147804
1.23633 -0.0741715
1.2373 -0.0767268
1.23828 -0.0891595
1.23926 -0.00279968
1.24023 0.0246942
1.24121 0.109516
1.24219 0.0336492
1.24316 0.0162793
1.24414 -0.0750177
1.24512 0.0649554
1.24609 -0.00918409
1.24707 0.0186009
1.24805 0.0279808
1.24902 0.023907
1.25 -0.0787142
1.25098 0.0870965
1.25195 0.0594043
1.25293 0.00408575
1.25391 0.0343922
1.25488 0.019464
1.25586 -0.0433379
1.25684 -0.017695
1.25781 0.108139
1.25879 0.00821175
1.25977 0.0461573
1.26074 0.0770747
1.26172 -0.0188651
1.2627 0.0199596
1.26367 0.063703
1.26465 -0.0496452
1.26562 -0.0376645
1.2666 0.0339314
1.26758 0.00824121
1.26855 0.0158128
1.26953 0.0434575
1.27051 0.0420631
1.27148 -0.0160993
1.27246 -0.0250957
1.27344 0.0799499
1.27441 0.0356898
1.27539 0.0385022
1.27637 -0.0904562
1.27734 -0.0344039
1.27832 0.0649776
1.2793 -0.0671217
1.28027 -0.0617125
1.28125 -0.0189655
1.28223 0.0113482
1.2832 0.10751
1.28418 -0.0065642
1.28516 -0.0388946
1.28613 -0.064513
1.28711 -0.0188987
1.28809 0.0611219
1.28906 -0.0924583
1.29004 0.0969388
1.29102 -0.0494073
1.29199 0.0113612
1.29297 0.119926
1.29395 -0.0271968
1.29492 -0.0344494
1.2959 -0.0046782
1.29688 -0.0391719
1.29785 -0.0502178
1.29883 0.0450821
1.2998 -0.0219489
1.30078 0.0491913
1.30176 0.0953556
1.30273 0.0840148
1.30371 -0.124786
1.30469 0.0750704
1.30566 -0.0199983
1.30664 0.0625598
1.30762 0.0600568
1.30859 -0.0240358
1.30957 -0.0395576
1.31055 -0.0410484
1.31152 0.113045
1.3125 0.0935033
1.31348 0.0866505
1.31445 -0.0557919
1.31543 -0.0623593
1.31641 0.0196932
1.31738 -0.0321155
1.31836 -0.0217803
1.31934 -0.0604471
1.32031 0.023072
1.32129 0.0617104
1.32227 -0.116475
1.32324 -0.00325457
1.32422 0.0893337
1.3252 0.0951005
1.32617 -0.0328725
1.32715 0.08319
1.32812 -0.00481149
1.3291 0.051491
1.33008 -0.00271669
1.33105 -0.0892266
1.33203 0.0186929
1.33301 -0.0281666
1.33398 0.0614345
1.33496 -0.0103989
1.33594 0.0522461
1.33691 0.0237144
1.33789 0.00211642
1.33887 0.0327057
1.33984 0.0176736
1.34082 0.013704
1.3418 0.0681649
1.34277 0.0605788
1.34375 -0.0369826
1.34473 -0.0320344
1.3457 0.010922
1.34668 -0.0534957
1.34766 0.0365488
1.34863 0.0983418
1.34961 0.0836532
1.35059 -0.0138399
1.35156 -0.100532
1.35254 0.048873
1.35352 0.00861546
1.35449 -0.0386547
1.35547 0.0607035
1.35645 0.0623479
1.35742 -0.0593049
1.3584 -0.0916493
1.35938 -0.0101268
1.36035 0.0587194
1.36133 0.0774816
1.3623 0.0479634
1.36328 0.106093
1.36426 -0.0160233
1.36523 0.0626212
1.36621 0.01072
1.36719 0.101959
1.36816 -0.134398
1.36914 0.00443029
1.37012 -0.017197
1.37109 -0.0756507
1.37207 -0.0101142
1.37305 -0.0539913
1.37402 -0.0284688
1.375 0.000609713
1.37598 0.0313385
1.37695 -0.00376575
1.37793 0.0746961
1.37891 0.0315576
1.37988 -0.00233075
1.38086 -0.0705348
1.38184 0.00109014
1.38281 0.0942731
1.38379 -0.0156351
1.38477 -0.00503997
1.38574 0.0692891
1.38672 0.0887537
1.3877 0.014539
1.38867 -0.111746
1.38965 0.113163
1.39062 -0.0709093
1.3916 0.0212039
1.39258 0.103786
1.39355 0.0738051
1.39453 -0.00829554
1.39551 -0.034966
1.39648 -0.0556623
1.39746 -0.00825645
1.39844 0.0525974
1.39941 0.00512815
1.40039 0.0754236
1.40137 -0.0398334
1.40234 -0.147666
1.40332 -0.0101055
1.4043 0.0166596
1.40527 -0.00725716
1.40625 0.00051709
1.40723 -0.049855
1.4082 0.0556116
1.40918 0.0437308
1.41016 0.015751
1.41113 -0.0101865
1.41211 -0.0258553
1.41309 0.0290526
1.41406 0.0641734
1.41504 0.0434834
1.41602 -0.0164669
1.41699 -0.0563752
1.41797 0.00781394
1.41895 -0.0572395
1.41992 -0.100599
1.4209 -0.0533686
1.42188 0.00706662
1.42285 0.0178036
1.42383 -0.0658825
1.4248 0.0851791
1.42578 0.105353
1.42676 -0.042838
1.42773 -0.0791229
1.42871 0.026161
1.42969 0.0040463
1.43066 0.0997029
1.43164 0.0539138
1.43262 -0.0457708
1.43359 -0.0120594
1.43457 -0.0607418
1.43555 0.0527283
1.43652 0.0124321
1.4375 0.0113261
1.43848 0.036966
1.43945 -0.0312014
1.44043 -0.0203508
1.44141 0.0098502
1.44238 -0.0546162
1.44336 -0.0524637
1.44434 -0.0428802
1.44531 0.0198998
1.44629 -0.0232967
1.44727 0.0937515
1.44824 0.0817149
1.44922 0.000504958
1.4502 -0.0254176
1.45117 0.130504
1.45215 0.00961733
1.45312 -0.0645749
1.4541 -0.0136165
1.45508 -0.00481366
1.45605 -0.0349998
1.45703 -0.00506223
1.45801 0.102712
1.45898 0.0863398
1.45996 -0.0457232
1.46094 0.074709
1.46191 0.0521576
1.46289 0.0409707
1.46387 -0.0259414
1.46484 0.033557
1.46582 0.0216179
1.4668 0.0200314
1.46777 0.0103858
1.46875 -0.0588438
1.46973 0.0765032
1.4707 -0.0121616
1.47168 0.0902176
1.47266 0.160905
1.47363 0.0601474
1.47461 0.0152406
1.47559 -0.0613099
1.47656 -0.000461642
1.47754 0.0814386
1.47852 0.0967899
1.47949 -0.0749496
1.48047 0.0325681
1.48145 -0.045379
1.48242 -0.0916101
1.4834 -0.0441098
1.48438 -0.124437
1.48535 0.0235918
1.48633 -0.0336357
1.4873 0.0559403
1.48828 0.0923712
1.48926 0.0191428
1.49023 0.09803
1.49121 0.00555391
1.49219 0.00992405
1.49316 0.0175512
1.49414 0.0649329
1.49512 0.00850059
1.49609 0.0279522
1.49707 0.105762
1.49805 0.00934693
1.49902 -0.0171474
1.5 0.0723466
1.50098 -0.0397453
1.50195 0.0067426
1.50293 0.0356643
1.50391 0.114081
1.50488 0.021668
1.50586 0.0285795
1.50684 0.0615616
1.50781 0.16446
1.50879 -0.0133535
1.50977 -0.0999772
1.51074 -0.03864
1.51172 0.0556245
1.5127 0.100033
1.51367 0.000652795
1.51465 0.0572744
1.51562 -0.0780893
1.5166 -0.0423259
1.51758 0.028602
1.51855 -0.0240879
1.51953 -0.000177165
1.52051 0.0267528
1.52148 0.0768756
1.52246 0.0678593
1.52344 0.0128479
1.52441 0.103348
1.52539 0.0351652
1.52637 0.00895418
1.52734 0.034347
1.52832 -0.0199044
1.5293 0.088104
1.53027 0.127871
1.53125 0.0734354
1.53223 0.00748347
1.5332 0.0214074
1.53418 -0.103167
1.53516 -0.0427645
1.53613 -0.0757303
1.53711 -0.0481007
1.53809 -0.002816
1.53906 -0.0143144
1.54004 -0.0794193
1.54102 -0.0671006
1.54199 0.122615
1.54297 0.00769168
1.54395 0.0577834
1.54492 0.0605112
1.5459 -0.00590067
1.54688 0.0865674
1.54785 -0.0636473
1.54883 -0.0574594
1.5498 -0.0133097
1.55078 0.0339838
1.55176 0.0272352
1.55273 -0.00897195
1.55371 0.0521132
1.55469 0.0170002
1.55566 0.156817
1.55664 0.170849
1.55762 0.00680216
1.55859 -0.00609716
1.55957 0.0289221
1.56055 -0.055239
1.56152 -0.0291521
1.5625 0.056625
1.56348 -0.0351079
1.56445 -0.0406172
1.56543 0.0784189
1.56641 0.0514701
1.56738 0.0282666
1.56836 0.0131186
1.56934 0.0397216
1.57031 -0.0820721
1.57129 -0.0700928
1.57227 -0.0727555
1.57324 0.017807
1.57422 0.102353
1.5752 0.117033
1.57617 -0.0166704
1.57715 -0.0580425
1.57812 0.0174354
1.5791 -0.00746386
1.58008 -0.00428353
1.58105 -0.171262
1.58203 -0.0363501
1.58301 0.0543635
1.58398 -0.00515547
1.58496 0.0887624
1.58594 0.11199
1.58691 0.0280607
1.58789 0.0381416
1.58887 -0.00394856
1.58984 0.0400087
1.59082 0.0191184
1.5918 -0.0326587
1.59277 0.00657724
1.59375 0.000244495
1.59473 -0.027546
1.5957 0.0211888
1.59668 -0.0393733
1.59766 -0.0529556
1.59863 -0.0696609
1.59961 -0.0125405
1.60059 0.0395753
1.60156 0.0293524
1.60254 -0.0209159
1.60352 0.0785996
1.60449 0.0356188
1.60547 -0.0207356
1.60645 -0.0144863
1.60742 0.075386
1.6084 0.0635185
1.60938 -0.0499353
1.61035 0.121429
1.61133 0.0469515
1.6123 0.0774158
1.61328 -0.0332812
1.61426 0.107541
1.61523 -0.0216674
1.61621 0.00504382
1.61719 -0.0898335
1.61816 -0.0066883
1.61914 0.045451
1.62012 -0.0327688
1.62109 -0.0678383
1.62207 -0.00348348
1.62305 -0.0608251
1.62402 -0.026246
1.625 0.0626257
1.62598 -0.0367982
1.62695 0.179449
1.62793 0.075861
1.62891 -0.00664923
1.62988 0.0137149
1.63086 0.110428
1.63184 0.0381005
1.63281 -0.0668797
1.63379 0.0346021
1.63477 0.135748
1.63574 0.075205
1.63672 0.0821918
1.6377 -0.0231059
1.63867 0.0596285
1.63965 0.0816886
1.64062 -0.00517493
1.6416 -0.0496297
1.64258 0.0459432
1.64355 -0.0609298
1.64453 0.0232809
1.64551 0.0054532
1.64648 0.0494576
1.64746 0.126827
1.64844 0.0294089
1.64941 0.0320951
1.65039 0.0730188
1.65137 0.126949
1.65234 0.0299016
1.65332 0.119375
1.6543 -0.0110788
1.65527 0.0775097
1.65625 0.0160588
1.65723 -0.00950499
1.6582 0.0564663
1.65918 0.0723071
1.66016 0.0212591
1.66113 -0.0483822
1.66211 0.051138
1.66309 -0.0879029
1.66406 0.18727
1.66504 0.0568655
1.66602 -0.0726528
1.66699 -0.0244634
1.66797 -0.00429593
1.66895 0.00462839
1.66992 -0.0724635
1.6709 0.0992091
1.67188 0.00203926
1.67285 0.0524939
1.67383 0.0451809
1.6748 0.0313876
1.67578 -0.089938
1.67676 -0.00174567
1.67773 0.0540622
1.67871 0.0148055
1.67969 -0.0574677
1.68066 -0.0694023
1.68164 -0.0409791
1.68262 0.005775
1.68359 0.0885299
1.68457 0.0655067
1.68555 0.0965156
1.68652 0.0765945
1.6875 -0.00564488
1.68848 0.0733116
1.68945 -0.0107171
1.69043 -0.121049
1.69141 0.04161
1.69238 0.0238275
1.69336 -0.010464
1.69434 0.112672
1.69531 0.0336785
1.69629 0.0726862
1.69727 -0.00910954
1.69824 0.0700767
1.69922 0.0353292
1.7002 0.123222
1.70117 0.0503693
1.70215 0.0116472
1.70312 0.0597448
1.7041 0.0195467
1.70508 -0.0419901
1.70605 0.0462394
1.70703 0.00892431
1.70801 0.0569662
1.70898 0.0759549
1.70996 -0.0652192
1.71094 0.0174188
1.71191 0.0205954
1.71289 0.0306683
1.71387 0.055795
1.71484 0.0363097
1.71582 -0.0414856
1.7168 -0.0366095
1.71777 0.017355
1.71875 0.0714872
1.71973 0.0943358
1.7207 -0.0731542
1.72168 0.112482
1.72266 0.0461962
1.72363 -0.0465458
1.72461 -0.0649929
1.72559 -0.0425535
1.72656 -0.0474197
1.72754 0.0965504
1.72852 -0.0319428
1.72949 -0.0508633
1.73047 0.00813953
1.73145 -0.0267072
1.73242 0.0879926
1.7334 0.0602572
1.73438 -0.0180381
1.73535 0.0317109
1.73633 -0.0673733
1.7373 -0.011495
1.73828 -0.0346827
1.73926 0.0647958
1.74023 0.0100177
1.74121 -0.0315105
1.74219 0.174289
1.74316 0.0544635
1.74414 -0.0402301
1.74512 -0.0535978
1.74609 -0.0242194
1.74707 0.0712781
1.74805 0.0407102
1.74902 0.0516212
1.75 -0.0675509
1.75098 -0.0120186
1.75195 0.15605
1.75293 -0.115649
1.75391 -0.071049
1.75488 0.0744321
1.75586 -0.00728447
1.75684 0.0391395
1.75781 0.0341751
1.75879 0.0381332
1.75977 0.0255197
1.76074 0.0138124
1.76172 -0.106894
1.7627 0.011924
1.76367 0.114614
1.76465 -0.188816
1.76562 -0.0229456
1.7666 -0.0275201
1.76758 0.0435551
1.76855 0.0786822
1.76953 0.0288408
1.77051 -0.0226073
1.77148 -0.0482937
1.77246 -0.00471219
1.77344 0.035474
1.77441 -0.163039
1.77539 -0.0380033
1.77637 -0.0960976
1.77734 0.0587721
1.77832 -0.023348
1.7793 0.0374283
1.78027 0.0405082
1.78125 -0.0677172
1.78223 0.00525552
1.7832 0.0368377
1.78418 0.0119258
1.78516 0.00782392
1.78613 -0.0395558
1.78711 -0.0118412
1.78809 0.0413478
1.78906 -0.000956264
1.79004 0.0831615
1.79102 -0.00143688
1.79199 0.0305965
1.79297 0.00336729
1.79395 -0.0297681
1.79492 -0.108738
1.7959 -0.0206793
1.79688 -0.0690297
1.79785 0.0314787
1.79883 0.0536441
1.7998 0.0552359
1.80078 0.089197
1.80176 0.0517206
1.80273 0.0783643
1.80371 0.00364277
1.80469 0.0834689
1.80566 0.0135554
1.80664 0.0785502
1.80762 0.0106733
1.80859 0.132446
1.80957 -0.0281328
1.81055 0.0940641
1.81152 0.041041
1.8125 0.116677
1.81348 0.0404737
1.81445 0.00882747
1.81543 0.098232
1.81641 0.0502837
1.81738 0.0176636
1.81836 0.0615499
1.81934 0.0150088
1.82031 -0.00929094
1.82129 0.0224854
1.82227 0.122984
1.82324 0.0059322
1.82422 0.0405
1.8252 0.0323936
1.82617 -0.0503048
1.82715 -0.0263668
1.82812 0.0899398
1.8291 -0.0473281
1.83008 0.0599653
1.83105 0.0201995
1.83203 0.0151432
1.83301 -0.0406548
1.83398 0.0497518
1.83496 0.0916353
1.83594 -0.044935
1.83691 0.00729764
1.83789 -0.0782971
1.83887 -0.00787696
1.83984 -0.0394806
1.84082 0.0613528
1.8418 0.00712431
1.84277 0.0986265
1.84375 0.0947704
1.84473 -0.0103391
1.8457 0.0589459
1.84668 0.045364
1.84766 0.0280932
1.84863 -0.0366132
1.84961 0.119846
1.85059 -0.0228723
1.85156 0.115453
1.85254 0.0502581
1.85352 0.0193743
1.85449 0.0565273
1.85547 0.0130318
1.85645 0.0721343
1.85742 -0.00566473
1.8584 0.126655
1.85938 0.0397671
1.86035 -0.0759421
1.86133 -0.0318047
1.8623 -0.012698
1.86328 0.0228556
1.86426 -0.0347668
1.86523 0.0276238
1.86621 0.0291367
1.86719 0.0688926
1.86816 0.124288
1.86914 0.0142348
1.87012 -0.022776
1.87109 0.0532904
1.87207 0.011137
1.87305 0.0637508
1.87402 -0.0143247
1.875 -0.0153562
1.87598 -0.00744635
1.87695 -0.0836001
1.87793 0.0673685
1.87891 0.0682424
1.87988 0.0196137
1.88086 0.0586777
1.88184 -2.07263e-05
1.88281 0.0131512
1.88379 0.0891543
1.88477 -0.0236473
1.88574 -0.014059
1.88672 0.0112226
1.8877 0.0281275
1.88867 -0.0381705
1.88965 0.0524927
1.89062 0.0056341
1.8916 0.0867415
1.89258 0.0385698
1.89355 -0.0191365
1.89453 -0.0414853
1.89551 -0.0567223
1.89648 0.105743
1.89746 0.107345
1.89844 -0.016047
1.89941 0.0759038
1.90039 0.156703
1.90137 0.131489
1.90234 -0.00804599
1.90332 -0.0521501
1.9043 0.0200732
1.90527 0.112574
1.90625 0.0933831
1.90723 -0.0744839
1.9082 0.0958555
1.90918 0.00822507
1.91016 -0.0273337
1.91113 0.115043
1.91211 0.142949
1.91309 0.0830709
1.91406 0.0214
1.91504 -0.064428
1.91602 -0.109907
1.91699 0.0316695
1.91797 -0.0199747
1.91895 0.0329765
1.91992 0.0503363
1.9209 0.0759909
1.92188 0.0836529
1.92285 0.0239933
1.92383 0.0321702
1.9248 0.0817284
1.92578 0.120629
1.92676 -0.0722123
1.92773 -0.00975859
1.92871 0.0147905
1.92969 -0.033963
1.93066 -0.0286519
1.93164 -0.0264675
1.93262 -0.00458862
1.93359 0.0127215
1.93457 0.0794186
1.93555 0.0341169
1.93652 0.0310889
1.9375 0.0252228
1.93848 0.0332508
1.93945 0.140766
1.94043 -0.0692029
1.94141 -0.022705
1.94238 0.055463
1.94336 0.0753578
1.94434 0.0826112
1.94531 0.0592101
1.94629 0.0102423
1.94727 -0.0479114
1.94824 -0.0288878
1.94922 -0.0689585
1.9502 -0.0773744
1.95117 0.0351783
1.95215 -0.0990794
1.95312 -0.0480638
1.9541 -0.060278
1.95508 -0.0389571
1.95605 0.0332089
1.95703 -0.041317
1.95801 0.0157428
1.95898 -0.133974
1.95996 0.0396074
1.96094 -0.00477584
1.96191 -0.00112289
1.96289 -0.0549099
1.96387 0.11667
1.96484 -0.0501274
1.96582 0.049432
1.9668 -0.0983905
1.96777 -0.0551384
1.96875 0.0380758
1.96973 0.0337908
1.9707 -0.0914316
1.97168 0.0480753
1.97266 0.115171
1.97363 0.0453158
1.97461 -0.00897151
1.97559 0.0594433
1.97656 0.101216
1.97754 0.0157009
1.97852 0.079737
1.97949 0.0250307
1.98047 -0.105534
1.98145 0.04863
1.98242 0.0247486
1.9834 -0.0458043
1.98438 -0.0276361
1.98535 0.0492109
1.98633 0.0609428
1.9873 0.0135096
1.98828 0.0576235
1.98926 0.0677974
1.99023 -0.00931158
1.99121 0.0046786
1.99219 -0.0285173
1.99316 -0.0402556
1.99414 0.114209
1.99512 0.0865302
1.99609 0.0955446
1.99707 -0.075527
1.99805 0.0151708
1.99902 -0.0709153
