0 -0.0494675
0.000976562 0.0102434
0.00195312 0.0813219
0.00292969 -0.0642712
0.00390625 -0.0311857
0.00488281 0.00597283
0.00585938 0.0719517
0.00683594 -0.0332631
0.0078125 -0.107062
0.00878906 0.105255
0.00976562 -0.0442646
0.0107422 -0.102075
0.0117188 -0.0948966
0.0126953 0.00282761
0.0136719 0.0144603
0.0146484 0.104394
0.015625 0.0441528
0.0166016 0.00475927
0.0175781 -0.027332
0.0185547 0.0159795
0.0195312 0.0590213
0.0205078 0.0643439
0.0214844 0.0614763
0.0224609 0.0258213
0.0234375 -0.057694
0.0244141 -0.0202978
0.0253906 0.0274383
0.0263672 0.0334246
0.0273438 0.0499475
0.0283203 0.0104619
0.0292969 0.0167819
0.0302734 -0.070921
0.03125 -0.0282356
0.0322266 0.0186636
0.0332031 -0.0383608
0.0341797 -0.0520309
0.0351562 -0.0257045
0.0361328 -0.0645494
0.0371094 0.0206351
0.0380859 0.0297852
0.0390625 0.0267311
0.0400391 0.0254008
0.0410156 -0.00134328
0.0419922 0.0126219
0.0429688 0.0973382
0.0439453 0.00724528
0.0449219 -0.0775704
0.0458984 -0.0111187
0.046875 0.0607677
0.0478516 -0.0221688
0.0488281 0.0470873
0.0498047 -0.00872087
0.0507812 -0.0194254
0.0517578 0.00105511
0.0527344 0.0405909
0.0537109 0.0333463
0.0546875 -0.00826734
0.0556641 -0.0920476
0.0566406 0.0821353
0.0576172 -0.0790104
0.0585938 -0.000323995
0.0595703 0.0237445
0.0605469 -0.00981384
0.0615234 -0.090533
0.0625 0.0938917
0.0634766 0.0277881
0.0644531 0.0611652
0.0654297 0.0124089
0.0664062 0.0530365
0.0673828 -0.0282154
0.0683594 0.0245573
0.0693359 -0.0790619
0.0703125 -0.0153793
0.0712891 0.0456947
0.0722656 -0.127696
0.0732422 0.0292827
0.0742188 -0.0238704
0.0751953 -0.0773089
0.0761719 -0.0137805
0.0771484 0.0492354
0.078125 0.02785
0.0791016 -0.0185128
0.0800781 0.0674316
0.0810547 0.0588983
0.0820312 -0.0534823
0.0830078 -0.0116271
0.0839844 -0.068319
0.0849609 0.0671187
0.0859375 -0.0577065
0.0869141 -0.0468576
0.0878906 0.0582764
0.0888672 -0.00702766
0.0898438 -0.0117118
0.0908203 -0.0155231
0.0917969 0.0170947
0.0927734 0.024084
0.09375 0.0166245
0.0947266 0.0731223
0.0957031 0.0106957
0.0966797 -0.0174026
0.0976562 0.0255101
0.0986328 0.00815404
0.0996094 0.0498117
0.100586 -0.0277832
0.101562 -0.0744514
0.102539 0.0314401
0.103516 -0.0418683
0.104492 -0.0356666
0.105469 -0.00617361
0.106445 0.0350172
0.107422 0.00021757
0.108398 -0.0444256
0.109375 -0.0151013
0.110352 0.0067697
0.111328 -0.0178637
0.112305 0.0273759
0.113281 0.0806927
0.114258 -0.00606967
0.115234 -0.0314006
0.116211 -0.0145241
0.117188 0.00569507
0.118164 -0.0351921
0.119141 0.0162308
0.120117 0.0704615
0.121094 -0.000818461
0.12207 0.0558195
0.123047 0.022538
0.124023 -0.0228368
0.125 0.00815035
0.125977 0.0293475
0.126953 0.0617841
0.12793 0.0414263
0.128906 0.00733844
0.129883 -0.0203816
0.130859 0.00810882
0.131836 0.0150594
0.132812 0.0393107
0.133789 -0.0223772
0.134766 0.0915735
0.135742 -0.00583915
0.136719 0.0843306
0.137695 -0.046515
0.138672 0.0746646
0.139648 -0.0232184
0.140625 0.030422
0.141602 0.0413961
0.142578 -0.0060808
0.143555 -0.0280722
0.144531 -0.0359632
0.145508 -0.048959
0.146484 0.096501
0.147461 -0.0273132
0.148438 -0.0057224
0.149414 0.0677116
0.150391 0.0133823
0.151367 0.00995084
0.152344 -0.0523405
0.15332 0.0544685
0.154297 0.0274491
0.155273 0.0708372
0.15625 0.0109021
0.157227 -0.0645952
0.158203 -0.0848998
0.15918 -0.00637459
0.160156 0.0155992
0.161133 -0.0676218
0.162109 0.0519309
0.163086 0.0800925
0.164062 0.00552271
0.165039 0.0165942
0.166016 0.064272
0.166992 0.0154541
0.167969 -0.00168647
0.168945 -0.0366396
0.169922 -0.016839
0.170898 -0.0309529
0.171875 0.109473
0.172852 -0.0332132
0.173828 -0.0302256
0.174805 0.0575048
0.175781 -0.0295466
0.176758 0.067878
0.177734 0.0371008
0.178711 -0.0148289
0.179688 0.091557
0.180664 -0.0331365
0.181641 -0.0842877
0.182617 0.137587
0.183594 -0.103376
0.18457 0.00759864
0.185547 0.0707335
0.186523 -0.0466269
0.1875 -0.000186441
0.188477 0.0303701
0.189453 -0.0108949
0.19043 -0.00458513
0.191406 -0.0153276
0.192383 0.0609445
0.193359 -0.0143738
0.194336 -0.0331116
0.195312 0.0500252
0.196289 0.0862711
0.197266 -0.0532711
0.198242 -0.027439
0.199219 0.0136657
0.200195 0.0751862
0.201172 0.0116286
0.202148 0.0503512
0.203125 -0.00696184
0.204102 0.0325612
0.205078 -0.000480321
0.206055 0.0222971
0.207031 -0.0760214
0.208008 -0.0220498
0.208984 0.0662815
0.209961 0.0178735
0.210938 0.0206412
0.211914 0.0149609
0.212891 0.0412344
0.213867 0.0490885
0.214844 0.0710254
0.21582 0.0325018
0.216797 -0.00201657
0.217773 -0.0157508
0.21875 0.0249392
0.219727 0.0636029
0.220703 0.0371864
0.22168 -0.0148995
0.222656 -0.0316296
0.223633 -0.0647
0.224609 0.0298153
0.225586 0.0668268
0.226562 -0.0341613
0.227539 0.00103521
0.228516 -0.0144776
0.229492 0.0170717
0.230469 0.000326734
0.231445 -0.0454496
0.232422 0.0124566
0.233398 0.0772257
0.234375 -0.00668849
0.235352 -0.0256528
0.236328 -0.0548873
0.237305 0.0436783
0.238281 0.0390035
0.239258 -0.0251182
0.240234 0.123866
0.241211 0.0361402
0.242188 0.0701155
0.243164 0.00530785
0.244141 0.0388195
0.245117 0.0390589
0.246094 0.0423701
0.24707 -0.00721636
0.248047 0.0702172
0.249023 0.0512322
0.25 0.0305221
0.250977 -0.104835
0.251953 -0.0155293
0.25293 0.012714
0.253906 -0.0141302
0.254883 0.022744
0.255859 0.0345382
0.256836 0.0364418
0.257812 0.0964158
0.258789 0.0160973
0.259766 0.0031063
0.260742 -0.110983
0.261719 -0.0206054
0.262695 0.0692268
0.263672 0.0388411
0.264648 0.0132573
0.265625 -0.00794831
0.266602 0.0296307
0.267578 -0.0380979
0.268555 0.0343395
0.269531 -0.0382686
0.270508 -0.0775261
0.271484 0.00913847
0.272461 -0.000381217
0.273438 0.0264645
0.274414 -0.0880808
0.275391 -0.0420473
0.276367 0.0864362
0.277344 0.00897334
0.27832 0.0345093
0.279297 0.0285796
0.280273 -0.0677816
0.28125 -0.0131287
0.282227 -0.0165394
0.283203 0.0460522
0.28418 0.021346
0.285156 0.0810202
0.286133 -0.0095156
0.287109 0.0459999
0.288086 0.104055
0.289062 0.0249719
0.290039 0.0668737
0.291016 0.0186309
0.291992 0.0165311
0.292969 0.0836519
0.293945 -0.0308245
0.294922 0.0751499
0.295898 0.0644354
0.296875 0.0478978
0.297852 0.0542389
0.298828 0.0508956
0.299805 0.066403
0.300781 0.0352786
0.301758 0.000227931
0.302734 0.00799446
0.303711 -0.0954558
0.304688 0.00147717
0.305664 0.0769425
0.306641 -0.0311839
0.307617 -0.0091322
0.308594 0.0339781
0.30957 0.00439246
0.310547 0.0458266
0.311523 0.0465869
0.3125 0.0697055
0.313477 0.0198774
0.314453 -0.0171389
0.31543 0.0423977
0.316406 -0.0424402
0.317383 -0.0128225
0.318359 0.060093
0.319336 -0.0718447
0.320312 0.0181668
0.321289 -0.108534
0.322266 -0.0386022
0.323242 -0.0692836
0.324219 0.0144041
0.325195 0.0136377
0.326172 0.0309337
0.327148 0.00879395
0.328125 0.0344129
0.329102 0.115099
0.330078 -0.0719312
0.331055 -0.080698
0.332031 -0.00550282
0.333008 0.0702925
0.333984 0.0369202
0.334961 0.0386745
0.335938 0.0430502
0.336914 -0.0232718
0.337891 0.0740849
0.338867 -0.058163
0.339844 0.0193928
0.34082 -0.0475735
0.341797 0.0387046
0.342773 0.0113259
0.34375 0.0150112
0.344727 -0.00840289
0.345703 0.0391929
0.34668 0.0435083
0.347656 0.00559884
0.348633 -0.0517951
0.349609 0.049038
0.350586 0.0426726
0.351562 0.0233554
0.352539 -0.0666697
0.353516 -0.0299914
0.354492 0.027456
0.355469 -0.0368071
0.356445 -0.0173014
0.357422 0.081656
0.358398 -0.0165
0.359375 0.0455299
0.360352 0.0300066
0.361328 0.00605698
0.362305 0.0832227
0.363281 -0.0281944
0.364258 0.0185613
0.365234 0.0135863
0.366211 -0.0611111
0.367188 0.0249724
0.368164 0.0225236
0.369141 0.0372141
0.370117 0.0374008
0.371094 0.0186844
0.37207 0.116609
0.373047 0.0518347
0.374023 0.106113
0.375 -0.0124426
0.375977 0.0458501
0.376953 0.0372398
0.37793 0.00334178
0.378906 0.0123229
0.379883 -0.0157039
0.380859 0.00753889
0.381836 0.0587333
0.382812 -0.0501492
0.383789 -0.0224378
0.384766 0.106077
0.385742 0.0129535
0.386719 -0.0495039
0.387695 0.0631589
0.388672 0.336446
0.389648 0.471001
0.390625 0.428363
0.391602 0.153721
0.392578 0.163785
0.393555 0.110266
0.394531 0.0490354
0.395508 -0.0730761
0.396484 -0.00945546
0.397461 0.0694309
0.398438 -0.0417513
0.399414 0.0312994
0.400391 -0.00899619
0.401367 -0.0274268
0.402344 0.0188963
0.40332 0.00694262
0.404297 -0.0293299
0.405273 0.0575596
0.40625 -0.00969704
0.407227 0.0116636
0.408203 0.0043629
0.40918 0.0258476
0.410156 -0.0627582
0.411133 0.0367985
0.412109 0.0237529
0.413086 0.0492822
0.414062 0.0302887
0.415039 0.0275289
0.416016 0.0147974
0.416992 -0.0275405
0.417969 -0.134026
0.418945 0.00559779
0.419922 0.0204063
0.420898 -0.0165053
0.421875 -0.0291895
0.422852 -0.0521111
0.423828 0.067359
0.424805 0.0178131
0.425781 0.044799
0.426758 0.0589283
0.427734 -0.00469903
0.428711 0.00169855
0.429688 -0.0330494
0.430664 0.0151707
0.431641 0.0632063
0.432617 -0.0493631
0.433594 0.0510158
0.43457 0.0704278
0.435547 0.0378795
0.436523 0.00987682
0.4375 0.00345846
0.438477 0.0294497
0.439453 0.0704001
0.44043 -0.0167856
0.441406 0.0242151
0.442383 -0.0306536
0.443359 0.0233155
0.444336 -0.0409417
0.445312 -0.0369208
0.446289 0.0195848
0.447266 0.0167904
0.448242 0.0052462
0.449219 0.0639562
0.450195 0.0350239
0.451172 0.0366819
0.452148 -0.00707764
0.453125 0.0206145
0.454102 -0.0433608
0.455078 -0.00222381
0.456055 0.0303614
0.457031 0.0607879
0.458008 0.04078
0.458984 0.090568
0.459961 0.0555629
0.460938 0.0445404
0.461914 -0.0303486
0.462891 0.0346363
0.463867 0.00930208
0.464844 0.0364298
0.46582 0.0373012
0.466797 0.0134931
0.467773 0.00214597
0.46875 0.0178969
0.469727 0.0165341
0.470703 0.0533232
0.47168 -0.0403032
0.472656 -0.0190659
0.473633 -0.0566194
0.474609 -0.00725056
0.475586 -0.00611158
0.476562 -0.000895763
0.477539 -0.00110954
0.478516 0.0167079
0.479492 -0.0824166
0.480469 -0.0107487
0.481445 0.00230903
0.482422 0.0669556
0.483398 -0.125105
0.484375 -0.0678846
0.485352 -0.0690756
0.486328 -0.0324406
0.487305 0.0707315
0.488281 -0.0461966
0.489258 0.0424997
0.490234 -0.0417376
0.491211 0.0831693
0.492188 -0.132859
0.493164 0.00782352
0.494141 -0.00280038
0.495117 -0.0160866
0.496094 0.00397858
0.49707 0.0778166
0.498047 0.0075381
0.499023 -0.00857667
0.5 0.00365125
0.500977 0.0828867
0.501953 0.0568429
0.50293 0.00666565
0.503906 -0.0169219
0.504883 0.0192414
0.505859 -0.0461357
0.506836 0.0167258
0.507812 0.122799
0.508789 0.106119
0.509766 -0.114822
0.510742 -0.000754582
0.511719 0.0678799
0.512695 0.0762175
0.513672 0.0625074
0.514648 0.0572334
0.515625 -0.00843148
0.516602 0.0769147
0.517578 -0.00227512
0.518555 -0.0395389
0.519531 -0.128757
0.520508 0.00283611
0.521484 -0.0487826
0.522461 -0.000536121
0.523438 -0.0455008
0.524414 -0.0805811
0.525391 0.0293466
0.526367 -0.0218966
0.527344 0.033522
0.52832 0.0622157
0.529297 -0.0535047
0.530273 -0.0120756
0.53125 -0.013511
0.532227 -0.00534029
0.533203 0.0353193
0.53418 0.0357856
0.535156 0.0521959
0.536133 0.0507438
0.537109 -0.0786307
0.538086 0.00617618
0.539062 -0.0298306
0.540039 -0.00318279
0.541016 0.00668453
0.541992 -0.0486039
0.542969 -0.0127275
0.543945 0.00574783
0.544922 0.0593153
0.545898 0.00624284
0.546875 -0.0448699
0.547852 0.0631933
0.548828 0.0132418
0.549805 0.016104
0.550781 0.0330365
0.551758 0.0500306
0.552734 0.0118268
0.553711 0.0483445
0.554688 0.0662399
0.555664 -0.0508378
0.556641 -0.0125083
0.557617 0.0397161
0.558594 -0.0109306
0.55957 0.0189564
0.560547 -0.00891663
0.561523 -0.0029546
0.5625 0.0452306
0.563477 0.00322952
0.564453 -0.055138
0.56543 0.0431845
0.566406 0.0303239
0.567383 -0.137144
0.568359 -0.0676073
0.569336 0.0464959
0.570312 -0.0090325
0.571289 -0.0357452
0.572266 0.027061
0.573242 -0.0243082
0.574219 -0.0317558
0.575195 0.0121714
0.576172 -0.0239543
0.577148 0.0410174
0.578125 0.0527769
0.579102 -0.0371029
0.580078 -0.0477468
0.581055 0.0040487
0.582031 0.0541835
0.583008 0.0134311
0.583984 0.0529595
0.584961 0.0287994
0.585938 -0.00133775
0.586914 0.0134878
0.587891 0.0596927
0.588867 -0.0136623
0.589844 0.0669846
0.59082 0.0522313
0.591797 0.0200499
0.592773 0.00536391
0.59375 0.0210026
0.594727 -0.0188737
0.595703 0.138518
0.59668 -0.119637
0.597656 -0.0401479
0.598633 -0.00806141
0.599609 0.0596084
0.600586 0.0199313
0.601562 -0.0364407
0.602539 -0.0962666
0.603516 -0.011755
0.604492 0.0264317
0.605469 0.0218517
0.606445 -0.0192779
0.607422 0.0633098
0.608398 -0.0153087
0.609375 0.0762459
0.610352 0.0593128
0.611328 -0.0227435
0.612305 -0.0176115
0.613281 0.0123634
0.614258 0.0455688
0.615234 0.0480628
0.616211 -0.0619504
0.617188 0.0845921
0.618164 0.0665667
0.619141 -0.0450511
0.620117 0.0424143
0.621094 0.00535927
0.62207 0.0683547
0.623047 0.0237215
0.624023 -0.0099715
0.625 0.0925197
0.625977 0.034254
0.626953 0.00513143
0.62793 0.00555706
0.628906 -0.0295605
0.629883 0.010814
0.630859 0.0299086
0.631836 0.0377671
0.632812 -0.0608678
0.633789 0.0962177
0.634766 0.0800958
0.635742 -0.053607
0.636719 0.0685323
0.637695 -0.04876
0.638672 -0.013723
0.639648 -0.000470154
0.640625 0.0383364
0.641602 -0.00345728
0.642578 -0.0229381
0.643555 0.0922252
0.644531 0.0124497
0.645508 0.0195813
0.646484 0.000358161
0.647461 -0.0112017
0.648438 0.0866197
0.649414 0.0777876
0.650391 -0.0215687
0.651367 0.110203
0.652344 0.0813932
0.65332 0.0781283
0.654297 1.395e-05
0.655273 0.0378103
0.65625 -0.00734795
0.657227 -0.0350082
0.658203 0.0757983
0.65918 0.0290246
0.660156 0.0362229
0.661133 0.0429121
0.662109 0.0736835
0.663086 0.0326026
0.664062 -0.0383941
0.665039 -0.0254563
0.666016 -0.0478483
0.666992 -0.0182649
0.667969 0.0206822
0.668945 0.0406508
0.669922 -0.0574008
0.670898 0.0697768
0.671875 0.018359
0.672852 0.0073358
0.673828 0.0160564
0.674805 0.0176209
0.675781 0.0245081
0.676758 0.0164484
0.677734 -0.0386097
0.678711 0.0152208
0.679688 0.0488927
0.680664 -0.0543838
0.681641 0.0669246
0.682617 -0.0244718
0.683594 0.0548789
0.68457 0.00214371
0.685547 -0.0353523
0.686523 0.0795993
0.6875 0.0704569
0.688477 -0.0683282
0.689453 0.0717523
0.69043 0.0627985
0.691406 -0.00027172
0.692383 0.0254233
0.693359 -0.0285886
0.694336 -0.00482247
0.695312 -0.0707302
0.696289 -0.117949
0.697266 0.0621546
0.698242 0.0301891
0.699219 0.0117636
0.700195 0.0627599
0.701172 0.0107962
0.702148 -0.0154242
0.703125 -0.0641989
0.704102 0.00913292
0.705078 0.0843247
0.706055 -0.0193236
0.707031 -0.0510367
0.708008 0.0206715
0.708984 -0.0678707
0.709961 -0.0538515
0.710938 0.0286845
0.711914 -0.0479017
0.712891 0.0491307
0.713867 -0.0262468
0.714844 0.0978281
0.71582 0.0728318
0.716797 0.061879
0.717773 -0.0572418
0.71875 -0.0255338
0.719727 0.0512973
0.720703 0.00460679
0.72168 0.0587104
0.722656 -0.0379014
0.723633 -0.0495392
0.724609 -0.0441424
0.725586 0.0470002
0.726562 0.0450916
0.727539 0.00283052
0.728516 -0.0281132
0.729492 0.00691892
0.730469 0.0350659
0.731445 0.120333
0.732422 0.0115847
0.733398 0.0327672
0.734375 0.0334733
0.735352 0.0726951
0.736328 0.0777902
0.737305 0.0905475
0.738281 0.0731282
0.739258 -0.00898609
0.740234 0.0680787
0.741211 0.0720837
0.742188 0.063939
0.743164 -0.00779322
0.744141 0.0148468
0.745117 0.0280323
0.746094 0.0668651
0.74707 0.071887
0.748047 -0.0132268
0.749023 0.0128654
0.75 0.121232
0.750977 0.033409
0.751953 0.0325461
0.75293 0.0340984
0.753906 0.0484444
0.754883 -0.0430642
0.755859 0.0327828
0.756836 0.0883958
0.757812 -0.00177785
0.758789 0.0558608
0.759766 0.0199036
0.760742 -0.0690301
0.761719 -0.057627
0.762695 0.0209626
0.763672 -0.0203629
0.764648 -0.0302959
0.765625 0.0185692
0.766602 -0.0768837
0.767578 0.0417981
0.768555 0.0717833
0.769531 -0.0555276
0.770508 -0.0308909
0.771484 0.0341497
0.772461 0.0236883
0.773438 -0.0343594
0.774414 0.0553014
0.775391 -0.0130435
0.776367 0.0552256
0.777344 0.0457461
0.77832 0.0121182
0.779297 -0.123301
0.780273 -0.0337282
0.78125 -0.0288706
0.782227 0.0381435
0.783203 -0.0227923
0.78418 0.0148146
0.785156 0.10138
0.786133 0.0192899
0.787109 -0.0752054
0.788086 0.0310622
0.789062 -0.0366692
0.790039 -0.0108201
0.791016 0.0236571
0.791992 0.00879527
0.792969 0.0135823
0.793945 0.00855719
0.794922 -0.0278848
0.795898 0.05944
0.796875 0.0461084
0.797852 0.101517
0.798828 -0.0617132
0.799805 -0.00649245
0.800781 0.00574323
0.801758 -0.0164811
0.802734 0.0201362
0.803711 -0.0549227
0.804688 0.0284266
0.805664 -0.0295806
0.806641 0.0360452
0.807617 0.0208209
0.808594 0.0687165
0.80957 0.041612
0.810547 0.00924695
0.811523 0.0584716
0.8125 0.0226686
0.813477 -0.0469202
0.814453 0.0297141
0.81543 4.26354e-05
0.816406 0.047034
0.817383 0.0108208
0.818359 -0.0491188
0.819336 -0.0434327
0.820312 0.092966
0.821289 0.0564521
0.822266 0.0457213
0.823242 -0.0201734
0.824219 0.0848542
0.825195 0.000816375
0.826172 -0.00141124
0.827148 0.0449084
0.828125 -0.0380427
0.829102 0.0341371
0.830078 -0.0618358
0.831055 0.0921328
0.832031 -0.0530215
0.833008 0.119787
0.833984 0.049406
0.834961 -0.0267795
0.835938 -0.09009
0.836914 -0.016917
0.837891 0.0820614
0.838867 0.0442004
0.839844 0.0320264
0.84082 0.0770111
0.841797 0.0176139
0.842773 0.0629791
0.84375 0.0656119
0.844727 0.0143967
0.845703 -0.0150657
0.84668 0.000577061
0.847656 -0.112033
0.848633 -0.0459445
0.849609 -0.00868798
0.850586 -0.0996919
0.851562 -0.0172032
0.852539 -0.0890468
0.853516 -0.0012978
0.854492 -0.0814031
0.855469 -0.0434791
0.856445 0.0423518
0.857422 0.0239631
0.858398 -0.060108
0.859375 0.0266524
0.860352 -0.0307452
0.861328 0.0193731
0.862305 0.0208332
0.863281 0.034613
0.864258 0.0251656
0.865234 -0.0478966
0.866211 0.0368736
0.867188 -0.0800654
0.868164 -0.0413026
0.869141 0.0528069
0.870117 0.0346641
0.871094 0.0332348
0.87207 0.0100138
0.873047 -0.0101681
0.874023 0.016239
0.875 -0.0276138
0.875977 -0.0103867
0.876953 -0.0235367
0.87793 0.0290003
0.878906 0.016193
0.879883 -0.0257086
0.880859 0.0349449
0.881836 -0.0464528
0.882812 -0.0356482
0.883789 -0.0482904
0.884766 0.054257
0.885742 -0.0265857
0.886719 0.0453451
0.887695 0.110662
0.888672 -0.0375881
0.889648 -0.0365149
0.890625 0.0329633
0.891602 0.0594363
0.892578 -0.0296757
0.893555 0.0629946
0.894531 0.0976016
0.895508 0.0186942
0.896484 -0.0174558
0.897461 0.0293468
0.898438 -0.00716638
0.899414 0.00412777
0.900391 0.0691536
0.901367 -0.00957166
0.902344 -0.0285309
0.90332 0.0283876
0.904297 -0.0652277
0.905273 0.0280104
0.90625 0.00284243
0.907227 -0.0132326
0.908203 0.0709527
0.90918 -0.0581851
0.910156 0.146216
0.911133 -0.0392301
0.912109 0.0750423
0.913086 0.00588481
0.914062 0.015769
0.915039 -0.00244613
0.916016 0.00287047
0.916992 -0.0348129
0.917969 -0.0480601
0.918945 0.0716242
0.919922 -0.0113715
0.920898 0.0110613
0.921875 0.119604
0.922852 -0.0324934
0.923828 -0.0479583
0.924805 0.0685567
0.925781 0.0410661
0.926758 -0.0152828
0.927734 0.0207068
0.928711 0.0963914
0.929688 0.0372529
0.930664 0.00189899
0.931641 0.00472171
0.932617 0.037807
0.933594 0.0101502
0.93457 0.0644334
0.935547 0.0704945
0.936523 0.0472647
0.9375 0.0698257
0.938477 0.0738439
0.939453 -0.0117483
0.94043 0.0615329
0.941406 0.0212657
0.942383 0.0324095
0.943359 0.0254872
0.944336 -0.0302951
0.945312 -0.0156863
0.946289 0.0460734
0.947266 -0.0141991
0.948242 0.0604102
0.949219 0.00731943
0.950195 -0.0190572
0.951172 0.107163
0.952148 0.027522
0.953125 0.0529875
0.954102 -0.0144952
0.955078 -0.00481561
0.956055 0.0339195
0.957031 -0.00888949
0.958008 0.00427376
0.958984 0.0278732
0.959961 0.0516349
0.960938 0.090156
0.961914 0.12185
0.962891 0.0615671
0.963867 -0.014613
0.964844 0.138491
0.96582 0.100202
0.966797 0.0082274
0.967773 0.00308955
0.96875 0.0087212
0.969727 0.0132031
0.970703 -0.069619
0.97168 -0.0281693
0.972656 -0.0670249
0.973633 -0.0487621
0.974609 0.0400795
0.975586 -0.040028
0.976562 -0.0569698
0.977539 0.0739885
0.978516 0.0262138
0.979492 0.0215828
0.980469 0.0395523
0.981445 0.0644356
0.982422 0.0441958
0.983398 -0.0356307
0.984375 -0.0598768
0.985352 0.0396642
0.986328 -0.0482934
0.987305 0.0461108
0.988281 0.00340792
0.989258 -0.0115463
0.990234 -0.0101912
0.991211 0.0184938
0.992188 -0.00493309
0.993164 0.00916627
0.994141 0.0458388
0.995117 -0.015358
0.996094 -0.00332458
0.99707 -0.0459265
0.998047 -0.0988363
0.999023 0.0461817
1 0.069901
1.00098 0.0373076
1.00195 0.0668995
1.00293 0.0340906
1.00391 0.0948523
1.00488 -0.077777
1.00586 -0.0181074
1.00684 -0.0378069
1.00781 -0.0633245
1.00879 -0.00211833
1.00977 0.0978736
1.01074 0.0179232
1.01172 -0.0564286
1.0127 -0.0508793
1.01367 -0.0437547
1.01465 -0.0335529
1.01562 -0.0592885
1.0166 -0.000496193
1.01758 0.0264417
1.01855 0.0303503
1.01953 -0.0169244
1.02051 0.0627746
1.02148 -0.00759448
1.02246 -0.0890857
1.02344 -0.0217184
1.02441 0.0379001
1.02539 0.0150589
1.02637 -0.0623002
1.02734 -0.0242606
1.02832 -0.0352348
1.0293 0.00986316
1.03027 0.0279127
1.03125 0.00741952
1.03223 -0.0460082
1.0332 -0.000498452
1.03418 0.0624685
1.03516 0.0320237
1.03613 0.0486122
1.03711 0.0359467
1.03809 -0.0541645
1.03906 0.00664703
1.04004 -0.0739965
1.04102 0.0261051
1.04199 0.0607645
1.04297 -0.0597604
1.04395 -0.0135666
1.04492 0.0492784
1.0459 -0.0453414
1.04688 0.000591154
1.04785 0.0566715
1.04883 -0.0782808
1.0498 0.0672481
1.05078 0.0894641
1.05176 0.0065402
1.05273 -0.0439537
1.05371 0.0520806
1.05469 0.0115095
1.05566 -0.0412465
1.05664 -0.00565202
1.05762 0.0380241
1.05859 -0.0324095
1.05957 0.0137311
1.06055 0.0444212
1.06152 -0.0560439
1.0625 0.0644577
1.06348 -0.0234151
1.06445 0.00121135
1.06543 0.0394229
1.06641 -0.00913636
1.06738 -0.0612845
1.06836 0.119673
1.06934 -0.00616384
1.07031 0.0181671
1.07129 0.0491789
1.07227 -0.0290038
1.07324 -0.0274605
1.07422 -0.00844686
1.0752 0.046878
1.07617 -0.0202692
1.07715 0.0943987
1.07812 0.0166126
1.0791 -0.0496804
1.08008 0.0220229
1.08105 0.0457449
1.08203 -0.00974623
1.08301 -0.0491374
1.08398 -0.0257732
1.08496 0.0212943
1.08594 -0.0295128
1.08691 -0.00809885
1.08789 -0.0166176
1.08887 0.0677505
1.08984 0.0119265
1.09082 0.0335606
1.0918 0.043587
1.09277 -0.0534622
1.09375 0.00926418
1.09473 -0.004422
1.0957 -0.0160274
1.09668 -0.012071
1.09766 0.0134391
1.09863 0.0510627
1.09961 -0.0271995
1.10059 0.0181973
1.10156 -0.000954347
1.10254 -0.0488167
1.10352 0.00322274
1.10449 0.111701
1.10547 -0.0441542
1.10645 0.0782557
1.10742 -0.029237
1.1084 -0.0215712
1.10938 8.42481e-05
1.11035 0.0627842
1.11133 -0.00946523
1.1123 -0.0122515
1.11328 -0.0212788
1.11426 -0.0325089
1.11523 -0.0550815
1.11621 0.0790018
1.11719 0.016088
1.11816 0.00849004
1.11914 0.0287942
1.12012 -0.00082921
1.12109 0.0545303
1.12207 -0.00176992
1.12305 -0.0784043
1.12402 -0.0421765
1.125 0.0228707
1.12598 -0.0243211
1.12695 -0.00646944
1.12793 0.0961015
1.12891 0.0290874
1.12988 -0.0178069
1.13086 -0.0684775
1.13184 -0.0232482
1.13281 0.0304396
1.13379 0.0134869
1.13477 -0.0131017
1.13574 -0.0407311
1.13672 0.0327284
1.1377 -0.00477975
1.13867 0.151715
1.13965 -0.0651066
1.14062 -0.0634308
1.1416 0.131987
1.14258 0.0393025
1.14355 -0.0717642
1.14453 0.0146123
1.14551 0.0657497
1.14648 0.0400639
1.14746 -0.00965459
1.14844 0.0024152
1.14941 0.00733791
1.15039 -0.00602106
1.15137 0.00285178
1.15234 0.0452426
1.15332 0.00354135
1.1543 0.0162108
1.15527 0.0478398
1.15625 -0.019845
1.15723 0.0336324
1.1582 -0.00413793
1.15918 -0.134112
1.16016 0.00838586
1.16113 -0.115669
1.16211 -0.0593718
1.16309 -0.0777176
1.16406 0.0366013
1.16504 0.0202393
1.16602 -0.0697154
1.16699 0.0300786
1.16797 -0.00148919
1.16895 0.0234168
1.16992 0.0778252
1.1709 -0.015748
1.17188 0.00369562
1.17285 -0.00689522
1.17383 0.0709692
1.1748 -0.0477596
1.17578 -0.0398634
1.17676 -0.10285
1.17773 -0.0242851
1.17871 0.0254069
1.17969 -0.0609829
1.18066 -0.0942673
1.18164 -0.0207537
1.18262 -0.0349024
1.18359 -0.00156068
1.18457 0.00374663
1.18555 0.0367082
1.18652 -0.00729599
1.1875 0.021479
1.18848 -0.00911979
1.18945 0.0379449
1.19043 -0.0280916
1.19141 0.0146395
1.19238 0.0251776
1.19336 0.020503
1.19434 0.0336536
1.19531 -0.0243484
1.19629 -0.0306434
1.19727 0.0524667
1.19824 0.0257134
1.19922 -0.0065522
1.2002 -0.0152207
1.20117 -0.00183837
1.20215 -0.0167748
1.20312 -0.0397702
1.2041 -0.015325
1.20508 -0.00117175
1.20605 -0.00365078
1.20703 0.0144622
1.20801 -0.0384559
1.20898 0.0547072
1.20996 -0.00686887
1.21094 0.0308139
1.21191 -0.0552183
1.21289 0.00902484
1.21387 0.0465222
1.21484 -0.0125514
1.21582 0.00300286
1.2168 0.0117844
1.21777 0.0156446
1.21875 0.00147613
1.21973 -0.0160768
1.2207 -0.000459222
1.22168 0.0488695
1.22266 0.0372714
1.22363 -0.00442221
1.22461 -0.00393442
1.22559 -0.0833033
1.22656 -0.0248533
1.22754 -0.0844541
1.22852 0.0985959
1.22949 0.0173525
1.23047 0.0116685
1.23145 -0.0368588
1.23242 0.0320469
1.2334 0.00383704
1.23438 0.00165802
1.23535 -0.0684141
1.23633 -0.0411116
1.2373 -0.0490219
1.23828 0.0447484
1.23926 0.0627462
1.24023 -0.032487
1.24121 0.0429698
1.24219 -0.00852464
1.24316 0.014832
1.24414 0.0701518
1.24512 0.0921024
1.24609 0.0518495
1.24707 0.103644
1.24805 0.0202634
1.24902 -0.0178704
1.25 -0.0292699
1.25098 -0.0239092
1.25195 -0.0154648
1.25293 0.0141527
1.25391 -0.0400204
1.25488 -0.0834565
1.25586 0.00155293
1.25684 0.0544217
1.25781 -0.0592538
1.25879 0.0394237
1.25977 0.0563541
1.26074 -0.00186456
1.26172 -0.011629
1.2627 0.0179707
1.26367 -0.0121722
1.26465 -0.0486971
1.26562 -0.0421607
1.2666 0.0247871
1.26758 -0.0443635
1.26855 -0.00679308
1.26953 0.0427372
1.27051 -0.00525996
1.27148 -0.0254758
1.27246 -0.0256322
1.27344 -0.0592271
1.27441 0.0332091
1.27539 0.0469508
1.27637 0.0140494
1.27734 -0.00948444
1.27832 -0.0796884
1.2793 -0.05969
1.28027 0.0422538
1.28125 -0.0451059
1.28223 -7.57177e-05
1.2832 -0.0574574
1.28418 0.0844409
1.28516 0.0888362
1.28613 -0.00362852
1.28711 0.0328618
1.28809 -0.0112708
1.28906 0.00719629
1.29004 0.0232247
1.29102 0.0739694
1.29199 -0.0955251
1.29297 0.0218991
1.29395 0.0879983
1.29492 -0.0893551
1.2959 0.0559188
1.29688 0.109644
1.29785 0.0445826
1.29883 -0.117656
1.2998 0.00432689
1.30078 -0.0662471
1.30176 0.00346114
1.30273 0.0462033
1.30371 -0.0146398
1.30469 -0.0345035
1.30566 -0.0122942
1.30664 0.127773
1.30762 -0.0546547
1.30859 0.1207
1.30957 0.051974
1.31055 0.0408092
1.31152 -0.0879508
1.3125 -0.026079
1.31348 -0.0645914
1.31445 -0.024451
1.31543 -0.0914976
1.31641 -0.0458711
1.31738 -0.0472645
1.31836 -0.0500359
1.31934 -0.0123969
1.32031 -0.073939
1.32129 0.0252057
1.32227 -0.0221232
1.32324 0.0560832
1.32422 0.0207629
1.3252 -0.0349665
1.32617 0.0480809
1.32715 0.111671
1.32812 -0.0445649
1.3291 -0.0809251
1.33008 -0.0608681
1.33105 0.0978505
1.33203 0.10238
1.33301 0.00867168
1.33398 -0.0957001
1.33496 -0.0109132
1.33594 -0.0209945
1.33691 0.00976557
1.33789 0.0442569
1.33887 -0.0115125
1.33984 -0.0375758
1.34082 -3.94992e-05
1.3418 -0.0082165
1.34277 -0.0287159
1.34375 0.112556
1.34473 0.0546765
1.3457 0.00532258
1.34668 -0.0437714
1.34766 0.0346569
1.34863 0.0108911
1.34961 0.0112722
1.35059 -0.0206711
1.35156 0.0110932
1.35254 0.00137894
1.35352 0.032381
1.35449 0.0187749
1.35547 -0.0155948
1.35645 -0.0278804
1.35742 0.00291915
1.3584 -0.0412622
1.35938 -0.00801051
1.36035 -0.102324
1.36133 -0.0516609
1.3623 -0.0301577
1.36328 0.009351
1.36426 0.0549703
1.36523 0.0948358
1.36621 0.0450972
1.36719 -0.0224879
1.36816 0.0673583
1.36914 -0.0330263
1.37012 0.00689013
1.37109 0.0409398
1.37207 -0.00216514
1.37305 0.00092317
1.37402 -0.0478005
1.375 0.0639419
1.37598 0.060279
1.37695 -0.082095
1.37793 -0.0271962
1.37891 -0.0313934
1.37988 0.0497078
1.38086 0.00168517
1.38184 0.0357966
1.38281 0.0675221
1.38379 -0.00642109
1.38477 0.0556942
1.38574 0.0462569
1.38672 -0.0193103
1.3877 -0.0436323
1.38867 0.111447
1.38965 -0.0632379
1.39062 -0.162992
1.3916 -0.0200015
1.39258 0.0204112
1.39355 -0.0139156
1.39453 0.0353323
1.39551 -0.0154858
1.39648 -0.0543008
1.39746 -0.0124168
1.39844 0.0965617
1.39941 -0.0448141
1.40039 0.066331
1.40137 0.043106
1.40234 -0.0162876
1.40332 0.00791675
1.4043 0.0765384
1.40527 0.0181204
1.40625 0.000977429
1.40723 0.0266559
1.4082 -0.0211584
1.40918 -0.0785218
1.41016 0.0260817
1.41113 -0.0210135
1.41211 0.000841577
1.41309 -0.0171399
1.41406 -0.0152296
1.41504 -0.0230021
1.41602 0.0646935
1.41699 -0.0580391
1.41797 -0.0271634
1.41895 -0.0760571
1.41992 0.0202754
1.4209 0.0118032
1.42188 0.0520429
1.42285 0.0462606
1.42383 0.0610637
1.4248 0.0543413
1.42578 0.0264803
1.42676 0.0475599
1.42773 0.0745583
1.42871 -0.076131
1.42969 0.019167
1.43066 0.0903745
1.43164 0.076619
1.43262 0.0218859
1.43359 -0.00918713
1.43457 0.0719391
1.43555 0.0540374
1.43652 -0.00899586
1.4375 -0.0490035
1.43848 -0.0136489
1.43945 0.0459912
1.44043 -0.0408019
1.44141 0.0374816
1.44238 -0.0155868
1.44336 -0.0299933
1.44434 0.0633046
1.44531 0.012779
1.44629 0.00728146
1.44727 0.0459876
1.44824 -0.0145676
1.44922 0.0026953
1.4502 0.0412204
1.45117 0.0235802
1.45215 -0.0260734
1.45312 0.0319353
1.4541 -0.00540158
1.45508 0.077744
1.45605 0.0180748
1.45703 0.0371466
1.45801 0.00305901
1.45898 0.065137
1.45996 -0.0301969
1.46094 0.069617
1.46191 -0.030979
1.46289 0.0987187
1.46387 0.0435763
1.46484 -0.00109814
1.46582 0.0429618
1.4668 0.0242905
1.46777 0.0113634
1.46875 0.0785436
1.46973 0.039179
1.4707 0.0592793
1.47168 0.0506496
1.47266 0.0786413
1.47363 0.0780299
1.47461 0.0179413
1.47559 -0.00950563
1.47656 0.0150464
1.47754 0.047873
1.47852 0.0488638
1.47949 -0.0267333
1.48047 -0.0417708
1.48145 0.034052
1.48242 0.00225072
1.4834 -0.0881792
1.48438 0.0123669
1.48535 0.0756332
1.48633 0.0211204
1.4873 -0.00690737
1.48828 0.0219004
1.48926 0.0268551
1.49023 0.0984038
1.49121 -0.0310159
1.49219 0.0191475
1.49316 0.0261587
1.49414 0.0238161
1.49512 -0.0124351
1.49609 0.0239566
1.49707 0.10917
1.49805 0.0330488
1.49902 0.00243532
1.5 0.085871
1.50098 0.0672144
1.50195 0.0664716
1.50293 0.063332
1.50391 0.0323576
1.50488 -0.0474132
1.50586 0.0297304
1.50684 0.00886018
1.50781 0.0284429
1.50879 0.0208907
1.50977 0.0497379
1.51074 -0.000732841
1.51172 -0.00607239
1.5127 -0.0334268
1.51367 0.0312767
1.51465 -0.00737905
1.51562 0.0958783
1.5166 0.0422541
1.51758 0.040773
1.51855 0.0378317
1.51953 -0.0367267
1.52051 0.0405277
1.52148 0.0772871
1.52246 -0.104113
1.52344 -0.0262587
1.52441 0.0087622
1.52539 -0.00313846
1.52637 0.0368948
1.52734 -0.0405896
1.52832 0.0889537
1.5293 -0.0116287
1.53027 -0.0228107
1.53125 0.0150583
1.53223 0.074829
1.5332 0.0125302
1.53418 0.0256578
1.53516 0.0789919
1.53613 0.0669978
1.53711 0.0492982
1.53809 0.0312882
1.53906 -0.0311029
1.54004 0.0389861
1.54102 -0.0363276
1.54199 0.00284721
1.54297 0.0101713
1.54395 0.0905964
1.54492 0.0768065
1.5459 0.00568104
1.54688 0.0470957
1.54785 0.0369105
1.54883 -0.00750377
1.5498 -0.0294486
1.55078 -0.0376177
1.55176 -0.0165203
1.55273 0.0204072
1.55371 0.0969163
1.55469 0.1093
1.55566 0.0130242
1.55664 -0.00782927
1.55762 0.0965049
1.55859 -0.0262402
1.55957 -0.0514698
1.56055 0.0702647
1.56152 0.0826087
1.5625 -0.0059979
1.56348 0.0922721
1.56445 -0.0433077
1.56543 0.0270615
1.56641 -0.0486245
1.56738 -0.0500641
1.56836 0.0556924
1.56934 -0.026146
1.57031 0.0107395
1.57129 -0.0216087
1.57227 -0.0459351
1.57324 -0.0401722
1.57422 -0.0108049
1.5752 -0.0230355
1.57617 -0.0096561
1.57715 0.0194705
1.57812 0.0126104
1.5791 0.0424208
1.58008 0.0247417
1.58105 -0.00573524
1.58203 0.0734419
1.58301 0.0864322
1.58398 -0.0458443
1.58496 0.0902425
1.58594 -0.0224714
1.58691 0.0616884
1.58789 0.0743352
1.58887 0.0388233
1.58984 0.0158631
1.59082 -0.0525332
1.5918 0.0382423
1.59277 -0.0383844
1.59375 0.0172327
1.59473 0.0066469
1.5957 0.00490322
1.59668 0.0368946
1.59766 0.0607861
1.59863 -0.0271816
1.59961 0.0217208
1.60059 -0.0442212
1.60156 0.027331
1.60254 0.0658894
1.60352 0.0541777
1.60449 0.0324494
1.60547 -0.0131137
1.60645 0.00166306
1.60742 -0.00569255
1.6084 0.0123765
1.60938 -0.0116302
1.61035 -0.00476119
1.61133 -0.0600714
1.6123 0.048939
1.61328 0.012297
1.61426 0.161869
1.61523 0.0665601
1.61621 -0.036125
1.61719 -0.0404162
1.61816 0.0306862
1.61914 -0.0965736
1.62012 0.0149095
1.62109 0.0267073
1.62207 0.00024062
1.62305 -0.00015143
1.62402 0.0146226
1.625 -0.0501728
1.62598 -0.0232163
1.62695 -0.0917538
1.62793 0.0691106
1.62891 0.0162893
1.62988 0.00391116
1.63086 0.00544621
1.63184 0.0279395
1.63281 -0.0468047
1.63379 -0.0762928
1.63477 -0.00277734
1.63574 0.0348324
1.63672 -0.0131789
1.6377 0.0159459
1.63867 0.0494636
1.63965 0.00115579
1.64062 0.00326087
1.6416 0.0110693
1.64258 0.0133081
1.64355 -0.017107
1.64453 -0.0785601
1.64551 0.0118191
1.64648 -0.0312895
1.64746 -0.0717767
1.64844 0.0522812
1.64941 0.0144202
1.65039 0.0369459
1.65137 0.0245736
1.65234 0.025443
1.65332 0.012666
1.6543 0.086009
1.65527 0.0387913
1.65625 -0.0463909
1.65723 -0.0519325
1.6582 -0.0585561
1.65918 0.0531218
1.66016 -0.0435566
1.66113 0.0264047
1.66211 -0.0300641
1.66309 0.00921064
1.66406 0.037625
1.66504 0.0453758
1.66602 0.000955621
1.66699 0.014711
1.66797 0.106285
1.66895 0.00978723
1.66992 0.022996
1.6709 0.0279363
1.67188 -0.0679717
1.67285 0.00846429
1.67383 0.0325631
1.6748 0.0611279
1.67578 0.139426
1.67676 0.0142336
1.67773 -0.0470692
1.67871 0.032892
1.67969 0.0658478
1.68066 -0.00272377
1.68164 0.0291489
1.68262 0.00954862
1.68359 -0.0580802
1.68457 -0.00277554
1.68555 0.0163938
1.68652 -0.086147
1.6875 -0.0135072
1.68848 -0.037289
1.68945 0.0398561
1.69043 -0.0290572
1.69141 -0.0185661
1.69238 -0.00939234
1.69336 -0.00769015
1.69434 -0.0225611
1.69531 0.00219515
1.69629 0.0186272
1.69727 0.0286413
1.69824 0.009927
1.69922 -0.0254405
1.7002 0.0220421
1.70117 0.00323497
1.70215 -0.0603438
1.70312 0.0256666
1.7041 -0.0464484
1.70508 -0.0754411
1.70605 0.0376637
1.70703 0.0720368
1.70801 -0.0152451
1.70898 0.0382346
1.70996 0.0791919
1.71094 0.0533408
1.71191 0.0361953
1.71289 -0.024422
1.71387 0.0536922
1.71484 0.0296635
1.71582 0.051501
1.7168 -0.0209037
1.71777 0.115426
1.71875 0.00266994
1.71973 0.0241413
1.7207 -0.0319983
1.72168 -0.0652649
1.72266 -0.0174719
1.72363 0.00802325
1.72461 -0.038663
1.72559 0.0489417
1.72656 0.060849
1.72754 -0.0253316
1.72852 -0.0371754
1.72949 -0.0428125
1.73047 0.0817689
1.73145 0.020324
1.73242 0.101048
1.7334 0.00976471
1.73438 0.029958
1.73535 -0.00429382
1.73633 0.0155959
1.7373 -0.0631229
1.73828 -0.0496988
1.73926 0.0117663
1.74023 -0.0438376
1.74121 0.0320407
1.74219 0.0521898
1.74316 0.0749089
1.74414 0.0615529
1.74512 0.0867768
1.74609 0.0685752
1.74707 -0.0721531
1.74805 -0.0520567
1.74902 0.00935384
1.75 -0.0475156
1.75098 0.0678482
1.75195 0.137577
1.75293 -0.02105
1.75391 0.0099515
1.75488 0.0499859
1.75586 -0.0762624
1.75684 0.0744666
1.75781 0.0283907
1.75879 -0.0195706
1.75977 0.0293454
1.76074 0.0345344
1.76172 0.0501022
1.7627 0.0846832
1.76367 0.0210594
1.76465 0.00267611
1.76562 0.00602426
1.7666 -0.0481357
1.76758 0.0246466
1.76855 0.0673933
1.76953 -0.053204
1.77051 0.0485331
1.77148 0.0509553
1.77246 -0.0500076
1.77344 0.104592
1.77441 0.0803936
1.77539 0.0575376
1.77637 0.0121679
1.77734 0.0903659
1.77832 0.0626955
1.7793 0.014593
1.78027 0.0117061
1.78125 0.00609339
1.78223 0.120399
1.7832 0.0253208
1.78418 -0.0165158
1.78516 -0.0245385
1.78613 0.0371999
1.78711 -0.0261188
1.78809 -0.0129192
1.78906 0.0337824
1.79004 0.0543403
1.79102 0.0250071
1.79199 -0.0704872
1.79297 0.0601256
1.79395 -0.092622
1.79492 -0.00443134
1.7959 -0.00546607
1.79688 0.0218246
1.79785 0.15984
1.79883 0.0105224
1.7998 0.00575042
1.80078 0.0310368
1.80176 0.0389139
1.80273 0.0108339
1.80371 0.0270809
1.80469 0.00322858
1.80566 0.067052
1.80664 0.10206
1.80762 0.000331988
1.80859 -0.016143
1.80957 0.00484616
1.81055 0.0732874
1.81152 0.0010074
1.8125 -0.0174265
1.81348 0.0431911
1.81445 0.0631798
1.81543 -0.0653674
1.81641 0.0305095
1.81738 -0.0143569
1.81836 0.00948431
1.81934 0.0300843
1.82031 -0.0216702
1.82129 -0.0430821
1.82227 0.0120357
1.82324 -0.0313371
1.82422 -0.0521564
1.8252 0.0713192
1.82617 0.0802985
1.82715 0.0725373
1.82812 0.0210366
1.8291 0.0538467
1.83008 -0.037863
1.83105 -0.0740678
1.83203 0.0512016
1.83301 -0.0707104
1.83398 -0.0577582
1.83496 -0.00483596
1.83594 -0.0501219
1.83691 0.120512
1.83789 -0.0344565
1.83887 0.0708108
1.83984 0.0625702
1.84082 -0.065338
1.8418 0.0658974
1.84277 0.0633462
1.84375 -0.0672983
1.84473 -0.0297034
1.8457 0.0571939
1.84668 -0.0310595
1.84766 0.00664888
1.84863 0.0138008
1.84961 -0.0702562
1.85059 0.0695114
1.85156 0.0174083
1.85254 -0.00234284
1.85352 -0.0787608
1.85449 0.022937
1.85547 0.147265
1.85645 0.0410791
1.85742 -0.0160672
1.8584 -0.00718302
1.85938 0.0747155
1.86035 0.00206721
1.86133 0.0217828
1.8623 0.0222862
1.86328 0.069932
1.86426 -0.00324491
1.86523 -0.0203154
1.86621 -0.00442923
1.86719 0.101547
1.86816 -0.0369863
1.86914 0.0378953
1.87012 0.0614756
1.87109 0.0170414
1.87207 0.0802767
1.87305 0.07816
1.87402 -0.000966574
1.875 -0.0241306
1.87598 0.0128373
1.87695 0.00175845
1.87793 -0.0397032
1.87891 0.0184706
1.87988 -0.0012202
1.88086 0.051768
1.88184 0.00376743
1.88281 0.0141748
1.88379 0.0468087
1.88477 0.000821069
1.88574 0.0313827
1.88672 -0.109999
1.8877 -0.0116451
1.88867 0.0156176
1.88965 0.046062
1.89062 0.0233087
1.8916 0.000259948
1.89258 -0.0494397
1.89355 0.0593476
1.89453 -0.0452618
1.89551 -0.000995064
1.89648 -0.0162449
1.89746 0.0322347
1.89844 0.0780009
1.89941 0.11368
1.90039 -0.089225
1.90137 0.0180685
1.90234 0.0573517
1.90332 0.0240591
1.9043 -0.138213
1.90527 -0.0926266
1.90625 0.0626221
1.90723 0.0976346
1.9082 -0.0360112
1.90918 0.00462037
1.91016 -0.0517019
1.91113 -0.061263
1.91211 0.00537373
1.91309 0.0210389
1.91406 0.00965855
1.91504 0.128959
1.91602 0.0238597
1.91699 0.0443305
1.91797 -0.0107178
1.91895 0.115096
1.91992 0.0144531
1.9209 -0.00589078
1.92188 0.0200599
1.92285 0.044487
1.92383 0.0175502
1.9248 -0.000990205
1.92578 -0.0544249
1.92676 0.0616741
1.92773 0.0396269
1.92871 0.0420063
1.92969 -0.0803454
1.93066 -0.00237945
1.93164 -0.0357299
1.93262 0.0206021
1.93359 0.0476438
1.93457 0.0829712
1.93555 -0.0688637
1.93652 0.0160864
1.9375 0.0273842
1.93848 -0.0667496
1.93945 0.0341579
1.94043 0.00225091
1.94141 0.0373305
1.94238 -0.0259121
1.94336 -0.00895525
1.94434 0.00954479
1.94531 -0.017432
1.94629 -0.0274772
1.94727 -0.0558249
1.94824 -0.00678859
1.94922 0.040488
1.9502 0.00746303
1.95117 0.0320138
1.95215 0.0102481
1.95312 0.0697814
1.9541 -0.0991446
1.95508 0.0113422
1.95605 -0.0607075
1.95703 -0.0138011
1.95801 0.046072
1.95898 -0.0317898
1.95996 0.129241
1.96094 -0.0254066
1.96191 -0.0251941
1.96289 0.0595833
1.96387 -0.0636523
1.96484 -0.088341
1.96582 -0.0118995
1.9668 -0.0358508
1.96777 -0.0160575
1.96875 0.0207168
1.96973 0.0120761
1.9707 0.0114539
1.97168 -0.0252863
1.97266 0.044523
1.97363 -0.0311514
1.97461 0.001924
1.97559 0.0416771
1.97656 0.120418
1.97754 -0.0351301
1.97852 -0.00336767
1.97949 0.0658521
1.98047 0.0322231
1.98145 0.0373923
1.98242 -0.0438364
1.9834 0.0347302
1.98438 0.109273
1.98535 0.0798938
1.98633 0.115783
1.9873 0.0669133
1.98828 -0.0369232
1.98926 0.0169046
1.99023 0.0539126
1.99121 0.0594382
1.99219 -0.101145
1.99316 0.071234
1.99414 0.100777
1.99512 0.00610222
1.99609 -0.0347889
1.99707 0.043623
1.99805 0.0423683
1.99902 -0.0553994
