0 0.145388
0.000976562 0.0826514
0.00195312 -0.12943
0.00292969 -0.0515437
0.00390625 0.155225
0.00488281 0.00516955
0.00585938 0.0488794
0.00683594 -0.0389862
0.0078125 -0.00113058
0.00878906 0.0653444
0.00976562 0.00843566
0.0107422 -0.0710572
0.0117188 -0.0505531
0.0126953 0.0824517
0.0136719 0.0790543
0.0146484 -0.071535
0.015625 0.0782239
0.0166016 0.0785321
0.0175781 0.00921396
0.0185547 0.118836
0.0195312 -0.0212423
0.0205078 -0.0938726
0.0214844 0.0344691
0.0224609 -0.0284946
0.0234375 -0.0373578
0.0244141 0.0941971
0.0253906 -0.044037
0.0263672 -0.0048916
0.0273438 -0.0906062
0.0283203 0.010299
0.0292969 0.0333646
0.0302734 -0.0802056
0.03125 -0.0418502
0.0322266 -0.0338203
0.0332031 0.0670952
0.0341797 0.0984959
0.0351562 -0.0410859
0.0361328 0.214272
0.0371094 -0.0362562
0.0380859 -0.129544
0.0390625 0.0166699
0.0400391 -0.0376338
0.0410156 0.0532978
0.0419922 0.0395886
0.0429688 -0.0798948
0.0439453 -0.0707389
0.0449219 0.0427542
0.0458984 -0.0529585
0.046875 0.00191477
0.0478516 -0.0801142
0.0488281 -0.10093
0.0498047 0.01768
0.0507812 -0.073213
0.0517578 0.00459087
0.0527344 -0.146842
0.0537109 0.0408266
0.0546875 0.0465834
0.0556641 0.107468
0.0566406 0.0236281
0.0576172 -0.0332262
0.0585938 0.0264784
0.0595703 0.0605708
0.0605469 0.0527539
0.0615234 -0.0331209
0.0625 0.045554
0.0634766 -0.0527157
0.0644531 0.114928
0.0654297 0.0721739
0.0664062 -0.0792382
0.0673828 0.0264167
0.0683594 -0.0634497
0.0693359 0.0689982
0.0703125 0.0250797
0.0712891 -0.0425661
0.0722656 -0.0479659
0.0732422 0.158984
0.0742188 -0.00567609
0.0751953 0.0808631
0.0761719 0.0396562
0.0771484 0.0654718
0.078125 0.119161
0.0791016 -0.0507064
0.0800781 -0.106776
0.0810547 -0.101545
0.0820312 0.0819919
0.0830078 0.00231841
0.0839844 -0.139068
0.0849609 0.0243447
0.0859375 -0.00164289
0.0869141 -0.0569204
0.0878906 -0.0306776
0.0888672 -0.0969693
0.0898438 0.087143
0.0908203 0.0843331
0.0917969 0.0269232
0.0927734 -0.0366062
0.09375 -0.00239739
0.0947266 -0.160439
0.0957031 -0.0393524
0.0966797 0.154128
0.0976562 0.0998075
0.0986328 0.0539831
0.0996094 -0.0694739
0.100586 0.0242913
0.101562 0.0571365
0.102539 -0.00966409
0.103516 0.0784302
0.104492 -0.00948728
0.105469 -0.0316576
0.106445 0.0912342
0.107422 -0.0304266
0.108398 -0.198893
0.109375 0.00997504
0.110352 -0.0380043
0.111328 0.0718939
0.112305 0.163538
0.113281 -0.161062
0.114258 0.0474546
0.115234 0.048918
0.116211 0.267572
0.117188 0.00544699
0.118164 0.00434073
0.119141 -0.0105947
0.120117 0.016356
0.121094 -0.119231
0.12207 0.0365354
0.123047 0.038921
0.124023 -0.08353
0.125 0.0300572
0.125977 0.10532
0.126953 0.101057
0.12793 0.141765
0.128906 -0.229216
0.129883 -0.00791891
0.130859 0.0957566
0.131836 0.061052
0.132812 0.097204
0.133789 -0.00197177
0.134766 0.12044
0.135742 0.0149227
0.136719 0.030282
0.137695 0.0242183
0.138672 0.0067668
0.139648 -0.0560106
0.140625 0.107409
0.141602 -0.013963
0.142578 -0.133682
0.143555 0.0912774
0.144531 -0.020484
0.145508 0.108915
0.146484 0.0840292
0.147461 -0.00319073
0.148438 -0.109334
0.149414 0.0644927
0.150391 0.013107
0.151367 -0.0376157
0.152344 -0.0226918
0.15332 0.0768592
0.154297 0.014702
0.155273 0.0349706
0.15625 -0.0453521
0.157227 0.021909
0.158203 0.0210017
0.15918 0.0985432
0.160156 0.0332013
0.161133 -0.0470263
0.162109 0.0597934
0.163086 0.00371272
0.164062 0.0217653
0.165039 0.105146
0.166016 -0.0622723
0.166992 0.067896
0.167969 0.1173
0.168945 0.0514049
0.169922 -0.139054
0.170898 -0.037615
0.171875 0.0336428
0.172852 0.0752516
0.173828 -0.00449593
0.174805 -0.136549
0.175781 -0.114235
0.176758 -0.019801
0.177734 -0.0244383
0.178711 0.025792
0.179688 0.0393484
0.180664 0.124067
0.181641 -0.0209283
0.182617 0.067996
0.183594 -0.0573706
0.18457 0.0859629
0.185547 -0.0599315
0.186523 0.127596
0.1875 0.0447781
0.188477 0.0140393
0.189453 0.0242226
0.19043 -0.0203243
0.191406 -0.0610036
0.192383 0.0226792
0.193359 -0.088285
0.194336 -0.0252192
0.195312 -0.118555
0.196289 0.00929409
0.197266 -0.0474659
0.198242 -0.133376
0.199219 0.101787
0.200195 0.041359
0.201172 0.0657346
0.202148 0.0439484
0.203125 -0.0341959
0.204102 -0.0305518
0.205078 -0.0397928
0.206055 -0.0647399
0.207031 -0.0760072
0.208008 -0.00361313
0.208984 -0.0680914
0.209961 0.0140094
0.210938 -0.0527342
0.211914 0.117202
0.212891 0.0120526
0.213867 -0.0359261
0.214844 0.0729188
0.21582 -0.028074
0.216797 0.0989673
0.217773 0.00933999
0.21875 0.0251223
0.219727 -0.000256746
0.220703 0.091012
0.22168 0.139942
0.222656 0.053399
0.223633 -0.00255763
0.224609 -0.0816176
0.225586 -0.0581981
0.226562 -0.0827056
0.227539 -0.0870822
0.228516 0.0282938
0.229492 -0.0388575
0.230469 -0.0257816
0.231445 0.211673
0.232422 -0.0250121
0.233398 -0.0660497
0.234375 -0.174073
0.235352 0.038133
0.236328 -0.0369985
0.237305 -0.0460624
0.238281 -0.0105285
0.239258 0.149387
0.240234 -0.0389285
0.241211 0.0272407
0.242188 -0.0215094
0.243164 -0.0259539
0.244141 0.069331
0.245117 0.0216116
0.246094 -0.0381948
0.24707 0.0648562
0.248047 0.0301326
0.249023 0.0608601
0.25 0.053539
0.250977 -0.0555095
0.251953 0.0475809
0.25293 -0.0477658
0.253906 -0.0167045
0.254883 -0.011894
0.255859 0.0500127
0.256836 0.111813
0.257812 0.00837117
0.258789 0.0181358
0.259766 0.0141904
0.260742 0.140362
0.261719 0.176516
0.262695 -0.0577674
0.263672 -0.0328212
0.264648 0.0779177
0.265625 0.024883
0.266602 -0.0223869
0.267578 -0.0977028
0.268555 -0.0956569
0.269531 -0.038417
0.270508 -0.11997
0.271484 -0.00284121
0.272461 -0.00509485
0.273438 0.00676013
0.274414 -0.143237
0.275391 0.133298
0.276367 0.0299676
0.277344 0.00403032
0.27832 0.126858
0.279297 -0.0471937
0.280273 0.147129
0.28125 -0.0144045
0.282227 0.0822585
0.283203 0.0787454
0.28418 0.0101451
0.285156 0.0765464
0.286133 0.243493
0.287109 0.0951451
0.288086 0.0399387
0.289062 -0.117359
0.290039 -0.0493656
0.291016 -0.0580405
0.291992 0.00634423
0.292969 -0.00061393
0.293945 -0.00996739
0.294922 -0.00373375
0.295898 -0.098197
0.296875 0.058261
0.297852 0.186878
0.298828 -0.0345063
0.299805 -0.144403
0.300781 -0.084786
0.301758 -0.0610195
0.302734 0.0646712
0.303711 -0.0301032
0.304688 -0.0714189
0.305664 0.0184189
0.306641 0.022673
0.307617 0.0391496
0.308594 -0.0388598
0.30957 0.018253
0.310547 -0.0818221
0.311523 0.0818464
0.3125 0.0110426
0.313477 0.0867822
0.314453 0.0493981
0.31543 0.0803588
0.316406 -0.0549988
0.317383 0.0338755
0.318359 -0.0142822
0.319336 -0.0418449
0.320312 -0.0767907
0.321289 0.0164996
0.322266 -0.0288032
0.323242 -0.0845176
0.324219 0.0771777
0.325195 0.0203914
0.326172 0.105429
0.327148 -0.0419189
0.328125 -0.120659
0.329102 -0.0705466
0.330078 -0.0355285
0.331055 0.0834583
0.332031 -0.0113276
0.333008 -0.126143
0.333984 -0.0856189
0.334961 0.0485509
0.335938 0.024642
0.336914 0.0265412
0.337891 0.111708
0.338867 -0.0502835
0.339844 0.00804561
0.34082 -0.0366324
0.341797 0.114968
0.342773 0.0653496
0.34375 -0.27065
0.344727 0.072927
0.345703 0.0462822
0.34668 0.0235648
0.347656 -0.102063
0.348633 -0.161829
0.349609 0.0689896
0.350586 -0.134717
0.351562 -0.121763
0.352539 0.0282235
0.353516 0.0853009
0.354492 0.0734615
0.355469 0.111223
0.356445 0.0856771
0.357422 -0.0464409
0.358398 0.0753041
0.359375 -0.0415987
0.360352 -0.052443
0.361328 0.117639
0.362305 0.00179111
0.363281 -0.0876705
0.364258 0.00522251
0.365234 0.158763
0.366211 -0.0319375
0.367188 -0.0871372
0.368164 -0.0930358
0.369141 -0.0509037
0.370117 -0.0206119
0.371094 0.00920928
0.37207 0.190091
0.373047 0.164971
0.374023 -0.0707594
0.375 -0.0177859
0.375977 0.027502
0.376953 0.067313
0.37793 -0.0839562
0.378906 0.005888
0.379883 0.0749781
0.380859 0.0232225
0.381836 -0.0699608
0.382812 -0.0401937
0.383789 0.0481175
0.384766 0.0304256
0.385742 0.0527405
0.386719 0.0773551
0.387695 0.0306689
0.388672 -0.0565412
0.389648 -0.0837036
0.390625 0.0514397
0.391602 0.0197473
0.392578 0.0429203
0.393555 -0.0644877
0.394531 -0.0704685
0.395508 0.00277308
0.396484 -0.062584
0.397461 -0.0408435
0.398438 0.054489
0.399414 0.0193702
0.400391 0.0916115
0.401367 -0.0926861
0.402344 0.0538687
0.40332 0.128189
0.404297 -0.0503426
0.405273 -0.0661103
0.40625 -0.104551
0.407227 0.080691
0.408203 -0.0410928
0.40918 -0.0137143
0.410156 -0.118633
0.411133 0.0516566
0.412109 -0.019437
0.413086 0.139465
0.414062 -0.0292224
0.415039 -0.0111361
0.416016 0.0562974
0.416992 -0.000539231
0.417969 -0.0615805
0.418945 -0.049706
0.419922 -0.0806668
0.420898 0.204702
0.421875 0.00027366
0.422852 0.012013
0.423828 0.0747349
0.424805 0.0523691
0.425781 -0.122068
0.426758 -0.16302
0.427734 0.218016
0.428711 0.0308346
0.429688 -0.00842939
0.430664 0.033722
0.431641 0.198281
0.432617 -0.0414497
0.433594 0.116393
0.43457 0.199265
0.435547 -0.0958109
0.436523 -0.200306
0.4375 0.0523056
0.438477 0.0382902
0.439453 0.0860778
0.44043 -0.0983026
0.441406 -0.00394411
0.442383 -0.0746833
0.443359 0.0354161
0.444336 0.0484795
0.445312 0.132516
0.446289 0.158492
0.447266 0.117923
0.448242 -0.00737911
0.449219 0.0169645
0.450195 0.0168354
0.451172 0.0890301
0.452148 0.155382
0.453125 -0.0612332
0.454102 0.253437
0.455078 0.012702
0.456055 -0.200573
0.457031 0.127826
0.458008 0.0345495
0.458984 0.118486
0.459961 0.0659581
0.460938 0.034527
0.461914 0.0228591
0.462891 -0.136048
0.463867 0.0836572
0.464844 0.0175938
0.46582 0.0307437
0.466797 -0.0318021
0.467773 0.0789378
0.46875 0.0184688
0.469727 0.0495811
0.470703 -0.12085
0.47168 -0.152799
0.472656 -0.0800716
0.473633 0.111552
0.474609 -0.171366
0.475586 0.132891
0.476562 0.00540584
0.477539 0.0207972
0.478516 -0.0624107
0.479492 -0.0168728
0.480469 0.133784
0.481445 0.056204
0.482422 -0.146737
0.483398 0.110251
0.484375 -0.108829
0.485352 -0.0913946
0.486328 -0.111495
0.487305 0.0307392
0.488281 -0.0160765
0.489258 0.0519723
0.490234 0.104825
0.491211 0.0172997
0.492188 -0.012227
0.493164 0.0573519
0.494141 -0.190449
0.495117 -0.0117013
0.496094 -0.125293
0.49707 0.0833939
0.498047 -0.352247
0.499023 1.38218
0.5 2.2
0.500977 -0.0700722
0.501953 -0.00877873
0.50293 -0.12124
0.503906 0.0606141
0.504883 -0.10254
0.505859 0.00663742
0.506836 -0.10453
0.507812 0.0258045
0.508789 -0.25266
0.509766 -0.0295366
0.510742 -0.0327733
0.511719 -0.0173574
0.512695 0.000748999
0.513672 0.136036
0.514648 0.0389359
0.515625 -0.0513473
0.516602 -0.0363383
0.517578 0.00572824
0.518555 -0.0363282
0.519531 -0.101082
0.520508 -0.00804603
0.521484 -0.0962317
0.522461 0.161099
0.523438 0.0396493
0.524414 0.0211441
0.525391 -0.15028
0.526367 0.020192
0.527344 0.0239516
0.52832 -0.00713828
0.529297 0.0105908
0.530273 0.036891
0.53125 0.0877893
0.532227 0.019356
0.533203 -0.0668326
0.53418 0.033329
0.535156 -0.0227328
0.536133 -0.0199196
0.537109 0.149553
0.538086 -0.104207
0.539062 0.0589084
0.540039 0.025919
0.541016 0.10256
0.541992 0.12485
0.542969 0.0897544
0.543945 0.0426638
0.544922 -0.138123
0.545898 -0.142252
0.546875 0.0353277
0.547852 -0.0802529
0.548828 -0.0730926
0.549805 -0.0317491
0.550781 0.0311029
0.551758 0.0356473
0.552734 0.0880661
0.553711 0.0806864
0.554688 0.0226542
0.555664 -0.108855
0.556641 -0.165147
0.557617 0.00397858
0.558594 0.0788858
0.55957 -0.107099
0.560547 0.0681866
0.561523 0.0677297
0.5625 -0.0340356
0.563477 0.134356
0.564453 0.0762455
0.56543 0.0155458
0.566406 0.170265
0.567383 0.132807
0.568359 0.0172525
0.569336 -0.00695506
0.570312 -0.0294584
0.571289 0.00347104
0.572266 0.0097712
0.573242 -0.197185
0.574219 -0.0581942
0.575195 -0.0154298
0.576172 0.0602944
0.577148 0.13373
0.578125 0.00117928
0.579102 0.0160611
0.580078 0.0195401
0.581055 0.154188
0.582031 0.100308
0.583008 0.0899928
0.583984 0.103757
0.584961 -0.0197876
0.585938 0.133407
0.586914 0.14719
0.587891 -0.0134074
0.588867 -0.119133
0.589844 -0.0919536
0.59082 0.108133
0.591797 -0.111943
0.592773 0.0245949
0.59375 0.0618983
0.594727 -0.0297434
0.595703 -0.053111
0.59668 0.0456004
0.597656 -0.0625042
0.598633 0.0207447
0.599609 -0.00172454
0.600586 -0.0702113
0.601562 -0.0328355
0.602539 0.010684
0.603516 -0.0929994
0.604492 -0.134253
0.605469 0.0562834
0.606445 -0.0394382
0.607422 0.0136475
0.608398 0.092381
0.609375 0.00856645
0.610352 0.0319393
0.611328 -0.0837697
0.612305 0.135421
0.613281 0.0621991
0.614258 -0.088878
0.615234 0.0768156
0.616211 0.00469685
0.617188 0.0219907
0.618164 0.0330626
0.619141 0.170686
0.620117 -0.115992
0.621094 -0.0102808
0.62207 -0.0130692
0.623047 -0.0355635
0.624023 -0.135357
0.625 -0.058013
0.625977 -0.0388215
0.626953 0.116005
0.62793 -0.0195408
0.628906 0.136795
0.629883 -0.00307339
0.630859 -0.0364404
0.631836 0.0979474
0.632812 -0.0879017
0.633789 -0.0746256
0.634766 0.0519281
0.635742 0.112905
0.636719 -0.0200718
0.637695 0.138553
0.638672 -0.0138967
0.639648 -0.038655
0.640625 0.0574426
0.641602 -0.0259037
0.642578 0.0481166
0.643555 -0.00362966
0.644531 -0.0781795
0.645508 0.0411891
0.646484 0.154371
0.647461 -0.117616
0.648438 0.0395793
0.649414 0.10906
0.650391 0.0416707
0.651367 -0.119767
0.652344 0.0106375
0.65332 -0.000547685
0.654297 0.0581047
0.655273 -0.0423972
0.65625 0.034119
0.657227 0.031387
0.658203 -0.0584651
0.65918 -0.00963307
0.660156 0.0845373
0.661133 0.0674117
0.662109 0.0598171
0.663086 0.105137
0.664062 0.00716531
0.665039 0.0920299
0.666016 -0.074929
0.666992 0.0419094
0.667969 0.13848
0.668945 0.00636692
0.669922 0.0683165
0.670898 0.0992586
0.671875 -0.064752
0.672852 -0.0505893
0.673828 -0.0242487
0.674805 -0.0651516
0.675781 0.102492
0.676758 -0.0994322
0.677734 0.0639689
0.678711 -0.0599667
0.679688 0.07601
0.680664 0.0609571
0.681641 -0.0745936
0.682617 -0.0129504
0.683594 -0.0775647
0.68457 -0.0153169
0.685547 -0.0553815
0.686523 -0.11988
0.6875 -0.147218
0.688477 0.000665339
0.689453 0.03966
0.69043 -0.00410701
0.691406 -0.0166941
0.692383 -0.0263978
0.693359 0.00725863
0.694336 0.00737896
0.695312 -0.153899
0.696289 0.0414724
0.697266 0.164421
0.698242 -0.059146
0.699219 -0.103823
0.700195 0.0701899
0.701172 0.0424348
0.702148 0.101673
0.703125 -0.0885474
0.704102 -0.0422022
0.705078 0.0399649
0.706055 0.140953
0.707031 -0.157247
0.708008 0.0422254
0.708984 -0.0482496
0.709961 -0.0383239
0.710938 -0.0759044
0.711914 -0.035082
0.712891 0.192517
0.713867 0.0288548
0.714844 0.0221526
0.71582 0.0559917
0.716797 -0.00929163
0.717773 0.0273887
0.71875 -0.127081
0.719727 -0.0863987
0.720703 0.0410095
0.72168 0.0592461
0.722656 -0.073383
0.723633 0.043808
0.724609 0.0228918
0.725586 -0.070664
0.726562 -0.0803783
0.727539 0.0575496
0.728516 -0.100154
0.729492 0.163769
0.730469 0.0677143
0.731445 0.0914148
0.732422 -0.0472494
0.733398 0.0919533
0.734375 -0.0485496
0.735352 0.00769035
0.736328 0.0402393
0.737305 0.0060207
0.738281 -0.0186786
0.739258 0.090789
0.740234 0.0669094
0.741211 -0.0735675
0.742188 0.0451323
0.743164 -0.00867341
0.744141 0.0167226
0.745117 0.0749278
0.746094 0.0405108
0.74707 -0.00633124
0.748047 -0.146432
0.749023 -0.0168555
0.75 -0.0783744
0.750977 0.201358
0.751953 -0.0104108
0.75293 -0.010613
0.753906 0.0226331
0.754883 0.0540532
0.755859 -0.0297567
0.756836 -0.0578083
0.757812 -0.0326736
0.758789 0.0228313
0.759766 0.025658
0.760742 -0.128394
0.761719 -0.0814037
0.762695 0.0338839
0.763672 0.0194158
0.764648 0.0630651
0.765625 0.168776
0.766602 0.0757744
0.767578 0.0477345
0.768555 0.0947601
0.769531 -0.131141
0.770508 -0.0676502
0.771484 0.108184
0.772461 -0.0364023
0.773438 0.0748164
0.774414 0.163993
0.775391 0.0477726
0.776367 -0.0280303
0.777344 0.0409046
0.77832 -0.0445272
0.779297 -0.00403506
0.780273 -0.0339717
0.78125 0.173172
0.782227 -0.0376755
0.783203 -0.0592229
0.78418 0.07876
0.785156 0.053007
0.786133 -0.0597822
0.787109 0.00724881
0.788086 0.0380165
0.789062 0.0537625
0.790039 0.0952825
0.791016 0.036961
0.791992 -0.0626589
0.792969 -0.101101
0.793945 -0.0559856
0.794922 0.0262218
0.795898 0.076529
0.796875 0.141086
0.797852 0.0105202
0.798828 -0.0469837
0.799805 -0.120996
0.800781 0.0964789
0.801758 0.147229
0.802734 0.0713395
0.803711 -0.0497085
0.804688 0.00115585
0.805664 0.0426499
0.806641 -0.019261
0.807617 -0.0167016
0.808594 0.0673905
0.80957 0.081188
0.810547 -0.00420669
0.811523 -0.0602843
0.8125 -0.148611
0.813477 -0.0767692
0.814453 -0.0688508
0.81543 -0.00682798
0.816406 0.0602399
0.817383 -0.172436
0.818359 -0.00376735
0.819336 -0.0546374
0.820312 0.00464656
0.821289 0.0393026
0.822266 -0.13291
0.823242 0.107319
0.824219 -0.0113299
0.825195 0.00465958
0.826172 0.0919593
0.827148 0.110784
0.828125 -0.0831846
0.829102 -0.00468928
0.830078 -0.00827222
0.831055 0.0155214
0.832031 0.134428
0.833008 0.0864373
0.833984 -0.00342413
0.834961 -2.9789e-05
0.835938 0.00972381
0.836914 -0.0139017
0.837891 0.1187
0.838867 0.0826632
0.839844 0.0370222
0.84082 -0.0886698
0.841797 -0.0655905
0.842773 0.0983179
0.84375 -0.0615592
0.844727 -0.112919
0.845703 0.0963714
0.84668 -0.106397
0.847656 0.206185
0.848633 0.0041376
0.849609 -0.106623
0.850586 -0.118948
0.851562 0.0187171
0.852539 -0.0360606
0.853516 0.166995
0.854492 0.083184
0.855469 -0.0883208
0.856445 -0.0901932
0.857422 0.145782
0.858398 -0.0478443
0.859375 0.0783081
0.860352 -0.0963387
0.861328 -0.015501
0.862305 -0.0211931
0.863281 0.215818
0.864258 0.188395
0.865234 0.0103163
0.866211 0.0185726
0.867188 0.0781978
0.868164 -0.0167979
0.869141 -0.0379404
0.870117 0.082893
0.871094 -0.0163016
0.87207 -0.0198593
0.873047 -0.0148158
0.874023 0.0834774
0.875 0.0767391
0.875977 -0.00423343
0.876953 0.0169965
0.87793 0.0455634
0.878906 0.0304435
0.879883 -0.129123
0.880859 0.0369203
0.881836 0.040596
0.882812 -0.026215
0.883789 0.081542
0.884766 0.0513646
0.885742 0.000452828
0.886719 -0.0195626
0.887695 -0.0806588
0.888672 0.00140693
0.889648 -0.0380768
0.890625 0.114576
0.891602 0.0381038
0.892578 -0.0494453
0.893555 -0.0196103
0.894531 0.104697
0.895508 0.175915
0.896484 0.00982706
0.897461 0.122889
0.898438 -0.0459499
0.899414 -0.037468
0.900391 -0.00827076
0.901367 0.0147321
0.902344 -0.17751
0.90332 0.0933143
0.904297 0.0853906
0.905273 -0.0206427
0.90625 -0.0525245
0.907227 0.13667
0.908203 0.0346866
0.90918 0.0897858
0.910156 -0.0877609
0.911133 0.0380948
0.912109 -0.0613344
0.913086 0.0112356
0.914062 -0.0291574
0.915039 0.179
0.916016 -0.00718879
0.916992 0.0608165
0.917969 0.0564716
0.918945 0.0352576
0.919922 -0.0279336
0.920898 0.0357938
0.921875 0.0251023
0.922852 -0.0481059
0.923828 0.0189534
0.924805 -0.0652033
0.925781 -0.0905513
0.926758 -0.0163943
0.927734 -0.0063065
0.928711 0.088736
0.929688 -0.0357043
0.930664 -0.0428253
0.931641 0.0705956
0.932617 -0.0114354
0.933594 0.0686772
0.93457 0.0845741
0.935547 0.0542477
0.936523 0.00518877
0.9375 0.0478637
0.938477 0.00277942
0.939453 -0.119793
0.94043 0.146046
0.941406 -0.0232867
0.942383 0.0704365
0.943359 -0.140164
0.944336 -0.0164619
0.945312 -0.0183974
0.946289 0.0763164
0.947266 0.0656305
0.948242 -0.0196262
0.949219 0.00417578
0.950195 0.053397
0.951172 0.00753776
0.952148 -0.131715
0.953125 -0.132817
0.954102 -0.0211865
0.955078 0.0697553
0.956055 0.0267866
0.957031 0.143985
0.958008 0.0239621
0.958984 0.0157812
0.959961 0.0199739
0.960938 0.0965449
0.961914 -0.0426416
0.962891 0.121596
0.963867 0.0567985
0.964844 0.0559995
0.96582 -0.063067
0.966797 0.0213434
0.967773 -0.0399894
0.96875 0.0363589
0.969727 -0.0555641
0.970703 0.0776691
0.97168 -0.100814
0.972656 -0.0644124
0.973633 0.117119
0.974609 -0.0361155
0.975586 -0.0619223
0.976562 -0.0861341
0.977539 -0.106756
0.978516 -0.0346822
0.979492 -0.257782
0.980469 -0.116342
0.981445 -0.00197817
0.982422 0.125907
0.983398 -0.0989971
0.984375 0.0796392
0.985352 -0.041159
0.986328 -0.210654
0.987305 0.146285
0.988281 -0.0255224
0.989258 -0.0439151
0.990234 0.170016
0.991211 -0.0724056
0.992188 0.113406
0.993164 0.0812246
0.994141 0.0254323
0.995117 0.121481
0.996094 0.000515632
0.99707 -0.0667216
0.998047 -0.0296617
0.999023 0.0132289
1 -0.0609555
1.00098 0.0556478
1.00195 0.0647559
1.00293 0.0415863
1.00391 0.00819074
1.00488 0.0961938
1.00586 -0.010971
1.00684 0.163742
1.00781 0.0472523
1.00879 -0.0579862
1.00977 0.0833186
1.01074 -0.00324911
1.01172 -0.0848558
1.0127 -0.0880818
1.01367 0.0628941
1.01465 -0.00136431
1.01562 0.114719
1.0166 -0.125752
1.01758 -0.0464471
1.01855 -0.0661168
1.01953 0.0295327
1.02051 -0.0336171
1.02148 0.00308114
1.02246 -0.0398307
1.02344 0.0527677
1.02441 0.0512875
1.02539 0.0975385
1.02637 -0.00466326
1.02734 0.0639558
1.02832 0.0976017
1.0293 -0.00402647
1.03027 0.00182545
1.03125 -0.0194762
1.03223 -0.0281797
1.0332 0.104898
1.03418 0.0226191
1.03516 0.0617184
1.03613 -0.132464
1.03711 -0.0492697
1.03809 -0.0166833
1.03906 0.125304
1.04004 -0.0489642
1.04102 -0.107083
1.04199 -0.179151
1.04297 0.03944
1.04395 0.0471917
1.04492 0.0525816
1.0459 -0.0230846
1.04688 -0.146182
1.04785 0.0952853
1.04883 0.042578
1.0498 0.0470896
1.05078 0.0759053
1.05176 0.0267061
1.05273 0.0395032
1.05371 0.03603
1.05469 -0.0433679
1.05566 -0.0258718
1.05664 0.0410644
1.05762 0.0967433
1.05859 0.141721
1.05957 -0.132645
1.06055 0.039025
1.06152 0.0624141
1.0625 -0.0959816
1.06348 0.0593098
1.06445 0.120221
1.06543 0.146314
1.06641 0.0353682
1.06738 0.0841108
1.06836 0.173018
1.06934 0.182972
1.07031 -0.0211833
1.07129 0.0177965
1.07227 -0.0874468
1.07324 -0.0515978
1.07422 -0.0805807
1.0752 0.0998292
1.07617 0.0202474
1.07715 -0.0231267
1.07812 -0.00044729
1.0791 -0.0124771
1.08008 0.0566279
1.08105 0.0477392
1.08203 0.0843569
1.08301 0.0916476
1.08398 -0.029983
1.08496 0.0264883
1.08594 0.173736
1.08691 -0.0338453
1.08789 -0.0350113
1.08887 -0.0125718
1.08984 -0.0015696
1.09082 -0.0154485
1.0918 -0.013882
1.09277 0.178298
1.09375 0.102913
1.09473 0.0835572
1.0957 -0.0714766
1.09668 0.11512
1.09766 -0.0904161
1.09863 -0.00972584
1.09961 -0.106145
1.10059 -0.00266981
1.10156 -0.0326188
1.10254 -0.00503235
1.10352 0.0420316
1.10449 0.0174678
1.10547 0.0236182
1.10645 0.0454518
1.10742 -0.0872105
1.1084 0.0152145
1.10938 -0.0956028
1.11035 0.0310547
1.11133 0.0508794
1.1123 0.0198934
1.11328 -0.0319056
1.11426 0.135635
1.11523 -0.0927382
1.11621 -0.0669908
1.11719 0.0999717
1.11816 0.040592
1.11914 -0.0350575
1.12012 0.0739815
1.12109 0.145195
1.12207 -0.0438607
1.12305 -0.102706
1.12402 0.0321841
1.125 0.0706344
1.12598 -0.122484
1.12695 -0.00865823
1.12793 -0.108107
1.12891 0.122809
1.12988 0.0134659
1.13086 -0.0898723
1.13184 -0.202262
1.13281 -0.056933
1.13379 -0.0507595
1.13477 0.0201607
1.13574 -0.226788
1.13672 -0.0329679
1.1377 -0.0358977
1.13867 -0.0912138
1.13965 0.0806318
1.14062 -0.0395967
1.1416 -0.175096
1.14258 -0.0545116
1.14355 0.161597
1.14453 -0.076486
1.14551 -0.0301241
1.14648 0.0889295
1.14746 0.0314951
1.14844 -0.00359854
1.14941 -0.0473708
1.15039 0.0190916
1.15137 -0.00475078
1.15234 -0.0288386
1.15332 0.0553225
1.1543 0.176869
1.15527 -0.044586
1.15625 0.0371915
1.15723 -0.104225
1.1582 -0.125766
1.15918 0.0524999
1.16016 -0.164181
1.16113 -0.052764
1.16211 0.123259
1.16309 -0.120017
1.16406 0.0716948
1.16504 0.11441
1.16602 -0.0904111
1.16699 0.0446757
1.16797 0.00939272
1.16895 -0.0114658
1.16992 0.0843484
1.1709 -0.167728
1.17188 0.166649
1.17285 -0.0562352
1.17383 -0.0661275
1.1748 0.0386634
1.17578 0.0559733
1.17676 -0.0124606
1.17773 0.0280154
1.17871 0.0606512
1.17969 -0.0847387
1.18066 -0.00467669
1.18164 -0.0522929
1.18262 -0.0415265
1.18359 0.0230028
1.18457 0.0814926
1.18555 -0.0720949
1.18652 -0.0232062
1.1875 0.0116733
1.18848 -0.0698434
1.18945 -0.0494413
1.19043 0.0104536
1.19141 -0.0781681
1.19238 0.0983988
1.19336 -0.164795
1.19434 0.0284731
1.19531 -0.00987663
1.19629 -0.0306202
1.19727 -0.0265226
1.19824 -0.0910703
1.19922 0.044635
1.2002 0.0057183
1.20117 0.00215849
1.20215 -0.0480066
1.20312 0.0298955
1.2041 0.00806483
1.20508 -0.115672
1.20605 0.14702
1.20703 0.0545225
1.20801 0.041552
1.20898 0.0733085
1.20996 0.109948
1.21094 -0.1183
1.21191 0.0306904
1.21289 -0.127772
1.21387 0.0980999
1.21484 0.045408
1.21582 -0.0949666
1.2168 -0.0803779
1.21777 0.070378
1.21875 -0.0955163
1.21973 0.140283
1.2207 -0.122626
1.22168 0.0566844
1.22266 0.0534079
1.22363 -0.0261602
1.22461 -0.0432486
1.22559 0.0267743
1.22656 0.0724056
1.22754 -0.0614993
1.22852 -0.0273824
1.22949 -0.0541914
1.23047 0.0156635
1.23145 0.0716888
1.23242 0.00878206
1.2334 -0.102427
1.23438 -0.0363394
1.23535 0.0319405
1.23633 0.0628851
1.2373 -0.0458776
1.23828 0.0212533
1.23926 0.0395998
1.24023 0.037088
1.24121 0.0624782
1.24219 -0.0570327
1.24316 0.0696984
1.24414 0.0137318
1.24512 0.0262696
1.24609 -0.0556082
1.24707 -0.188142
1.24805 0.0620536
1.24902 0.0322501
1.25 0.0270487
1.25098 0.105555
1.25195 0.10328
1.25293 -0.0134603
1.25391 0.103094
1.25488 0.0640077
1.25586 0.0210431
1.25684 0.032947
1.25781 0.047707
1.25879 0.0483013
1.25977 -0.0702868
1.26074 -0.0202035
1.26172 -0.0450214
1.2627 0.106008
1.26367 0.104055
1.26465 -0.056166
1.26562 0.124418
1.2666 -0.0330577
1.26758 -0.0435915
1.26855 0.191578
1.26953 0.0616093
1.27051 0.0245426
1.27148 0.0955678
1.27246 -0.122603
1.27344 0.0957138
1.27441 -0.0442668
1.27539 -0.0278736
1.27637 0.0336465
1.27734 -0.0504896
1.27832 0.0740328
1.2793 -0.022141
1.28027 -0.101953
1.28125 0.0183337
1.28223 -0.0874616
1.2832 0.106108
1.28418 -0.0355718
1.28516 -0.179164
1.28613 0.0252285
1.28711 0.0358499
1.28809 -0.0292245
1.28906 -0.0251169
1.29004 0.0257187
1.29102 0.0885303
1.29199 -0.0945051
1.29297 0.0189257
1.29395 -0.0260162
1.29492 -0.00198897
1.2959 -0.0156125
1.29688 0.00980489
1.29785 -0.125242
1.29883 0.0268638
1.2998 0.140514
1.30078 -0.0519063
1.30176 0.305543
1.30273 0.0851928
1.30371 -0.0484761
1.30469 0.055037
1.30566 0.0481621
1.30664 0.0367532
1.30762 -0.0872058
1.30859 0.0150059
1.30957 0.085753
1.31055 0.0392246
1.31152 -0.0298035
1.3125 0.110212
1.31348 0.0829202
1.31445 0.014855
1.31543 -0.0197443
1.31641 0.0015725
1.31738 -0.0291789
1.31836 -0.0173726
1.31934 0.00743681
1.32031 0.105618
1.32129 0.125501
1.32227 -0.047777
1.32324 0.00364028
1.32422 0.0113617
1.3252 0.163292
1.32617 0.0594058
1.32715 0.112114
1.32812 -0.137005
1.3291 -0.0469914
1.33008 0.162172
1.33105 -0.05443
1.33203 -0.0397971
1.33301 0.0895263
1.33398 0.0179052
1.33496 0.102862
1.33594 0.0691939
1.33691 0.00898294
1.33789 0.0724934
1.33887 -0.0211644
1.33984 0.0573919
1.34082 -0.0072073
1.3418 -0.0464521
1.34277 0.0417541
1.34375 -0.174265
1.34473 -0.0197021
1.3457 0.059455
1.34668 0.0683572
1.34766 -0.152743
1.34863 0.0648495
1.34961 0.105359
1.35059 -0.00873964
1.35156 -0.0082501
1.35254 0.097041
1.35352 0.0458996
1.35449 -0.14527
1.35547 -0.0549951
1.35645 0.0453514
1.35742 -0.0526335
1.3584 -0.0496039
1.35938 -0.0657213
1.36035 -0.0472342
1.36133 -0.0295347
1.3623 0.0557996
1.36328 0.0829377
1.36426 -0.0994901
1.36523 0.059123
1.36621 -0.000495483
1.36719 0.0389092
1.36816 0.217679
1.36914 0.0655499
1.37012 -0.0788982
1.37109 0.12565
1.37207 0.0128715
1.37305 -0.135266
1.37402 0.0301526
1.375 0.0168124
1.37598 -0.0760186
1.37695 0.123063
1.37793 0.0122868
1.37891 -0.0474506
1.37988 0.00560767
1.38086 0.0206597
1.38184 0.0999457
1.38281 -0.0484911
1.38379 -0.0260837
1.38477 0.00520643
1.38574 -0.0249392
1.38672 0.114835
1.3877 -0.106713
1.38867 0.0897826
1.38965 0.0770645
1.39062 0.183286
1.3916 0.128552
1.39258 -0.0365048
1.39355 -0.0936852
1.39453 0.090073
1.39551 0.051398
1.39648 -0.0169113
1.39746 -0.0461949
1.39844 -0.148887
1.39941 0.0711113
1.40039 0.0446168
1.40137 0.0202867
1.40234 0.0257172
1.40332 -0.0814292
1.4043 0.0459229
1.40527 -0.00619833
1.40625 0.0190999
1.40723 -0.0740771
1.4082 0.124549
1.40918 -0.0212711
1.41016 0.0985376
1.41113 -0.130686
1.41211 -0.0109967
1.41309 0.11715
1.41406 -0.0415557
1.41504 0.160558
1.41602 0.102778
1.41699 0.0500568
1.41797 0.175505
1.41895 -0.0149605
1.41992 -0.0467791
1.4209 0.11379
1.42188 0.0212314
1.42285 0.0435585
1.42383 -0.0807799
1.4248 0.13766
1.42578 -0.0805221
1.42676 -0.126869
1.42773 -0.0495941
1.42871 0.0745259
1.42969 0.0262505
1.43066 0.015234
1.43164 0.0340371
1.43262 0.0315038
1.43359 -0.0684075
1.43457 -0.0405481
1.43555 -0.0871882
1.43652 0.0765908
1.4375 0.13042
1.43848 0.101119
1.43945 0.0333753
1.44043 -0.00300158
1.44141 -0.00288973
1.44238 0.029727
1.44336 -0.0196039
1.44434 0.0382904
1.44531 -0.138817
1.44629 0.0711077
1.44727 0.0295944
1.44824 -0.0820797
1.44922 0.114118
1.4502 -0.0514426
1.45117 -0.0112013
1.45215 -0.0909009
1.45312 -0.035297
1.4541 0.154187
1.45508 0.121907
1.45605 0.0853362
1.45703 0.0867419
1.45801 -0.0357035
1.45898 -0.0592623
1.45996 -0.0330053
1.46094 -0.0530006
1.46191 0.0112125
1.46289 0.0848134
1.46387 0.0906914
1.46484 0.0218739
1.46582 0.0861653
1.4668 0.0517537
1.46777 0.0677717
1.46875 -0.0316941
1.46973 0.0167502
1.4707 0.0940966
1.47168 -0.0754069
1.47266 -0.00155337
1.47363 0.0932832
1.47461 0.110077
1.47559 0.0326531
1.47656 0.141293
1.47754 0.123726
1.47852 -0.0607988
1.47949 -0.0148688
1.48047 -0.0554292
1.48145 0.00888385
1.48242 0.0731845
1.4834 0.126808
1.48438 -0.000159354
1.48535 0.0723656
1.48633 -0.0544092
1.4873 -0.0834786
1.48828 -0.131724
1.48926 0.0478917
1.49023 0.219182
1.49121 0.0657396
1.49219 0.0177847
1.49316 -0.0167139
1.49414 0.0489615
1.49512 0.055706
1.49609 0.0349887
1.49707 -0.0139998
1.49805 -0.00128481
1.49902 0.0293407
1.5 0.0221252
1.50098 0.0803193
1.50195 0.0430915
1.50293 0.00856697
1.50391 -0.143074
1.50488 0.197173
1.50586 0.10688
1.50684 -0.0608467
1.50781 -0.183237
1.50879 -0.0233755
1.50977 0.091468
1.51074 0.0547827
1.51172 -0.0413988
1.5127 0.0603249
1.51367 -0.0556386
1.51465 -0.106532
1.51562 -0.0280041
1.5166 0.109851
1.51758 0.0758658
1.51855 0.0607683
1.51953 0.127388
1.52051 0.177046
1.52148 0.197469
1.52246 -0.0410908
1.52344 0.0510705
1.52441 0.0824245
1.52539 0.0465634
1.52637 0.022934
1.52734 -0.00562511
1.52832 0.00738511
1.5293 0.0044913
1.53027 -0.0608987
1.53125 -0.0021271
1.53223 0.0302034
1.5332 -0.0180372
1.53418 0.0780969
1.53516 0.0833604
1.53613 0.0530791
1.53711 0.0298823
1.53809 -0.0210116
1.53906 -0.0117649
1.54004 0.0352814
1.54102 -0.0791036
1.54199 0.143767
1.54297 0.0803371
1.54395 -0.0713679
1.54492 0.0573363
1.5459 -0.0571625
1.54688 0.0300789
1.54785 -0.179456
1.54883 0.0367543
1.5498 0.0548771
1.55078 0.046611
1.55176 0.116141
1.55273 -0.224168
1.55371 -0.0626588
1.55469 -7.78252e-05
1.55566 0.019195
1.55664 0.0670189
1.55762 0.0223677
1.55859 0.141635
1.55957 0.0411526
1.56055 -0.0537876
1.56152 -0.0153675
1.5625 -0.00570567
1.56348 -0.0348803
1.56445 0.060874
1.56543 0.0875526
1.56641 -0.0492547
1.56738 -0.00315063
1.56836 -0.0208298
1.56934 -0.0462446
1.57031 -0.118694
1.57129 0.0586574
1.57227 -0.092523
1.57324 0.0639464
1.57422 0.105804
1.5752 0.00448762
1.57617 0.0760875
1.57715 0.0395508
1.57812 0.0018873
1.5791 -0.0895026
1.58008 -0.0137767
1.58105 0.0550269
1.58203 -0.0920785
1.58301 -0.158169
1.58398 0.00217786
1.58496 0.125419
1.58594 -0.0384573
1.58691 -0.0821386
1.58789 0.105427
1.58887 0.0961627
1.58984 -0.0511804
1.59082 -0.0536174
1.5918 0.126261
1.59277 -0.0828511
1.59375 0.0330288
1.59473 -0.181615
1.5957 0.00449666
1.59668 0.0432823
1.59766 -0.121678
1.59863 -0.0832957
1.59961 0.117258
1.60059 0.0275794
1.60156 -0.0827632
1.60254 0.0147198
1.60352 0.171297
1.60449 0.0135815
1.60547 0.0457682
1.60645 -0.0732768
1.60742 -0.101795
1.6084 0.111614
1.60938 0.0681862
1.61035 0.0663086
1.61133 -0.131944
1.6123 -0.105682
1.61328 -0.0870243
1.61426 -0.0552241
1.61523 0.0882093
1.61621 0.0356464
1.61719 -0.0635865
1.61816 0.0129307
1.61914 0.0464736
1.62012 -0.0151042
1.62109 -0.0144315
1.62207 -0.0906841
1.62305 0.0320415
1.62402 0.07789
1.625 0.0507095
1.62598 -0.0196568
1.62695 -0.0798061
1.62793 0.00953545
1.62891 -0.026456
1.62988 -0.0911781
1.63086 -0.126671
1.63184 0.0195934
1.63281 0.0711983
1.63379 0.0589207
1.63477 -0.0310714
1.63574 -0.0224155
1.63672 0.117508
1.6377 0.110265
1.63867 -0.0424235
1.63965 -0.134293
1.64062 -0.0298255
1.6416 0.138423
1.64258 -0.123027
1.64355 0.115436
1.64453 -0.0100824
1.64551 -0.152969
1.64648 -0.026797
1.64746 0.0425745
1.64844 -0.0715773
1.64941 0.0456884
1.65039 -0.0275438
1.65137 0.0563695
1.65234 0.0326522
1.65332 0.148779
1.6543 -0.103709
1.65527 0.116998
1.65625 0.126059
1.65723 0.1156
1.6582 0.0102725
1.65918 -0.00114916
1.66016 0.0976501
1.66113 0.146103
1.66211 0.173293
1.66309 0.0100155
1.66406 -0.10461
1.66504 -0.0487049
1.66602 -0.029896
1.66699 -0.0498797
1.66797 -0.0266601
1.66895 -0.00965952
1.66992 -0.0101149
1.6709 -0.00507334
1.67188 -0.0268406
1.67285 -0.110768
1.67383 0.105304
1.6748 -0.00732086
1.67578 0.0698123
1.67676 0.0151264
1.67773 0.054295
1.67871 0.0315381
1.67969 -0.0209207
1.68066 -0.138167
1.68164 0.0436361
1.68262 -0.0453232
1.68359 0.0346315
1.68457 -0.0236402
1.68555 0.055849
1.68652 -0.146236
1.6875 0.0274222
1.68848 0.0611611
1.68945 0.0560747
1.69043 0.0635995
1.69141 -0.036575
1.69238 0.050232
1.69336 -0.040741
1.69434 0.00145468
1.69531 -0.0832901
1.69629 0.0848437
1.69727 0.023849
1.69824 -0.0322566
1.69922 -0.0108598
1.7002 -0.0778534
1.70117 0.0158864
1.70215 0.0993965
1.70312 0.155831
1.7041 0.063965
1.70508 -0.122457
1.70605 0.0415789
1.70703 -0.0143827
1.70801 0.111325
1.70898 0.0302424
1.70996 0.0157164
1.71094 -0.0461938
1.71191 0.0802213
1.71289 -0.0630509
1.71387 0.0298509
1.71484 0.0974647
1.71582 0.00705658
1.7168 -0.0412055
1.71777 -0.0705169
1.71875 0.0106212
1.71973 -0.177197
1.7207 -0.0234792
1.72168 -0.0354119
1.72266 -0.0310094
1.72363 -0.0299062
1.72461 -0.00402609
1.72559 -0.0418003
1.72656 -0.042993
1.72754 -0.025427
1.72852 0.0680601
1.72949 -0.0264285
1.73047 -0.0356706
1.73145 -0.176432
1.73242 0.0303161
1.7334 0.140343
1.73438 0.00183084
1.73535 0.0309436
1.73633 0.0886307
1.7373 -0.00211086
1.73828 0.0451445
1.73926 -0.094989
1.74023 -0.0117736
1.74121 0.266599
1.74219 -0.172344
1.74316 -0.0606833
1.74414 0.0807973
1.74512 -0.0143393
1.74609 0.0450012
1.74707 0.0616464
1.74805 -0.0245305
1.74902 -0.0269572
1.75 -0.000811078
1.75098 0.0553622
1.75195 0.139882
1.75293 -0.012454
1.75391 0.0608446
1.75488 0.0745706
1.75586 0.0261328
1.75684 0.0184803
1.75781 -0.0522966
1.75879 -0.0828406
1.75977 -0.037986
1.76074 -0.0310007
1.76172 0.0211628
1.7627 -0.00969354
1.76367 -0.0182398
1.76465 -0.0111982
1.76562 -0.0545877
1.7666 -0.163383
1.76758 -0.0306131
1.76855 -0.0789698
1.76953 0.0295093
1.77051 0.109805
1.77148 0.0133911
1.77246 -0.154315
1.77344 -0.0121626
1.77441 -0.0309743
1.77539 -0.0323043
1.77637 0.0951122
1.77734 -0.0064902
1.77832 -0.0540888
1.7793 -0.0226576
1.78027 0.0360068
1.78125 0.106447
1.78223 0.0288859
1.7832 -0.0176453
1.78418 -0.0770414
1.78516 0.120241
1.78613 -0.0559241
1.78711 -0.00957087
1.78809 -0.0457362
1.78906 0.052664
1.79004 0.0100406
1.79102 0.0218999
1.79199 0.0140263
1.79297 0.0234907
1.79395 0.0493218
1.79492 0.0668145
1.7959 0.00590489
1.79688 -0.107029
1.79785 0.0160493
1.79883 0.100317
1.7998 -0.102943
1.80078 -0.00486352
1.80176 -0.0398798
1.80273 -0.145936
1.80371 0.0782234
1.80469 -0.00481407
1.80566 -0.0136557
1.80664 0.0921613
1.80762 0.0349099
1.80859 0.064322
1.80957 -0.0956721
1.81055 0.0061287
1.81152 0.0604343
1.8125 0.0468709
1.81348 -0.00163843
1.81445 0.0232809
1.81543 0.0651926
1.81641 0.0166508
1.81738 -0.0447868
1.81836 0.0266675
1.81934 0.0224107
1.82031 -0.104961
1.82129 0.143257
1.82227 -0.000130757
1.82324 -0.038185
1.82422 -0.046911
1.8252 0.0469828
1.82617 -0.023088
1.82715 0.111396
1.82812 0.0918188
1.8291 0.00394017
1.83008 -0.153905
1.83105 -0.0180508
1.83203 0.0575094
1.83301 0.00165212
1.83398 -0.0288946
1.83496 0.128357
1.83594 0.0158104
1.83691 -0.0335682
1.83789 -0.0405766
1.83887 0.0112976
1.83984 -0.0507968
1.84082 0.00612562
1.8418 0.0320317
1.84277 -0.0146164
1.84375 0.000167731
1.84473 -0.0393496
1.8457 -0.157608
1.84668 -0.0282696
1.84766 -0.0561205
1.84863 -0.152154
1.84961 -0.14601
1.85059 0.0174808
1.85156 0.0763249
1.85254 -0.0222502
1.85352 -0.144663
1.85449 -0.0437001
1.85547 -0.0141895
1.85645 0.19345
1.85742 0.00998575
1.8584 -0.0328035
1.85938 0.245143
1.86035 0.00469329
1.86133 -0.0470833
1.8623 0.183661
1.86328 -0.0609804
1.86426 0.121841
1.86523 0.0451652
1.86621 0.00237362
1.86719 0.0545158
1.86816 0.134946
1.86914 0.0215051
1.87012 0.0187763
1.87109 -0.044687
1.87207 0.0361951
1.87305 -0.092153
1.87402 0.0178145
1.875 -0.0074928
1.87598 -0.0204002
1.87695 0.118669
1.87793 0.0172701
1.87891 -0.122545
1.87988 -0.080491
1.88086 -0.121389
1.88184 -0.0841981
1.88281 -0.0947662
1.88379 0.0666349
1.88477 -0.10903
1.88574 -0.020389
1.88672 0.036031
1.8877 -0.0554551
1.88867 0.0311462
1.88965 0.113992
1.89062 0.0858095
1.8916 0.181535
1.89258 0.0809658
1.89355 -0.0220112
1.89453 0.164611
1.89551 0.0998281
1.89648 -0.0710831
1.89746 -0.188278
1.89844 -0.0768522
1.89941 0.125518
1.90039 0.00583159
1.90137 0.0915711
1.90234 0.135653
1.90332 -0.00980906
1.9043 -0.0312933
1.90527 0.0432263
1.90625 -0.0313751
1.90723 -0.0445463
1.9082 -0.141263
1.90918 -0.0045658
1.91016 0.102954
1.91113 -0.0541251
1.91211 -0.0655361
1.91309 -0.0716256
1.91406 -0.0431833
1.91504 -0.00943457
1.91602 0.138041
1.91699 -0.0150462
1.91797 0.0147646
1.91895 0.0695723
1.91992 -0.193064
1.9209 0.00797053
1.92188 0.0261688
1.92285 -0.270786
1.92383 0.0258373
1.9248 0.012726
1.92578 0.0514492
1.92676 0.114487
1.92773 0.0718444
1.92871 0.096535
1.92969 0.0266244
1.93066 0.0744084
1.93164 0.0555948
1.93262 0.0222273
1.93359 -0.0132423
1.93457 -0.121185
1.93555 0.0935195
1.93652 0.0402879
1.9375 0.0322898
1.93848 -0.110186
1.93945 -0.0758444
1.94043 0.0599838
1.94141 0.163257
1.94238 -0.206264
1.94336 0.126483
1.94434 0.0875337
1.94531 -0.0626741
1.94629 -0.107273
1.94727 -0.097285
1.94824 0.0971945
1.94922 -0.0140352
1.9502 0.00594757
1.95117 0.0279041
1.95215 0.0201937
1.95312 0.0532979
1.9541 0.0366993
1.95508 0.0779283
1.95605 -0.0227267
1.95703 -0.00879372
1.95801 0.214
1.95898 0.0615877
1.95996 -0.0345856
1.96094 -0.0322547
1.96191 0.0130175
1.96289 0.0583936
1.96387 -0.0241649
1.96484 0.0574139
1.96582 0.0220201
1.9668 -0.0530284
1.96777 -0.04341
1.96875 -0.0915595
1.96973 0.0286194
1.9707 -0.202209
1.97168 -0.12969
1.97266 -0.0631097
1.97363 0.0146436
1.97461 -0.0725434
1.97559 0.0804715
1.97656 -0.0906945
1.97754 0.0803255
1.97852 0.00260041
1.97949 -0.0832821
1.98047 -0.0215248
1.98145 -0.134795
1.98242 -0.11736
1.9834 0.0367506
1.98438 -0.0596323
1.98535 0.0109559
1.98633 -0.0252253
1.9873 -0.0836755
1.98828 -0.00382335
1.98926 0.00267411
1.99023 0.00828441
1.99121 0.195223
1.99219 0.101773
1.99316 -0.082998
1.99414 0.129502
1.99512 -0.141779
1.99609 -0.0502684
1.99707 0.104288
1.99805 -0.106604
1.99902 0.0209891
