0 0.0506423
0.000976562 -0.0283332
0.00195312 0.00380065
0.00292969 -0.0101244
0.00390625 0.0515963
0.00488281 0.00478608
0.00585938 -0.0132777
0.00683594 0.0848689
0.0078125 -0.0561394
0.00878906 0.0354529
0.00976562 -0.00150985
0.0107422 -0.0447427
0.0117188 -0.040411
0.0126953 0.0149637
0.0136719 0.00156085
0.0146484 -0.02041
0.015625 0.00513894
0.0166016 0.0177551
0.0175781 0.0253701
0.0185547 0.005394
0.0195312 0.0719223
0.0205078 0.0039647
0.0214844 0.0518092
0.0224609 0.0908013
0.0234375 -0.0894053
0.0244141 0.023598
0.0253906 -0.0387491
0.0263672 1.42906e-06
0.0273438 -0.0263276
0.0283203 0.0429836
0.0292969 -0.0216379
0.0302734 0.0066452
0.03125 -0.0640644
0.0322266 -0.0105826
0.0332031 0.0209849
0.0341797 -0.0141395
0.0351562 -0.00672082
0.0361328 0.0393092
0.0371094 0.0251789
0.0380859 0.00823731
0.0390625 0.0614053
0.0400391 0.0581613
0.0410156 -0.0285943
0.0419922 0.00355259
0.0429688 -0.0679554
0.0439453 0.00171077
0.0449219 -0.00305722
0.0458984 0.0525931
0.046875 -0.012387
0.0478516 -0.0518051
0.0488281 -0.0938021
0.0498047 0.0533401
0.0507812 -0.00415804
0.0517578 -0.0237324
0.0527344 -0.0168517
0.0537109 -7.63802e-05
0.0546875 0.00402915
0.0556641 0.0379091
0.0566406 0.0209168
0.0576172 0.0477957
0.0585938 0.0834643
0.0595703 -0.000619735
0.0605469 -0.0130024
0.0615234 0.0272862
0.0625 0.0263796
0.0634766 0.0147236
0.0644531 -0.0508643
0.0654297 0.0391356
0.0664062 0.0347904
0.0673828 0.00615844
0.0683594 0.0220704
0.0693359 0.0115546
0.0703125 0.0577952
0.0712891 0.0464017
0.0722656 -0.0132173
0.0732422 -0.0381976
0.0742188 0.00875736
0.0751953 0.00312642
0.0761719 0.0701318
0.0771484 -0.0404843
0.078125 0.000837298
0.0791016 0.0184948
0.0800781 -0.0280886
0.0810547 -0.0437835
0.0820312 -0.00964708
0.0830078 -0.0438504
0.0839844 -0.00973504
0.0849609 -0.0329365
0.0859375 0.002886
0.0869141 -0.00364996
0.0878906 0.0581176
0.0888672 0.0205244
0.0898438 0.0337465
0.0908203 -0.0362055
0.0917969 0.0884379
0.0927734 0.0150726
0.09375 -0.0270227
0.0947266 0.0110829
0.0957031 0.0131579
0.0966797 0.00503756
0.0976562 0.0123035
0.0986328 -0.0178587
0.0996094 -0.00825734
0.100586 -0.0442531
0.101562 0.0191629
0.102539 0.0221341
0.103516 0.0499089
0.104492 -0.030535
0.105469 -0.0216668
0.106445 0.00224154
0.107422 -0.0106642
0.108398 -0.0644991
0.109375 -0.120231
0.110352 0.0561402
0.111328 -0.00799239
0.112305 0.00453202
0.113281 -0.0144252
0.114258 0.0164437
0.115234 -0.0505072
0.116211 0.0159332
0.117188 -0.0324363
0.118164 -0.00504577
0.119141 -0.00730794
0.120117 -0.0364729
0.121094 0.108478
0.12207 0.00270577
0.123047 0.0152344
0.124023 0.00282352
0.125 0.0578723
0.125977 0.0579216
0.126953 -0.0143898
0.12793 0.00307491
0.128906 0.029735
0.129883 -0.0832255
0.130859 -0.0543101
0.131836 -0.0018117
0.132812 -0.0122785
0.133789 0.032993
0.134766 -0.0723149
0.135742 -0.013497
0.136719 0.00198096
0.137695 0.0176767
0.138672 0.00267363
0.139648 -0.0441874
0.140625 0.0116605
0.141602 -0.0990291
0.142578 -0.0206903
0.143555 0.104512
0.144531 0.0252675
0.145508 0.00337211
0.146484 -0.0609915
0.147461 -0.0097735
0.148438 -0.0173262
0.149414 -0.0583445
0.150391 -0.0452406
0.151367 0.0471098
0.152344 -0.00577855
0.15332 0.00147984
0.154297 0.0221816
0.155273 -0.00677205
0.15625 -0.0659619
0.157227 -0.0281145
0.158203 0.010241
0.15918 0.0303092
0.160156 0.0225391
0.161133 0.0305604
0.162109 -0.0223489
0.163086 0.0226176
0.164062 0.0364011
0.165039 0.0480034
0.166016 0.04666
0.166992 0.00350516
0.167969 0.0467817
0.168945 -0.0180341
0.169922 -0.0294539
0.170898 0.0823811
0.171875 0.0038126
0.172852 0.0340486
0.173828 -0.0306819
0.174805 0.0433843
0.175781 0.0304617
0.176758 0.0676387
0.177734 0.0376359
0.178711 0.0386812
0.179688 -0.00103721
0.180664 0.039692
0.181641 -0.00818076
0.182617 -0.0266223
0.183594 -0.0445011
0.18457 -0.0187051
0.185547 0.0411079
0.186523 0.00932112
0.1875 -0.0428348
0.188477 0.0167262
0.189453 0.0588625
0.19043 -0.111968
0.191406 -0.0289954
0.192383 -0.0448115
0.193359 0.0306885
0.194336 -0.0479494
0.195312 0.068857
0.196289 0.0657644
0.197266 -0.0128867
0.198242 -0.105021
0.199219 -0.0478718
0.200195 0.0201246
0.201172 0.0147741
0.202148 0.0246843
0.203125 0.0393419
0.204102 0.0309335
0.205078 -0.0183847
0.206055 -0.0238979
0.207031 -0.0721505
0.208008 0.0201307
0.208984 -0.00501941
0.209961 0.0263159
0.210938 0.0415745
0.211914 -0.0190347
0.212891 -0.0574115
0.213867 0.0194927
0.214844 -0.00375622
0.21582 -0.0339609
0.216797 -0.0457003
0.217773 -0.0969346
0.21875 -0.118725
0.219727 0.0754314
0.220703 0.0379538
0.22168 0.0270667
0.222656 0.0337319
0.223633 -0.0739357
0.224609 0.068342
0.225586 -0.047092
0.226562 -0.0100846
0.227539 0.0369515
0.228516 -0.030009
0.229492 0.0509276
0.230469 -0.00876681
0.231445 0.00654566
0.232422 0.0451425
0.233398 0.0183057
0.234375 -0.0164067
0.235352 -0.00910268
0.236328 -0.0188467
0.237305 -0.0873574
0.238281 -0.0314675
0.239258 -0.00750768
0.240234 -0.0651266
0.241211 -0.0415013
0.242188 -0.0524055
0.243164 -0.0276644
0.244141 0.00460993
0.245117 -0.0561611
0.246094 -0.000499321
0.24707 0.00227957
0.248047 -0.0638368
0.249023 -0.00774461
0.25 0.0407549
0.250977 0.035041
0.251953 -0.00930821
0.25293 -0.024546
0.253906 0.0616806
0.254883 0.0730075
0.255859 0.00668496
0.256836 0.0113646
0.257812 0.0166136
0.258789 -0.0482293
0.259766 -0.00810471
0.260742 -0.0113577
0.261719 0.00819174
0.262695 -0.00216275
0.263672 0.0315916
0.264648 -0.0369191
0.265625 -0.0582488
0.266602 -0.0480138
0.267578 0.0168819
0.268555 0.0399097
0.269531 0.00721878
0.270508 0.0474527
0.271484 -0.0147138
0.272461 0.0202603
0.273438 -0.0189471
0.274414 -0.0354791
0.275391 -0.0314739
0.276367 -0.000127889
0.277344 -0.0701371
0.27832 0.0257056
0.279297 -0.0293133
0.280273 0.01846
0.28125 -0.00479824
0.282227 0.0182775
0.283203 0.0124831
0.28418 0.0335923
0.285156 0.0324428
0.286133 0.0101088
0.287109 0.0417676
0.288086 0.108775
0.289062 -0.022288
0.290039 -0.0715277
0.291016 -0.0157877
0.291992 0.0798122
0.292969 -0.0337973
0.293945 0.0378633
0.294922 0.031147
0.295898 -0.0225842
0.296875 0.0446656
0.297852 0.120828
0.298828 0.0526307
0.299805 0.0665921
0.300781 0.0347662
0.301758 0.045227
0.302734 0.0113784
0.303711 -0.0386741
0.304688 0.0665954
0.305664 0.0360715
0.306641 0.00265571
0.307617 0.131405
0.308594 0.00650551
0.30957 -0.0295463
0.310547 -0.0029568
0.311523 0.0114629
0.3125 -0.0414357
0.313477 0.0209754
0.314453 0.0278984
0.31543 0.0211692
0.316406 -0.010634
0.317383 0.0031139
0.318359 0.129577
0.319336 -0.10447
0.320312 -0.0159561
0.321289 0.0398914
0.322266 0.00521449
0.323242 -0.00481849
0.324219 0.037719
0.325195 -0.0172665
0.326172 -0.0225749
0.327148 -0.00820704
0.328125 -0.0411329
0.329102 0.028879
0.330078 0.00927435
0.331055 -0.0585865
0.332031 0.0397796
0.333008 0.02052
0.333984 0.000744167
0.334961 -0.0255312
0.335938 0.0174292
0.336914 -0.016852
0.337891 0.0416121
0.338867 0.0329866
0.339844 0.0408993
0.34082 0.0450467
0.341797 -0.0030641
0.342773 0.0368042
0.34375 0.0327704
0.344727 0.0393248
0.345703 0.102214
0.34668 0.00909304
0.347656 0.0103626
0.348633 -0.046257
0.349609 -0.0428423
0.350586 -0.0150169
0.351562 0.0811203
0.352539 0.0448283
0.353516 -0.0594323
0.354492 0.0429669
0.355469 -0.00216524
0.356445 -0.0243242
0.357422 -0.0856547
0.358398 0.0051003
0.359375 0.0667238
0.360352 0.0737833
0.361328 -0.0130491
0.362305 0.0754394
0.363281 -0.0261568
0.364258 -0.0796059
0.365234 0.0479824
0.366211 0.0324325
0.367188 0.0305002
0.368164 0.000343881
0.369141 0.0620876
0.370117 0.101512
0.371094 0.0229712
0.37207 0.0746376
0.373047 0.0619193
0.374023 -0.017798
0.375 0.00382772
0.375977 -0.0101456
0.376953 -0.0178529
0.37793 -0.00762511
0.378906 0.0996273
0.379883 -0.00155948
0.380859 -0.0472432
0.381836 0.0342634
0.382812 0.046661
0.383789 -0.0169524
0.384766 -0.0301694
0.385742 -0.0174534
0.386719 0.0564127
0.387695 0.0214036
0.388672 -0.0740189
0.389648 -0.0411911
0.390625 0.0220202
0.391602 0.0263217
0.392578 0.0522147
0.393555 0.0710879
0.394531 -0.003774
0.395508 0.0252649
0.396484 -0.0560136
0.397461 -0.0188898
0.398438 0.0261672
0.399414 -0.0595273
0.400391 0.067992
0.401367 -0.0753216
0.402344 0.0176306
0.40332 0.0206485
0.404297 -0.0351374
0.405273 -0.0127129
0.40625 0.0128387
0.407227 -0.0827717
0.408203 0.0293779
0.40918 -0.0395948
0.410156 -0.0872216
0.411133 -0.00439739
0.412109 0.079532
0.413086 -0.0114105
0.414062 0.0169751
0.415039 0.0654978
0.416016 0.0146754
0.416992 -0.0181668
0.417969 -0.00697752
0.418945 0.01556
0.419922 0.0463299
0.420898 -0.0263216
0.421875 -0.0131965
0.422852 0.0262723
0.423828 -0.0417507
0.424805 0.0437609
0.425781 0.020539
0.426758 0.0165653
0.427734 -0.0147396
0.428711 0.0355572
0.429688 0.05434
0.430664 0.0590738
0.431641 0.0285313
0.432617 0.0264952
0.433594 0.0751653
0.43457 -0.00384229
0.435547 0.0427346
0.436523 0.0196038
0.4375 -0.0217942
0.438477 -0.0338291
0.439453 -0.0926317
0.44043 -0.0591892
0.441406 0.0464057
0.442383 0.0208069
0.443359 0.0277894
0.444336 -0.0102035
0.445312 -0.0949764
0.446289 -0.0298273
0.447266 0.0394301
0.448242 0.0442927
0.449219 -0.060423
0.450195 -0.0110606
0.451172 -0.00799446
0.452148 -0.0422593
0.453125 0.0915398
0.454102 0.0346873
0.455078 -0.028099
0.456055 0.123258
0.457031 0.0129951
0.458008 0.0667498
0.458984 0.00409796
0.459961 -0.0608066
0.460938 0.0221739
0.461914 0.0212603
0.462891 -0.0766198
0.463867 -0.0410311
0.464844 0.0592087
0.46582 -0.0213151
0.466797 0.031439
0.467773 0.00493814
0.46875 0.00892556
0.469727 -0.0380454
0.470703 -0.0549603
0.47168 0.0379887
0.472656 0.118259
0.473633 -0.00332437
0.474609 -0.105017
0.475586 -0.0939924
0.476562 -0.0380966
0.477539 -0.0300774
0.478516 0.00986625
0.479492 0.00578042
0.480469 0.00507914
0.481445 0.0488513
0.482422 0.0276552
0.483398 -0.0531316
0.484375 0.024005
0.485352 0.0479466
0.486328 0.00591804
0.487305 0.0633753
0.488281 -0.0332107
0.489258 -0.00866853
0.490234 0.0874212
0.491211 -0.0566891
0.492188 0.0425122
0.493164 0.0137938
0.494141 -0.0427271
0.495117 -0.00801927
0.496094 -0.0103013
0.49707 0.141741
0.498047 0.0302936
0.499023 -0.0614419
0.5 0.00386139
0.500977 -0.0464751
0.501953 -0.0826686
0.50293 0.00734333
0.503906 -0.0231609
0.504883 0.079389
0.505859 -0.0197258
0.506836 -0.0625581
0.507812 0.0614857
0.508789 -0.0005871
0.509766 -0.0537222
0.510742 0.0225942
0.511719 0.0456448
0.512695 0.0112137
0.513672 0.00956677
0.514648 0.0238311
0.515625 -0.000948394
0.516602 -0.0286957
0.517578 0.0193661
0.518555 -0.0331203
0.519531 0.0728225
0.520508 0.0911566
0.521484 -0.0709156
0.522461 0.0383864
0.523438 -0.0386622
0.524414 -0.0135396
0.525391 0.0360209
0.526367 -0.0373848
0.527344 -0.0652188
0.52832 0.0711372
0.529297 0.0308337
0.530273 0.0540014
0.53125 0.0758446
0.532227 0.0416068
0.533203 0.0446867
0.53418 -0.0469457
0.535156 -0.0420692
0.536133 0.0234702
0.537109 -0.0963597
0.538086 0.0637284
0.539062 -0.0122417
0.540039 0.026997
0.541016 0.0407709
0.541992 0.0100943
0.542969 0.043057
0.543945 -0.0502559
0.544922 -0.00029468
0.545898 -0.0353236
0.546875 -0.0573601
0.547852 0.0339333
0.548828 0.0836513
0.549805 0.0183581
0.550781 0.0297482
0.551758 0.0292673
0.552734 0.0490363
0.553711 0.0313707
0.554688 -0.0313616
0.555664 -0.0454695
0.556641 0.0293864
0.557617 0.0160242
0.558594 -0.0577962
0.55957 -0.023278
0.560547 0.0398515
0.561523 0.0555233
0.5625 -0.0128555
0.563477 0.0193228
0.564453 -0.0767488
0.56543 0.00832987
0.566406 -0.0272708
0.567383 -0.0706994
0.568359 -0.0565439
0.569336 0.0462713
0.570312 -0.0102818
0.571289 0.013595
0.572266 0.00411087
0.573242 -0.052148
0.574219 -0.00185686
0.575195 0.00247866
0.576172 0.0704785
0.577148 -0.0377033
0.578125 0.0900767
0.579102 -0.0291391
0.580078 -0.0962672
0.581055 0.0043896
0.582031 -0.0416479
0.583008 -0.0873001
0.583984 -0.0400435
0.584961 0.0268171
0.585938 -0.128025
0.586914 0.00865762
0.587891 -0.0091303
0.588867 -0.0125761
0.589844 0.00667963
0.59082 -0.0141864
0.591797 -0.00787955
0.592773 0.0804296
0.59375 0.0948846
0.594727 0.000327455
0.595703 0.0334578
0.59668 -0.0181074
0.597656 0.0316771
0.598633 0.0466521
0.599609 0.0134605
0.600586 -0.0532482
0.601562 -0.0514006
0.602539 -0.0179027
0.603516 -0.0158592
0.604492 0.00057238
0.605469 0.0539338
0.606445 -0.0338642
0.607422 -0.0371989
0.608398 -0.0851351
0.609375 0.026945
0.610352 0.00678802
0.611328 0.00758739
0.612305 0.0158555
0.613281 -0.0441705
0.614258 0.0288647
0.615234 -0.0375957
0.616211 -0.0298577
0.617188 -0.00179066
0.618164 -0.0014675
0.619141 -0.00531722
0.620117 -0.0117123
0.621094 0.0143696
0.62207 0.0401469
0.623047 0.132418
0.624023 0.0574056
0.625 0.0158978
0.625977 0.010548
0.626953 0.054443
0.62793 -0.0297091
0.628906 0.0509775
0.629883 -0.0437392
0.630859 -0.0612114
0.631836 -0.0359765
0.632812 -0.0509595
0.633789 -0.0349374
0.634766 0.0202462
0.635742 0.00328961
0.636719 -0.0159475
0.637695 -0.00269477
0.638672 0.0146857
0.639648 0.0572928
0.640625 0.0165385
0.641602 0.0521769
0.642578 -0.023119
0.643555 -0.01369
0.644531 -0.110837
0.645508 -0.0117025
0.646484 0.0103712
0.647461 -0.00196577
0.648438 -0.0612718
0.649414 0.0149712
0.650391 -0.000189383
0.651367 0.0193616
0.652344 0.00106292
0.65332 0.0106745
0.654297 -0.00298929
0.655273 0.022386
0.65625 -0.00239188
0.657227 -0.020844
0.658203 0.00201442
0.65918 -0.0414518
0.660156 0.0118993
0.661133 0.037633
0.662109 -0.0245382
0.663086 -0.0578825
0.664062 -0.071575
0.665039 0.000737481
0.666016 0.00882842
0.666992 0.0127769
0.667969 0.0110587
0.668945 0.044648
0.669922 0.0552254
0.670898 0.0741559
0.671875 -0.00454809
0.672852 0.0305365
0.673828 0.0324451
0.674805 -0.00235653
0.675781 0.000349531
0.676758 -0.0346137
0.677734 0.0651578
0.678711 0.0210354
0.679688 -0.00433932
0.680664 0.0573413
0.681641 0.032403
0.682617 -0.103282
0.683594 0.00948088
0.68457 0.0320211
0.685547 -0.00866334
0.686523 0.0194218
0.6875 0.0117476
0.688477 0.0173862
0.689453 0.0157524
0.69043 -0.0598094
0.691406 0.0144058
0.692383 0.0774182
0.693359 0.0134134
0.694336 -0.048159
0.695312 0.052759
0.696289 -0.0790237
0.697266 0.00634896
0.698242 0.0146168
0.699219 -0.0650242
0.700195 0.0360651
0.701172 0.0764122
0.702148 0.0106014
0.703125 0.0013888
0.704102 -0.00337434
0.705078 -0.0259637
0.706055 0.0267531
0.707031 -0.0249883
0.708008 -0.0189151
0.708984 -0.059134
0.709961 0.0402744
0.710938 -0.0354899
0.711914 0.0038878
0.712891 0.0607681
0.713867 0.0660449
0.714844 -0.0320441
0.71582 0.0212088
0.716797 0.00339557
0.717773 0.0210065
0.71875 0.0316971
0.719727 0.0409271
0.720703 0.0333346
0.72168 0.0193163
0.722656 3.90829e-05
0.723633 -0.0315193
0.724609 -0.00422413
0.725586 0.00149812
0.726562 -0.0296275
0.727539 0.04203
0.728516 -0.0190327
0.729492 0.0567852
0.730469 0.0469704
0.731445 0.00411474
0.732422 0.0609261
0.733398 0.0150213
0.734375 -0.0392959
0.735352 -0.118313
0.736328 0.0295072
0.737305 -0.0438004
0.738281 -0.0625165
0.739258 -0.0357556
0.740234 0.0806206
0.741211 0.0159839
0.742188 0.0260402
0.743164 0.011141
0.744141 0.0322108
0.745117 -0.0232505
0.746094 0.00431438
0.74707 0.00656429
0.748047 0.0467473
0.749023 0.0106288
0.75 0.0352659
0.750977 -0.00736456
0.751953 -0.0394595
0.75293 -0.0261778
0.753906 0.000523977
0.754883 0.0197701
0.755859 0.0739862
0.756836 -0.0169093
0.757812 0.0417782
0.758789 0.067461
0.759766 0.00496721
0.760742 0.0220361
0.761719 0.0248124
0.762695 0.0186936
0.763672 0.0283726
0.764648 0.0342351
0.765625 -0.0192207
0.766602 0.0915525
0.767578 0.00662412
0.768555 -0.00210409
0.769531 0.104524
0.770508 -0.0111675
0.771484 0.0128277
0.772461 0.00836726
0.773438 -0.0526788
0.774414 0.000338645
0.775391 -0.018848
0.776367 -0.0182441
0.777344 -0.0139556
0.77832 0.0140508
0.779297 -0.0973997
0.780273 -0.00158811
0.78125 -0.00677984
0.782227 0.0270043
0.783203 -0.0522349
0.78418 -0.0696561
0.785156 -0.0265304
0.786133 -0.0908898
0.787109 -0.0437478
0.788086 -0.0192236
0.789062 -0.0731605
0.790039 -0.0139473
0.791016 0.0819067
0.791992 0.0120522
0.792969 -0.0520397
0.793945 -0.0367307
0.794922 -0.0216064
0.795898 0.0441295
0.796875 0.0606642
0.797852 -0.00418349
0.798828 0.155922
0.799805 0.0207169
0.800781 0.0113533
0.801758 0.0376128
0.802734 -0.000557658
0.803711 -0.0523637
0.804688 0.0079912
0.805664 0.0725763
0.806641 -0.010501
0.807617 0.0668303
0.808594 0.0399758
0.80957 -0.0261092
0.810547 -0.0531361
0.811523 0.00724706
0.8125 -0.0267382
0.813477 -0.176348
0.814453 -0.0310336
0.81543 0.034379
0.816406 0.00751466
0.817383 -0.0241598
0.818359 -0.0124361
0.819336 -0.0627165
0.820312 0.0764321
0.821289 -0.0627122
0.822266 -0.0667079
0.823242 0.0082083
0.824219 0.0443076
0.825195 0.0133818
0.826172 -0.0694778
0.827148 0.10415
0.828125 -0.0155751
0.829102 -0.0546659
0.830078 0.074275
0.831055 -0.0819526
0.832031 0.0524587
0.833008 0.0137723
0.833984 0.0444398
0.834961 -0.0032348
0.835938 0.0633704
0.836914 -0.0497993
0.837891 -0.0348666
0.838867 -0.0387994
0.839844 0.0185305
0.84082 -0.00961641
0.841797 -0.0625951
0.842773 0.0690785
0.84375 0.142062
0.844727 -0.0876554
0.845703 -0.135536
0.84668 0.0636859
0.847656 0.0462962
0.848633 -0.0575961
0.849609 0.0291953
0.850586 0.0292562
0.851562 0.0661947
0.852539 -0.0155629
0.853516 -0.0719083
0.854492 -0.00721698
0.855469 0.0023094
0.856445 0.0633225
0.857422 -0.0394321
0.858398 -0.0372629
0.859375 0.0208129
0.860352 0.00998322
0.861328 -0.0292166
0.862305 -0.0920615
0.863281 -0.180347
0.864258 0.0441365
0.865234 -0.0203871
0.866211 0.0362917
0.867188 0.0415004
0.868164 0.041459
0.869141 -0.078033
0.870117 -0.0587129
0.871094 -0.0323737
0.87207 -0.0218667
0.873047 0.0220904
0.874023 0.0315527
0.875 0.0292791
0.875977 0.0407449
0.876953 0.0385757
0.87793 -0.00343661
0.878906 -0.00450642
0.879883 0.0178271
0.880859 -0.0434213
0.881836 -0.0206598
0.882812 0.00245535
0.883789 0.02583
0.884766 0.0258252
0.885742 -0.0129296
0.886719 0.13452
0.887695 -0.0104409
0.888672 -0.00244502
0.889648 -0.0227833
0.890625 0.0380562
0.891602 0.0034241
0.892578 0.0808428
0.893555 -0.0337175
0.894531 -0.0108574
0.895508 -0.0170337
0.896484 0.0575996
0.897461 0.0366967
0.898438 -0.0341037
0.899414 -0.0513988
0.900391 -0.0486499
0.901367 0.141094
0.902344 0.0222248
0.90332 0.088746
0.904297 0.0692376
0.905273 -0.00179808
0.90625 0.0349712
0.907227 0.00487779
0.908203 0.00126986
0.90918 -0.0488198
0.910156 -0.0578609
0.911133 0.00445547
0.912109 -0.0179013
0.913086 0.0113878
0.914062 -0.0869408
0.915039 -0.052153
0.916016 0.00886695
0.916992 -0.00349101
0.917969 0.362806
0.918945 0.700001
0.919922 0.322339
0.920898 0.00729217
0.921875 0.0458779
0.922852 0.0767016
0.923828 0.000956165
0.924805 -0.0182754
0.925781 -0.0273822
0.926758 0.0392263
0.927734 0.0058
0.928711 -0.09995
0.929688 0.0556528
0.930664 0.0898092
0.931641 -0.0266058
0.932617 0.00497121
0.933594 -0.00876029
0.93457 -0.0158814
0.935547 -0.00800504
0.936523 0.0482973
0.9375 0.0659105
0.938477 -0.0125149
0.939453 -0.0596767
0.94043 -0.00719808
0.941406 -0.0247604
0.942383 0.0643458
0.943359 0.027422
0.944336 0.0306571
0.945312 -0.00207544
0.946289 -0.0209671
0.947266 -0.112501
0.948242 0.0280505
0.949219 0.0306486
0.950195 0.0232143
0.951172 -0.0594581
0.952148 0.00954156
0.953125 -0.00719236
0.954102 0.0312609
0.955078 0.0154623
0.956055 0.0143311
0.957031 -0.063092
0.958008 -0.0015493
0.958984 0.00111107
0.959961 0.0574611
0.960938 -0.00188055
0.961914 0.0428993
0.962891 -0.0708258
0.963867 0.0663378
0.964844 0.06608
0.96582 0.0133984
0.966797 0.00837544
0.967773 0.0291692
0.96875 -0.0346553
0.969727 -0.0123206
0.970703 0.00433173
0.97168 0.00533734
0.972656 -0.0183209
0.973633 0.0209524
0.974609 -0.0451262
0.975586 -0.0693979
0.976562 0.0426845
0.977539 -0.0160143
0.978516 -0.0369252
0.979492 -0.0360536
0.980469 0.0306718
0.981445 0.0293266
0.982422 0.0153514
0.983398 -0.103953
0.984375 0.0914626
0.985352 0.0935352
0.986328 0.0490814
0.987305 0.0526448
0.988281 0.0581093
0.989258 0.0530703
0.990234 -0.00593653
0.991211 0.00628647
0.992188 -0.0213941
0.993164 -0.00259609
0.994141 0.000188473
0.995117 0.03347
0.996094 0.00287201
0.99707 0.0104299
0.998047 -0.0103707
0.999023 0.00596396
1 0.024296
1.00098 0.0517056
1.00195 -0.0678623
1.00293 -0.0172615
1.00391 -0.0549349
1.00488 0.0896901
1.00586 -0.0252025
1.00684 0.0445794
1.00781 -0.0560192
1.00879 0.088056
1.00977 -0.0164934
1.01074 0.0342584
1.01172 0.103993
1.0127 0.0679754
1.01367 -0.0014788
1.01465 0.0423189
1.01562 0.0697093
1.0166 -0.0962839
1.01758 0.0597931
1.01855 -0.0667777
1.01953 0.0942558
1.02051 0.0279537
1.02148 0.113807
1.02246 0.0377012
1.02344 0.0664814
1.02441 0.0965367
1.02539 0.0259848
1.02637 0.00623699
1.02734 -0.00631442
1.02832 0.0394164
1.0293 0.0666427
1.03027 -0.0437319
1.03125 -0.0640944
1.03223 -0.00240226
1.0332 0.0764374
1.03418 0.0183307
1.03516 0.0105989
1.03613 -0.0908518
1.03711 -0.0594323
1.03809 -0.0704266
1.03906 -0.0541185
1.04004 -0.0276847
1.04102 -0.034296
1.04199 0.0339184
1.04297 0.00883714
1.04395 -0.0063563
1.04492 0.0687878
1.0459 0.0158652
1.04688 -0.00760455
1.04785 0.0651971
1.04883 0.0639722
1.0498 0.0122712
1.05078 0.0533016
1.05176 -0.052676
1.05273 0.0399604
1.05371 0.108125
1.05469 0.0625176
1.05566 -0.058392
1.05664 -0.0736935
1.05762 0.0149368
1.05859 0.0129113
1.05957 -0.00197956
1.06055 -0.0447325
1.06152 0.0171185
1.0625 0.0124307
1.06348 -0.0146583
1.06445 -0.0555801
1.06543 0.0243302
1.06641 0.0887027
1.06738 0.0146475
1.06836 0.0514401
1.06934 -0.055368
1.07031 0.0510771
1.07129 -0.0499819
1.07227 -0.0929052
1.07324 -0.0685981
1.07422 -0.112067
1.0752 0.0325121
1.07617 0.036203
1.07715 -0.0367387
1.07812 0.0417766
1.0791 0.0108413
1.08008 0.0426322
1.08105 -0.0562536
1.08203 -0.0417739
1.08301 -0.0400302
1.08398 -0.0306893
1.08496 -0.000788228
1.08594 -0.0626831
1.08691 -0.0235654
1.08789 0.0533604
1.08887 0.020083
1.08984 0.00990644
1.09082 0.00341516
1.0918 0.0156958
1.09277 0.0420063
1.09375 -0.0219827
1.09473 0.0466892
1.0957 -0.110966
1.09668 0.0218253
1.09766 -0.00035846
1.09863 0.0556151
1.09961 -0.00102419
1.10059 -0.0339885
1.10156 0.0896841
1.10254 0.0867106
1.10352 -3.72013e-05
1.10449 -0.026559
1.10547 -0.0559044
1.10645 0.0106554
1.10742 0.0356497
1.1084 -0.0056284
1.10938 0.00115531
1.11035 -0.0271177
1.11133 0.0277023
1.1123 -0.0256204
1.11328 -0.0324621
1.11426 0.0374617
1.11523 -0.0404838
1.11621 -0.00405694
1.11719 0.0316047
1.11816 -0.0296276
1.11914 -0.0251266
1.12012 0.0214131
1.12109 0.0247342
1.12207 0.0580507
1.12305 0.00324727
1.12402 -0.0577771
1.125 0.0840525
1.12598 0.0251945
1.12695 -0.00533526
1.12793 -0.0109473
1.12891 0.0629445
1.12988 0.0904859
1.13086 -0.00127231
1.13184 0.00900042
1.13281 -0.0429374
1.13379 -0.0265121
1.13477 -0.0500496
1.13574 -0.0215211
1.13672 -0.107122
1.1377 0.0365911
1.13867 0.012333
1.13965 -0.130235
1.14062 -0.042872
1.1416 0.134044
1.14258 0.0689674
1.14355 -0.00467713
1.14453 0.0447281
1.14551 -0.0405654
1.14648 0.0135997
1.14746 0.0507715
1.14844 0.0117108
1.14941 -0.063327
1.15039 0.00340503
1.15137 -0.0745338
1.15234 -0.0245072
1.15332 0.0302539
1.1543 0.0603723
1.15527 -0.0832148
1.15625 0.0498587
1.15723 -0.00475408
1.1582 -0.0949225
1.15918 0.00774029
1.16016 0.112772
1.16113 -0.0442854
1.16211 -0.0261473
1.16309 0.0643863
1.16406 0.0809027
1.16504 -0.0537351
1.16602 0.0237844
1.16699 0.0345855
1.16797 -0.000292224
1.16895 -0.0136679
1.16992 0.0639275
1.1709 -0.0393164
1.17188 -0.0157221
1.17285 0.0179619
1.17383 0.0210948
1.1748 -0.00932125
1.17578 0.000839048
1.17676 0.00492562
1.17773 0.0134966
1.17871 0.0160165
1.17969 0.0431977
1.18066 0.0544926
1.18164 -0.00951521
1.18262 0.0254154
1.18359 0.00830618
1.18457 0.0946504
1.18555 -0.113782
1.18652 0.060951
1.1875 -0.0281706
1.18848 0.0495953
1.18945 -0.0284352
1.19043 0.0184647
1.19141 0.0556726
1.19238 0.0735544
1.19336 -0.0608914
1.19434 -0.00467722
1.19531 0.0293247
1.19629 0.0251084
1.19727 0.0759131
1.19824 0.0115158
1.19922 0.00208399
1.2002 -0.014467
1.20117 -0.0363514
1.20215 0.0824244
1.20312 -0.0128432
1.2041 -0.0207017
1.20508 -0.00693819
1.20605 0.0302821
1.20703 -0.0343518
1.20801 0.0163839
1.20898 0.0101137
1.20996 0.0537172
1.21094 -0.0885264
1.21191 -0.02861
1.21289 -0.116184
1.21387 -0.00889283
1.21484 0.0197526
1.21582 -0.0082425
1.2168 -0.016141
1.21777 0.101076
1.21875 0.0217031
1.21973 0.0524058
1.2207 0.030756
1.22168 0.0947256
1.22266 -0.0296088
1.22363 -0.083801
1.22461 -0.0337959
1.22559 0.0240403
1.22656 0.0343948
1.22754 0.0423529
1.22852 -0.0130964
1.22949 -0.0217595
1.23047 0.0115902
1.23145 0.0493085
1.23242 -0.0516337
1.2334 0.0174363
1.23438 0.00763383
1.23535 -0.0151245
1.23633 0.0183058
1.2373 0.0158204
1.23828 -0.0295793
1.23926 -0.0641937
1.24023 -0.0972832
1.24121 -0.0618136
1.24219 0.116702
1.24316 -0.0186504
1.24414 -0.0278236
1.24512 0.0498451
1.24609 0.0295451
1.24707 -0.0201466
1.24805 0.143413
1.24902 -0.060666
1.25 -0.0846154
1.25098 0.0368143
1.25195 -0.0528702
1.25293 0.0287128
1.25391 -0.0226501
1.25488 0.0374518
1.25586 -0.0119142
1.25684 -0.0708517
1.25781 -0.0175633
1.25879 -0.112902
1.25977 -0.00714878
1.26074 0.0222635
1.26172 0.0513814
1.2627 0.0738871
1.26367 -0.0547866
1.26465 0.121315
1.26562 0.0664068
1.2666 0.0388237
1.26758 -0.017988
1.26855 0.0362403
1.26953 0.00721066
1.27051 -0.059003
1.27148 -0.0315348
1.27246 0.00175121
1.27344 0.0169477
1.27441 0.000423486
1.27539 -0.0817158
1.27637 -0.0093671
1.27734 -0.0839627
1.27832 0.0495811
1.2793 0.0234132
1.28027 0.0347264
1.28125 -0.0818894
1.28223 0.00649719
1.2832 -0.0710334
1.28418 -0.120581
1.28516 -0.0103295
1.28613 -0.0606533
1.28711 -0.0881219
1.28809 0.0107746
1.28906 0.026402
1.29004 -0.0301559
1.29102 -0.0383601
1.29199 0.0102585
1.29297 -0.00684065
1.29395 -0.0226312
1.29492 -0.0515715
1.2959 0.0052253
1.29688 -0.0205718
1.29785 -0.0381109
1.29883 0.0596741
1.2998 -0.0334675
1.30078 -0.043637
1.30176 0.0161567
1.30273 0.0478621
1.30371 -0.0400197
1.30469 0.0726569
1.30566 0.0870719
1.30664 0.100168
1.30762 -0.00690559
1.30859 0.0271044
1.30957 0.0539154
1.31055 0.0376011
1.31152 0.0909862
1.3125 -0.0229838
1.31348 -0.00802846
1.31445 0.147569
1.31543 0.0186359
1.31641 0.01054
1.31738 0.085336
1.31836 0.0595254
1.31934 0.0311957
1.32031 -0.0157096
1.32129 0.0222656
1.32227 0.0499804
1.32324 -0.00637923
1.32422 -0.00107684
1.3252 -0.0184621
1.32617 0.0183799
1.32715 -0.0482314
1.32812 -0.00375846
1.3291 0.0613285
1.33008 0.0271969
1.33105 -0.012397
1.33203 0.0686687
1.33301 0.0351717
1.33398 0.0785646
1.33496 0.0950509
1.33594 0.0439413
1.33691 -0.0221787
1.33789 0.0541405
1.33887 -0.112322
1.33984 -0.0443898
1.34082 -0.0222937
1.3418 0.000470907
1.34277 0.041928
1.34375 -0.0476667
1.34473 -0.0143582
1.3457 0.0335565
1.34668 0.00256351
1.34766 -0.0151092
1.34863 0.0604752
1.34961 0.023084
1.35059 0.0762272
1.35156 0.134679
1.35254 -0.0487259
1.35352 -0.0307696
1.35449 0.0287567
1.35547 -0.0476431
1.35645 0.0157891
1.35742 0.00627498
1.3584 0.0780662
1.35938 0.0458856
1.36035 0.0210881
1.36133 -0.0321735
1.3623 0.00138144
1.36328 0.0506887
1.36426 -0.0490642
1.36523 0.0142556
1.36621 0.0812467
1.36719 0.0527325
1.36816 -0.0442542
1.36914 -0.0148502
1.37012 -0.0108949
1.37109 0.0103422
1.37207 -0.0123647
1.37305 0.102742
1.37402 0.0116528
1.375 0.0425663
1.37598 -0.060537
1.37695 -0.033067
1.37793 -0.0338191
1.37891 -0.0191003
1.37988 0.00233018
1.38086 0.0417159
1.38184 -0.0228873
1.38281 -0.00724419
1.38379 0.0690226
1.38477 0.0859016
1.38574 0.00839021
1.38672 -0.00388891
1.3877 0.06219
1.38867 0.0507088
1.38965 0.119422
1.39062 0.00179404
1.3916 0.00857711
1.39258 0.0290178
1.39355 0.048701
1.39453 0.0410241
1.39551 0.035239
1.39648 -0.017282
1.39746 0.00227874
1.39844 -0.0161437
1.39941 -0.0257786
1.40039 -0.0905637
1.40137 0.108202
1.40234 0.035098
1.40332 0.0375717
1.4043 0.0205772
1.40527 0.0339305
1.40625 0.0115895
1.40723 -0.0139427
1.4082 0.010489
1.40918 0.0188001
1.41016 0.00455091
1.41113 0.0561934
1.41211 -0.039863
1.41309 0.0316978
1.41406 -0.0289239
1.41504 -0.00583282
1.41602 0.0194894
1.41699 0.0516076
1.41797 0.0226551
1.41895 0.0535127
1.41992 0.0389677
1.4209 0.00909383
1.42188 0.0221445
1.42285 0.0634944
1.42383 -0.0341862
1.4248 0.0523067
1.42578 0.025102
1.42676 0.0372804
1.42773 0.0290912
1.42871 -0.0580854
1.42969 -0.0739317
1.43066 0.0196159
1.43164 0.0271165
1.43262 0.0384097
1.43359 -0.0174039
1.43457 -0.0143584
1.43555 0.0574603
1.43652 0.0257682
1.4375 0.106705
1.43848 0.0515667
1.43945 0.0774861
1.44043 -0.0714366
1.44141 -0.0225278
1.44238 -0.0806572
1.44336 0.0600393
1.44434 -0.0765679
1.44531 0.0361055
1.44629 0.055742
1.44727 -0.0734107
1.44824 -0.0303124
1.44922 0.0827803
1.4502 0.0627273
1.45117 -0.000123289
1.45215 0.00710786
1.45312 0.0303079
1.4541 0.0409275
1.45508 -0.0128251
1.45605 0.105482
1.45703 -0.0645627
1.45801 -0.0514918
1.45898 0.0796212
1.45996 -0.0860765
1.46094 -0.0794642
1.46191 -0.00733601
1.46289 0.0538979
1.46387 0.0580217
1.46484 -0.0444463
1.46582 0.0276238
1.4668 0.0659132
1.46777 -0.0123197
1.46875 -0.0462375
1.46973 0.00646747
1.4707 -0.0257633
1.47168 0.0313311
1.47266 -0.00394202
1.47363 -0.051546
1.47461 0.0669068
1.47559 0.0299006
1.47656 -0.0701611
1.47754 0.0523302
1.47852 -0.0400102
1.47949 0.113794
1.48047 -0.050592
1.48145 -0.00489128
1.48242 0.0191824
1.4834 0.0347386
1.48438 -0.0202549
1.48535 0.0358078
1.48633 0.0412257
1.4873 -0.00453008
1.48828 -0.0210242
1.48926 -0.0121371
1.49023 0.0158699
1.49121 0.0385807
1.49219 -0.00131738
1.49316 0.110075
1.49414 0.0667957
1.49512 -0.014818
1.49609 0.0291325
1.49707 0.0350708
1.49805 -0.00666493
1.49902 0.0393297
1.5 0.144604
1.50098 -0.036157
1.50195 -0.0218754
1.50293 0.0250324
1.50391 -0.0217373
1.50488 0.035105
1.50586 0.0461528
1.50684 -0.0250171
1.50781 -0.0934907
1.50879 0.0191466
1.50977 0.0148782
1.51074 -0.00977071
1.51172 0.0508754
1.5127 0.0593203
1.51367 0.0657366
1.51465 -0.0225094
1.51562 0.0337872
1.5166 0.0326858
1.51758 -0.00647769
1.51855 0.0236593
1.51953 0.0489937
1.52051 0.0576786
1.52148 -0.0145701
1.52246 -0.00235561
1.52344 0.0444918
1.52441 0.0163835
1.52539 0.0781394
1.52637 -0.000851723
1.52734 0.0651817
1.52832 0.0259896
1.5293 0.0234785
1.53027 -0.0527246
1.53125 0.095896
1.53223 -0.00511321
1.5332 0.0339065
1.53418 0.0805587
1.53516 0.0454334
1.53613 0.028851
1.53711 -0.0462934
1.53809 0.022783
1.53906 0.0306294
1.54004 0.0223526
1.54102 -0.0147126
1.54199 0.0209257
1.54297 0.0110301
1.54395 -0.0315483
1.54492 0.040508
1.5459 0.0925272
1.54688 0.0069024
1.54785 0.0608847
1.54883 -0.0672688
1.5498 0.0746689
1.55078 0.0422842
1.55176 -0.00371191
1.55273 -0.0156256
1.55371 -0.0592239
1.55469 -0.0548081
1.55566 -0.0453251
1.55664 -0.0952745
1.55762 -0.00386133
1.55859 0.070567
1.55957 0.00540226
1.56055 0.0552886
1.56152 0.121393
1.5625 0.0897327
1.56348 0.0850452
1.56445 -0.0590855
1.56543 -0.043028
1.56641 0.0368915
1.56738 0.0583129
1.56836 0.0338631
1.56934 -0.0399022
1.57031 0.00604579
1.57129 0.0951441
1.57227 0.0982513
1.57324 -0.0496379
1.57422 0.0356055
1.5752 -0.0173075
1.57617 0.0258609
1.57715 0.0544862
1.57812 -0.0892936
1.5791 0.0372086
1.58008 0.0908365
1.58105 -0.0893621
1.58203 -0.0676041
1.58301 0.0335599
1.58398 -0.0310504
1.58496 0.149549
1.58594 0.0897487
1.58691 0.113206
1.58789 0.0614526
1.58887 0.09143
1.58984 0.084642
1.59082 -0.0512897
1.5918 0.0154224
1.59277 0.0846174
1.59375 0.00644368
1.59473 0.00320966
1.5957 -0.0335159
1.59668 0.0678503
1.59766 0.0502603
1.59863 -0.0726376
1.59961 0.0252655
1.60059 0.0689342
1.60156 -0.0534867
1.60254 -0.0282668
1.60352 -0.0343232
1.60449 -0.0162064
1.60547 0.0466718
1.60645 0.0952725
1.60742 0.0164787
1.6084 -0.0350831
1.60938 -0.00492564
1.61035 0.0177127
1.61133 0.0790157
1.6123 -0.0614411
1.61328 0.00181287
1.61426 -0.0117671
1.61523 -0.0437096
1.61621 0.00668922
1.61719 -0.00908113
1.61816 0.0340337
1.61914 -0.0183812
1.62012 0.0344914
1.62109 0.00867492
1.62207 0.0691165
1.62305 -0.0309939
1.62402 -0.0398621
1.625 -0.0156965
1.62598 0.0407535
1.62695 0.0238103
1.62793 0.059293
1.62891 0.018965
1.62988 0.0779012
1.63086 -0.017006
1.63184 0.0453187
1.63281 -0.028916
1.63379 -0.0310679
1.63477 0.000605395
1.63574 0.0332069
1.63672 0.0410175
1.6377 0.00952446
1.63867 0.0291266
1.63965 0.0283282
1.64062 0.0114
1.6416 0.0146597
1.64258 -0.123782
1.64355 -0.0198572
1.64453 -0.0828309
1.64551 0.028803
1.64648 0.0506281
1.64746 -0.0402511
1.64844 -0.000357812
1.64941 0.0669986
1.65039 -0.0151631
1.65137 -0.0497242
1.65234 -0.10178
1.65332 -0.0452535
1.6543 0.0277998
1.65527 0.0530285
1.65625 -0.0477879
1.65723 0.0758998
1.6582 -0.0183438
1.65918 0.00616557
1.66016 -0.0966731
1.66113 0.0604022
1.66211 0.0220756
1.66309 0.0441713
1.66406 0.0478273
1.66504 0.0517859
1.66602 -0.0990411
1.66699 0.0154366
1.66797 -0.0359633
1.66895 0.0589103
1.66992 0.0147617
1.6709 -0.0435419
1.67188 0.0196659
1.67285 0.00183247
1.67383 -0.0873281
1.6748 0.0464587
1.67578 -0.0467437
1.67676 0.00318393
1.67773 -0.00825821
1.67871 0.0463033
1.67969 0.063625
1.68066 0.0571516
1.68164 0.0301426
1.68262 0.0595376
1.68359 -0.0185684
1.68457 0.0570946
1.68555 0.0822567
1.68652 0.102808
1.6875 -0.0881664
1.68848 -0.0362014
1.68945 0.00281834
1.69043 0.0881006
1.69141 -0.05472
1.69238 -0.00286214
1.69336 -0.0640772
1.69434 0.128227
1.69531 -0.00987171
1.69629 0.0682502
1.69727 0.0522977
1.69824 -0.0691877
1.69922 0.0340901
1.7002 0.0571306
1.70117 0.0503143
1.70215 0.0197938
1.70312 0.07072
1.7041 -0.0475122
1.70508 0.0102824
1.70605 0.0178592
1.70703 0.023584
1.70801 0.0277864
1.70898 0.0713947
1.70996 0.00224511
1.71094 0.0591761
1.71191 0.0245107
1.71289 0.0167441
1.71387 0.0387855
1.71484 0.0016697
1.71582 0.0540129
1.7168 -0.0851889
1.71777 0.0128691
1.71875 -0.00060943
1.71973 0.0123314
1.7207 -0.015166
1.72168 -0.0145898
1.72266 0.0512177
1.72363 0.0520062
1.72461 0.0365413
1.72559 -0.02042
1.72656 0.0269116
1.72754 0.022893
1.72852 0.0643759
1.72949 0.01104
1.73047 -0.0321353
1.73145 0.0763982
1.73242 0.00598472
1.7334 0.00468177
1.73438 0.0150317
1.73535 0.0164271
1.73633 0.0155278
1.7373 -0.0230903
1.73828 0.0538395
1.73926 0.0826952
1.74023 -0.0647789
1.74121 0.00412333
1.74219 -0.00990118
1.74316 -0.0276913
1.74414 -0.00262799
1.74512 -0.00823685
1.74609 0.0195484
1.74707 -0.0236161
1.74805 -0.0356754
1.74902 -0.0338548
1.75 0.043869
1.75098 0.0324969
1.75195 0.00529755
1.75293 -0.0217824
1.75391 0.0534159
1.75488 -0.0636198
1.75586 -0.0571469
1.75684 -0.0137865
1.75781 -0.0100997
1.75879 0.0208057
1.75977 -0.0532425
1.76074 0.0133911
1.76172 -0.00640673
1.7627 -0.00300424
1.76367 -0.0631166
1.76465 -0.00461118
1.76562 0.00308057
1.7666 0.0126046
1.76758 0.0658913
1.76855 0.0804196
1.76953 0.0328522
1.77051 0.00739497
1.77148 -0.121528
1.77246 -0.0127046
1.77344 0.0249274
1.77441 -0.00692888
1.77539 -0.0367481
1.77637 -0.0401149
1.77734 0.0227708
1.77832 0.111541
1.7793 -0.016097
1.78027 -0.0208361
1.78125 -0.000911812
1.78223 0.00151199
1.7832 -0.0412912
1.78418 0.0480351
1.78516 0.0107234
1.78613 0.031466
1.78711 0.01056
1.78809 0.0658566
1.78906 -0.04275
1.79004 0.0223253
1.79102 0.0355849
1.79199 0.00030844
1.79297 0.0254454
1.79395 0.0308125
1.79492 0.0300103
1.7959 0.0170993
1.79688 -0.0141996
1.79785 -9.39298e-05
1.79883 0.0036815
1.7998 0.028655
1.80078 0.0590998
1.80176 0.0375956
1.80273 -0.00105717
1.80371 0.0799253
1.80469 0.0427208
1.80566 0.0289317
1.80664 0.00275329
1.80762 0.0139212
1.80859 0.0663186
1.80957 0.0418434
1.81055 0.123459
1.81152 0.0567208
1.8125 0.0728631
1.81348 -0.0121843
1.81445 0.000251244
1.81543 0.00538821
1.81641 0.0293923
1.81738 -0.0237272
1.81836 0.0187552
1.81934 0.0686407
1.82031 -0.00708125
1.82129 -0.0248406
1.82227 -0.0302038
1.82324 0.0330117
1.82422 0.0343196
1.8252 -0.0775459
1.82617 0.0523477
1.82715 0.0727267
1.82812 0.00584606
1.8291 -0.035287
1.83008 0.0387517
1.83105 -0.0728831
1.83203 0.035337
1.83301 -0.0416923
1.83398 -0.0184111
1.83496 -0.0156825
1.83594 -0.077184
1.83691 0.00187971
1.83789 -0.0175759
1.83887 0.011347
1.83984 -0.00749244
1.84082 0.0317511
1.8418 -0.0143185
1.84277 0.0398929
1.84375 0.0243231
1.84473 -0.0761992
1.8457 0.0214424
1.84668 -0.0199688
1.84766 0.0700147
1.84863 -0.010994
1.84961 0.0437909
1.85059 -0.0379713
1.85156 0.0167767
1.85254 0.0251346
1.85352 -0.0137533
1.85449 0.0266748
1.85547 -0.0366949
1.85645 0.0179628
1.85742 0.00759391
1.8584 0.0177698
1.85938 -0.0226637
1.86035 0.0634435
1.86133 0.0772479
1.8623 0.0607102
1.86328 0.0401207
1.86426 -0.00697898
1.86523 0.0313606
1.86621 0.0634033
1.86719 -0.0285912
1.86816 -0.0129467
1.86914 -0.0161854
1.87012 -0.0463225
1.87109 -0.0220724
1.87207 0.0360094
1.87305 0.0458048
1.87402 0.0337971
1.875 0.00744021
1.87598 0.0241665
1.87695 -0.0554453
1.87793 -0.0331425
1.87891 0.0344642
1.87988 -0.0589626
1.88086 0.0568598
1.88184 0.025595
1.88281 -0.0239997
1.88379 0.0648311
1.88477 -0.0455945
1.88574 0.0303004
1.88672 0.0356649
1.8877 0.00252833
1.88867 0.0225192
1.88965 0.0171103
1.89062 0.00632115
1.8916 0.0493237
1.89258 -0.0375301
1.89355 0.00181666
1.89453 -0.042686
1.89551 -0.0335959
1.89648 -0.053591
1.89746 -0.00568609
1.89844 0.000599526
1.89941 0.0508428
1.90039 0.0517441
1.90137 -0.0736462
1.90234 0.117703
1.90332 -0.0634705
1.9043 -0.0976745
1.90527 0.0499327
1.90625 0.0154885
1.90723 0.0453789
1.9082 0.0558803
1.90918 -0.016206
1.91016 -0.00708843
1.91113 0.00430353
1.91211 -0.0495207
1.91309 0.0461153
1.91406 0.0142781
1.91504 -0.0303327
1.91602 0.0270202
1.91699 0.0593283
1.91797 0.0172014
1.91895 -0.012024
1.91992 -0.0406076
1.9209 -0.0231742
1.92188 0.0301529
1.92285 0.0260509
1.92383 0.0623642
1.9248 0.0164677
1.92578 0.068819
1.92676 -0.0269406
1.92773 -0.00254583
1.92871 0.00293316
1.92969 0.0569797
1.93066 0.0129713
1.93164 -0.00791501
1.93262 0.0190745
1.93359 -0.0632681
1.93457 -0.0662067
1.93555 0.00267608
1.93652 -0.00671882
1.9375 0.0351575
1.93848 0.0434549
1.93945 0.0162505
1.94043 -0.0136434
1.94141 -0.0596411
1.94238 0.0167986
1.94336 0.0198175
1.94434 0.0325668
1.94531 0.106314
1.94629 0.0224184
1.94727 0.0756403
1.94824 0.00925139
1.94922 -0.0543748
1.9502 0.0714905
1.95117 0.0274087
1.95215 0.054115
1.95312 -0.0410309
1.9541 -0.00853719
1.95508 0.0613715
1.95605 -0.00982247
1.95703 0.0352648
1.95801 0.0156389
1.95898 -0.0155958
1.95996 0.0653555
1.96094 0.00116971
1.96191 -0.00319833
1.96289 -0.0190104
1.96387 0.0233603
1.96484 -0.00714153
1.96582 -0.0597617
1.9668 -0.00968614
1.96777 0.0487647
1.96875 -0.0103758
1.96973 -0.0349457
1.9707 0.0147948
1.97168 0.0238362
1.97266 0.0619356
1.97363 0.0253793
1.97461 0.00859069
1.97559 -0.0308091
1.97656 0.00502686
1.97754 0.0267411
1.97852 0.0350056
1.97949 -0.0366449
1.98047 0.0332761
1.98145 -0.0236676
1.98242 -0.0540052
1.9834 0.0666107
1.98438 -0.00494692
1.98535 -0.0303291
1.98633 0.0460801
1.9873 0.00367072
1.98828 -0.000294811
1.98926 0.0549785
1.99023 -0.0137142
1.99121 0.0194568
1.99219 -0.0201706
1.99316 0.0208545
1.99414 0.121231
1.99512 0.00886695
1.99609 0.0748479
1.99707 -0.02007
1.99805 -0.0336381
1.99902 -0.0448254
