0 -0.0557541
0.000976562 0.0290548
0.00195312 0.0729395
0.00292969 0.0159145
0.00390625 -0.0109885
0.00488281 -0.000911379
0.00585938 0.026005
0.00683594 0.0379663
0.0078125 -0.0226428
0.00878906 -0.0173888
0.00976562 -0.00801688
0.0107422 0.065338
0.0117188 -0.0129735
0.0126953 -0.0543072
0.0136719 0.0196042
0.0146484 0.0552187
0.015625 0.00266063
0.0166016 -0.082782
0.0175781 -0.0215036
0.0185547 -0.00984818
0.0195312 0.0202819
0.0205078 -0.0545052
0.0214844 -0.0248105
0.0224609 -0.0449947
0.0234375 0.00707001
0.0244141 0.00988568
0.0253906 -0.0588653
0.0263672 0.00423772
0.0273438 0.0260553
0.0283203 0.0297297
0.0292969 -0.0211963
0.0302734 0.0444665
0.03125 -0.0615547
0.0322266 0.0233372
0.0332031 0.0516282
0.0341797 0.0473869
0.0351562 -0.0119804
0.0361328 0.0135158
0.0371094 -0.0485739
0.0380859 0.0113046
0.0390625 -0.00449026
0.0400391 -0.00415666
0.0410156 0.0451878
0.0419922 0.0378552
0.0429688 0.0147129
0.0439453 0.0667502
0.0449219 -0.00555639
0.0458984 -0.0430521
0.046875 0.0234137
0.0478516 0.0748976
0.0488281 0.0457634
0.0498047 -0.00208603
0.0507812 0.0220459
0.0517578 -0.0086266
0.0527344 -0.000685827
0.0537109 -0.00716238
0.0546875 -0.0719905
0.0556641 0.0063906
0.0566406 0.0316338
0.0576172 0.0786794
0.0585938 -0.0602858
0.0595703 0.04445
0.0605469 0.053674
0.0615234 -0.0182658
0.0625 0.0475841
0.0634766 0.00428291
0.0644531 0.016391
0.0654297 0.0115164
0.0664062 0.0396448
0.0673828 -0.0740148
0.0683594 -0.0257078
0.0693359 -0.0379714
0.0703125 0.0676066
0.0712891 0.029878
0.0722656 -0.0196497
0.0732422 0.0231974
0.0742188 -0.018914
0.0751953 0.035522
0.0761719 0.020915
0.0771484 0.0598761
0.078125 0.033953
0.0791016 -0.0130882
0.0800781 0.00714203
0.0810547 0.0165367
0.0820312 -0.0249551
0.0830078 -0.0381539
0.0839844 0.00121368
0.0849609 0.0287439
0.0859375 0.00147531
0.0869141 -0.00932465
0.0878906 -0.029034
0.0888672 0.0725949
0.0898438 -0.0350583
0.0908203 0.00466103
0.0917969 0.036853
0.0927734 0.00975306
0.09375 -0.033189
0.0947266 -0.0142585
0.0957031 -0.00775787
0.0966797 -0.0327192
0.0976562 0.0441933
0.0986328 0.0734882
0.0996094 -0.0533327
0.100586 -0.0266892
0.101562 0.0455142
0.102539 0.0582957
0.103516 0.0551801
0.104492 -0.00127421
0.105469 0.0225513
0.106445 0.0334609
0.107422 0.00318754
0.108398 0.0575187
0.109375 0.00839676
0.110352 -0.00465005
0.111328 -0.011264
0.112305 0.0322113
0.113281 0.0356487
0.114258 0.00119221
0.115234 0.00474934
0.116211 0.0397554
0.117188 0.00610275
0.118164 -0.0111834
0.119141 0.0374216
0.120117 0.027106
0.121094 0.0350518
0.12207 -0.00571256
0.123047 0.0274936
0.124023 -0.0935272
0.125 0.0372808
0.125977 -0.00317484
0.126953 0.0424105
0.12793 0.0505935
0.128906 0.0398104
0.129883 0.10683
0.130859 0.00711793
0.131836 0.0616374
0.132812 0.0590705
0.133789 0.0725061
0.134766 0.00891803
0.135742 0.049315
0.136719 -0.00208114
0.137695 0.00498663
0.138672 -0.0015888
0.139648 0.0623983
0.140625 -0.0223507
0.141602 0.0330637
0.142578 -0.0557514
0.143555 -0.00809507
0.144531 0.0361868
0.145508 0.0678255
0.146484 -0.0205874
0.147461 -0.0310376
0.148438 0.0621088
0.149414 0.0107177
0.150391 0.0304041
0.151367 0.00147807
0.152344 0.050969
0.15332 0.0165587
0.154297 -0.0090464
0.155273 0.00624044
0.15625 -0.00528438
0.157227 -0.0151799
0.158203 -0.0426838
0.15918 0.0247125
0.160156 0.00401458
0.161133 -0.0181987
0.162109 0.0171827
0.163086 0.0161186
0.164062 0.0429939
0.165039 0.0201271
0.166016 0.0692328
0.166992 0.0625941
0.167969 -0.00346105
0.168945 -0.00101323
0.169922 0.0825184
0.170898 0.0785239
0.171875 0.0346833
0.172852 -0.0391787
0.173828 -7.80728e-06
0.174805 0.0398516
0.175781 -0.0467814
0.176758 0.085811
0.177734 0.032475
0.178711 -0.0323545
0.179688 -0.00260744
0.180664 0.00823072
0.181641 -0.0168402
0.182617 -0.0128859
0.183594 -0.0453908
0.18457 0.0469684
0.185547 -0.0374754
0.186523 0.0501588
0.1875 -0.00690381
0.188477 -0.0249313
0.189453 0.0394724
0.19043 0.0414023
0.191406 0.0292058
0.192383 0.015267
0.193359 -0.0655536
0.194336 -0.0270072
0.195312 0.0191227
0.196289 -0.00244725
0.197266 0.0160721
0.198242 -0.016613
0.199219 0.0196427
0.200195 -0.00822444
0.201172 -0.014859
0.202148 0.0403486
0.203125 0.0407668
0.204102 -0.0308492
0.205078 -0.00466707
0.206055 -0.015323
0.207031 -0.0101881
0.208008 0.00586629
0.208984 -0.0342091
0.209961 0.0245582
0.210938 -0.0175692
0.211914 0.0578672
0.212891 0.0133069
0.213867 -0.0133722
0.214844 -0.00721559
0.21582 0.0607865
0.216797 0.0348683
0.217773 0.0227451
0.21875 0.039242
0.219727 -0.00265994
0.220703 0.0156039
0.22168 0.0348353
0.222656 -0.0590771
0.223633 -0.00285586
0.224609 0.00566822
0.225586 -0.0231028
0.226562 0.00218616
0.227539 -0.040007
0.228516 0.0883691
0.229492 0.0110616
0.230469 -0.0674252
0.231445 0.0125189
0.232422 0.00868428
0.233398 -0.022028
0.234375 0.0424056
0.235352 -0.0320685
0.236328 0.0267251
0.237305 0.0561479
0.238281 0.00308781
0.239258 -0.0371028
0.240234 0.0271258
0.241211 -0.0222316
0.242188 -0.0274262
0.243164 -0.0952273
0.244141 0.00264526
0.245117 0.0199086
0.246094 0.016823
0.24707 0.0229043
0.248047 -0.0523394
0.249023 0.0473109
0.25 0.0296088
0.250977 0.0318241
0.251953 -0.011156
0.25293 -0.0403854
0.253906 -0.0900521
0.254883 -0.049323
0.255859 0.0388643
0.256836 -0.0954374
0.257812 0.0149786
0.258789 -0.00515645
0.259766 -0.0339229
0.260742 -0.0504163
0.261719 -0.00558104
0.262695 0.00926179
0.263672 0.0630441
0.264648 0.00103598
0.265625 -0.0430668
0.266602 -0.0172119
0.267578 -0.000735935
0.268555 -0.0426727
0.269531 0.0162548
0.270508 -0.0273435
0.271484 0.00460979
0.272461 0.00411911
0.273438 0.0244168
0.274414 0.0138756
0.275391 0.0268918
0.276367 -0.0322112
0.277344 -0.0226375
0.27832 -0.0432455
0.279297 0.0759046
0.280273 -0.022428
0.28125 -0.069058
0.282227 -0.0662374
0.283203 -0.0353822
0.28418 -0.0237989
0.285156 -0.00445266
0.286133 0.0262877
0.287109 -0.0148064
0.288086 -0.0347082
0.289062 -0.0487456
0.290039 -0.0750603
0.291016 -0.00509233
0.291992 0.0327177
0.292969 -0.00884778
0.293945 0.0277726
0.294922 -0.0351265
0.295898 -0.0606663
0.296875 -0.0420886
0.297852 0.0113139
0.298828 0.0759244
0.299805 0.0488538
0.300781 0.00132931
0.301758 -0.100116
0.302734 0.00371704
0.303711 0.0168992
0.304688 -0.0427962
0.305664 0.0061869
0.306641 -0.00563706
0.307617 -0.03183
0.308594 -0.0145763
0.30957 0.0402169
0.310547 0.00349548
0.311523 0.0440401
0.3125 -0.00600244
0.313477 0.0985133
0.314453 0.024394
0.31543 0.005653
0.316406 0.0357278
0.317383 0.0529697
0.318359 0.0360876
0.319336 -0.0223367
0.320312 -0.0611604
0.321289 0.0407521
0.322266 0.0210852
0.323242 0.0171712
0.324219 0.0209495
0.325195 -0.0217676
0.326172 0.0344547
0.327148 -0.0137798
0.328125 0.0198944
0.329102 -0.0516826
0.330078 0.00281782
0.331055 -0.00180504
0.332031 -0.017173
0.333008 -0.0602864
0.333984 0.00326054
0.334961 0.0176459
0.335938 -0.0229853
0.336914 0.068812
0.337891 0.046702
0.338867 0.00964079
0.339844 0.00365237
0.34082 -0.0313174
0.341797 0.0364555
0.342773 -0.0523787
0.34375 -0.0091182
0.344727 0.00209075
0.345703 -0.0145816
0.34668 -0.0657257
0.347656 0.0625494
0.348633 -0.067589
0.349609 -0.016138
0.350586 0.0160461
0.351562 -0.0266391
0.352539 0.0181836
0.353516 -0.00677908
0.354492 -0.0239304
0.355469 0.0118253
0.356445 -0.0226773
0.357422 0.0340519
0.358398 -0.0172338
0.359375 0.0228772
0.360352 0.0367161
0.361328 0.0525554
0.362305 -0.0228027
0.363281 0.00833908
0.364258 0.0445097
0.365234 -0.032438
0.366211 -0.0150073
0.367188 0.0123988
0.368164 -0.0266721
0.369141 0.0205651
0.370117 -0.0459143
0.371094 -0.0223953
0.37207 -0.0162528
0.373047 -0.00881485
0.374023 -0.0364558
0.375 -0.000413246
0.375977 -0.0459102
0.376953 0.0439733
0.37793 -0.0190651
0.378906 0.00788283
0.379883 -0.00656005
0.380859 0.0169562
0.381836 0.0207447
0.382812 0.0604
0.383789 0.0117633
0.384766 0.0412701
0.385742 -0.00594162
0.386719 -0.000767444
0.387695 0.0454829
0.388672 0.0230175
0.389648 -0.0139578
0.390625 0.0260059
0.391602 0.0273878
0.392578 -0.0205946
0.393555 -0.00470958
0.394531 -0.0431419
0.395508 0.0323632
0.396484 -0.0384544
0.397461 0.00293162
0.398438 -0.01221
0.399414 0.00752473
0.400391 0.016928
0.401367 0.0218554
0.402344 0.0148308
0.40332 0.0345481
0.404297 0.0494878
0.405273 0.0286807
0.40625 -0.000143464
0.407227 -0.0114885
0.408203 0.0241656
0.40918 -0.0348114
0.410156 0.0283004
0.411133 -0.0516524
0.412109 -0.0547064
0.413086 -0.0759123
0.414062 0.0122058
0.415039 0.0625191
0.416016 0.0375963
0.416992 0.0214381
0.417969 0.0542693
0.418945 -0.0579395
0.419922 -0.0392883
0.420898 0.0279913
0.421875 0.0764064
0.422852 0.0600437
0.423828 -0.0316016
0.424805 -0.0404705
0.425781 0.0471138
0.426758 0.0306971
0.427734 -0.0559587
0.428711 -0.00191946
0.429688 -0.0510131
0.430664 0.0621022
0.431641 0.0337217
0.432617 -0.0173795
0.433594 0.00891301
0.43457 -0.000262837
0.435547 0.0311894
0.436523 0.0130277
0.4375 0.083211
0.438477 0.067938
0.439453 0.030452
0.44043 -0.046335
0.441406 0.0100634
0.442383 0.00713122
0.443359 0.0170203
0.444336 -0.0107921
0.445312 -0.0291977
0.446289 -0.0147953
0.447266 -0.0271614
0.448242 -0.0365093
0.449219 0.00796791
0.450195 0.00857708
0.451172 -0.0648335
0.452148 0.0454594
0.453125 -0.0412983
0.454102 -0.0351403
0.455078 -0.0530874
0.456055 -0.00869084
0.457031 0.064223
0.458008 0.0129423
0.458984 0.0211889
0.459961 -0.00334354
0.460938 0.0397801
0.461914 -0.0641872
0.462891 0.0398609
0.463867 0.00763678
0.464844 0.0477865
0.46582 -0.0050987
0.466797 -0.04334
0.467773 0.0644243
0.46875 0.0114506
0.469727 0.00326467
0.470703 -0.0381679
0.47168 -0.00626084
0.472656 0.0181115
0.473633 0.0099577
0.474609 0.0739961
0.475586 0.044092
0.476562 -0.0515695
0.477539 -0.0222667
0.478516 -0.103297
0.479492 0.018379
0.480469 0.0138134
0.481445 0.0119983
0.482422 -0.025877
0.483398 -0.0532454
0.484375 -0.0270903
0.485352 0.0015258
0.486328 -0.0420324
0.487305 -0.0331149
0.488281 0.0174267
0.489258 0.0833373
0.490234 0.0454581
0.491211 -0.00956833
0.492188 0.044434
0.493164 0.00134998
0.494141 0.0187902
0.495117 0.0193542
0.496094 0.0483999
0.49707 -0.00364574
0.498047 0.028502
0.499023 0.0359669
0.5 0.0696839
0.500977 0.0615293
0.501953 -0.0303023
0.50293 -0.0181268
0.503906 0.00583894
0.504883 0.047522
0.505859 0.023715
0.506836 -0.0179113
0.507812 -0.0176128
0.508789 -0.0048781
0.509766 0.0118446
0.510742 0.0413674
0.511719 -0.0190925
0.512695 0.0560017
0.513672 -0.00703886
0.514648 -0.0056492
0.515625 0.0467275
0.516602 0.0471476
0.517578 0.0236341
0.518555 0.0434557
0.519531 0.0161
0.520508 0.00735648
0.521484 0.00325883
0.522461 -0.00992742
0.523438 -0.0589944
0.524414 0.0532866
0.525391 0.00953276
0.526367 0.0486733
0.527344 0.0256241
0.52832 0.0238721
0.529297 -0.00823938
0.530273 0.0308863
0.53125 0.0306908
0.532227 0.0211356
0.533203 0.012433
0.53418 -0.00216821
0.535156 0.0441354
0.536133 -0.0430648
0.537109 0.0739409
0.538086 0.00929741
0.539062 -0.033825
0.540039 -0.0141206
0.541016 -0.0489916
0.541992 -0.0308665
0.542969 0.00738014
0.543945 0.00451432
0.544922 -0.0114719
0.545898 -0.0917715
0.546875 -0.00897929
0.547852 -0.0151464
0.548828 0.00907987
0.549805 0.111111
0.550781 0.00387369
0.551758 0.0247538
0.552734 0.0220744
0.553711 -0.00294404
0.554688 -0.0126636
0.555664 0.0751998
0.556641 -0.00170453
0.557617 0.0029507
0.558594 -0.0037929
0.55957 0.0829535
0.560547 2.71717e-05
0.561523 0.0024749
0.5625 -0.0083682
0.563477 1.11086e-05
0.564453 -0.0600575
0.56543 -0.0490827
0.566406 0.00336418
0.567383 -0.0407032
0.568359 0.0191597
0.569336 0.0425872
0.570312 -0.0182602
0.571289 0.0257233
0.572266 -0.00806419
0.573242 -0.0341395
0.574219 -0.00424344
0.575195 0.00894869
0.576172 -0.0149904
0.577148 0.0253118
0.578125 0.0279573
0.579102 0.0425748
0.580078 -0.0358827
0.581055 0.000683996
0.582031 0.120485
0.583008 0.787202
0.583984 1.30001
0.584961 0.998279
0.585938 0.798396
0.586914 0.567997
0.587891 0.506365
0.588867 0.481452
0.589844 0.280831
0.59082 0.246706
0.591797 0.18552
0.592773 0.213142
0.59375 0.160334
0.594727 0.165841
0.595703 0.0954192
0.59668 0.084985
0.597656 0.153874
0.598633 0.132951
0.599609 0.0753537
0.600586 0.00996746
0.601562 0.0351761
0.602539 -0.0253683
0.603516 0.099658
0.604492 0.0294204
0.605469 -0.00451321
0.606445 0.0620736
0.607422 0.0298461
0.608398 0.0211305
0.609375 0.0828554
0.610352 0.010895
0.611328 0.0359231
0.612305 0.0348465
0.613281 -0.00871466
0.614258 0.0168431
0.615234 0.0130754
0.616211 0.00617703
0.617188 -0.0147936
0.618164 0.0623415
0.619141 0.113679
0.620117 0.0025449
0.621094 -0.0213074
0.62207 0.0190108
0.623047 0.0895823
0.624023 0.0967183
0.625 0.00216101
0.625977 -0.0351045
0.626953 -0.0104215
0.62793 -0.0230535
0.628906 0.0320315
0.629883 -0.0704173
0.630859 -0.0232219
0.631836 -0.0117543
0.632812 -0.034763
0.633789 -0.0562466
0.634766 0.0602434
0.635742 -0.0250299
0.636719 -0.0425287
0.637695 0.0158413
0.638672 0.107627
0.639648 0.0200306
0.640625 0.0790913
0.641602 -0.0218529
0.642578 0.0320464
0.643555 0.0395714
0.644531 -0.0338018
0.645508 -0.0137763
0.646484 0.0341009
0.647461 0.015672
0.648438 -0.0252388
0.649414 0.0184185
0.650391 0.00597018
0.651367 0.0298306
0.652344 0.0268429
0.65332 -0.00185223
0.654297 -0.000739067
0.655273 0.00916182
0.65625 0.00434347
0.657227 0.030439
0.658203 0.00185579
0.65918 0.0710112
0.660156 0.031905
0.661133 -0.0458217
0.662109 -0.0378414
0.663086 0.0271373
0.664062 0.0756581
0.665039 -0.0171032
0.666016 0.0853186
0.666992 -0.0120416
0.667969 0.0421789
0.668945 -0.0406697
0.669922 0.0750366
0.670898 -0.0187379
0.671875 0.00260328
0.672852 0.0458628
0.673828 -0.0139181
0.674805 -0.0552143
0.675781 -0.00583255
0.676758 -0.0229995
0.677734 0.0356846
0.678711 0.0262628
0.679688 0.00660273
0.680664 -0.0152946
0.681641 0.0603989
0.682617 0.00656523
0.683594 0.134072
0.68457 0.0344124
0.685547 0.0605533
0.686523 0.0155745
0.6875 -0.0178522
0.688477 0.00081522
0.689453 -0.0184955
0.69043 0.0373543
0.691406 0.0105296
0.692383 0.025522
0.693359 0.0324838
0.694336 0.0089767
0.695312 -0.0390591
0.696289 -0.00481953
0.697266 0.0748011
0.698242 -0.0418711
0.699219 -0.0624055
0.700195 0.0160047
0.701172 -0.00752803
0.702148 -0.0157816
0.703125 0.0652685
0.704102 -0.0890044
0.705078 -0.0599362
0.706055 0.0173379
0.707031 0.0176868
0.708008 -0.0222926
0.708984 0.0424096
0.709961 -0.025879
0.710938 0.0262146
0.711914 -0.0527885
0.712891 0.0336409
0.713867 -0.00400359
0.714844 -0.00888031
0.71582 0.0224295
0.716797 0.0190892
0.717773 -0.0205361
0.71875 0.00165428
0.719727 0.0236918
0.720703 -0.0202533
0.72168 0.0377782
0.722656 -0.000286516
0.723633 -0.0393881
0.724609 0.0519484
0.725586 -0.0414114
0.726562 0.0107746
0.727539 -0.0435699
0.728516 -0.065927
0.729492 0.0428412
0.730469 0.0642809
0.731445 0.0721223
0.732422 0.0418267
0.733398 0.0472533
0.734375 -0.0260658
0.735352 0.000909548
0.736328 -0.0138193
0.737305 -0.00347427
0.738281 0.0151176
0.739258 -0.0568002
0.740234 0.056482
0.741211 0.0339057
0.742188 0.018175
0.743164 -0.0555088
0.744141 0.01455
0.745117 0.0614923
0.746094 -0.0669934
0.74707 -0.0825532
0.748047 0.00934792
0.749023 0.0473358
0.75 -0.0241115
0.750977 0.0463574
0.751953 0.0737512
0.75293 0.0498812
0.753906 -0.0287055
0.754883 -0.054327
0.755859 -0.000391357
0.756836 -0.0203077
0.757812 0.0522839
0.758789 0.0570809
0.759766 0.0456258
0.760742 -0.0118655
0.761719 -0.0080016
0.762695 0.052871
0.763672 0.104096
0.764648 0.00401017
0.765625 -0.0429179
0.766602 -0.076338
0.767578 0.0158784
0.768555 0.0211146
0.769531 0.0121236
0.770508 0.051097
0.771484 -0.0252972
0.772461 -0.0506181
0.773438 -0.0199628
0.774414 -0.0278626
0.775391 0.0518638
0.776367 0.00385817
0.777344 0.00474031
0.77832 -0.0140492
0.779297 -0.0123466
0.780273 -0.0520108
0.78125 0.000591907
0.782227 0.0239985
0.783203 -0.0517679
0.78418 0.0478218
0.785156 0.02443
0.786133 0.000327024
0.787109 -0.0155524
0.788086 0.00657224
0.789062 0.00402495
0.790039 0.0779046
0.791016 -0.0469084
0.791992 -0.042012
0.792969 -0.0109082
0.793945 -0.0167359
0.794922 -0.0190741
0.795898 -0.0256059
0.796875 -0.00920681
0.797852 -0.00746517
0.798828 0.0843453
0.799805 0.0258635
0.800781 -0.00595678
0.801758 0.0404612
0.802734 -0.0357312
0.803711 -0.0515393
0.804688 -0.047935
0.805664 -0.048556
0.806641 -0.0426667
0.807617 0.0151436
0.808594 0.00623234
0.80957 0.0921056
0.810547 0.0608764
0.811523 0.0663278
0.8125 0.0114377
0.813477 0.0257705
0.814453 -0.0288652
0.81543 -0.0291952
0.816406 -0.0174458
0.817383 0.0518581
0.818359 -0.00872933
0.819336 0.00465786
0.820312 -0.00885561
0.821289 -0.00695262
0.822266 0.0288962
0.823242 -0.0387337
0.824219 0.0619396
0.825195 -0.022356
0.826172 0.0163667
0.827148 0.0811994
0.828125 -0.0592017
0.829102 0.0093466
0.830078 0.0537145
0.831055 -0.0451688
0.832031 0.0354152
0.833008 0.021374
0.833984 0.036456
0.834961 0.000319396
0.835938 -0.0531193
0.836914 -0.0241192
0.837891 0.00630358
0.838867 -0.0487592
0.839844 0.0755274
0.84082 0.0428884
0.841797 0.0798589
0.842773 0.0407491
0.84375 -0.0131564
0.844727 -0.00988932
0.845703 0.0429126
0.84668 0.0374923
0.847656 0.046053
0.848633 0.0257459
0.849609 0.0282999
0.850586 0.0209475
0.851562 -0.0416535
0.852539 -0.0438287
0.853516 -0.00112158
0.854492 -0.0207026
0.855469 -0.0574978
0.856445 0.0606332
0.857422 0.00644502
0.858398 0.000633214
0.859375 -0.0408164
0.860352 -0.0268192
0.861328 -0.0125564
0.862305 -0.0242279
0.863281 -0.0349291
0.864258 0.00116501
0.865234 -0.0176716
0.866211 0.0102818
0.867188 0.0230482
0.868164 -0.0662755
0.869141 0.040641
0.870117 0.00145452
0.871094 0.0358694
0.87207 0.0609288
0.873047 -0.0564054
0.874023 -0.0677743
0.875 -0.0492934
0.875977 0.0231878
0.876953 0.0910502
0.87793 0.0312961
0.878906 -0.0220268
0.879883 -0.0317278
0.880859 0.00148339
0.881836 0.0356988
0.882812 0.0284112
0.883789 0.0348553
0.884766 -0.0517164
0.885742 0.0554492
0.886719 0.00663791
0.887695 0.0131839
0.888672 0.0640135
0.889648 0.0797298
0.890625 0.0149703
0.891602 -0.00352853
0.892578 -0.00969499
0.893555 0.0806061
0.894531 0.0329472
0.895508 -0.0231233
0.896484 -0.00143312
0.897461 0.0202838
0.898438 0.0111558
0.899414 -0.0240682
0.900391 0.000446608
0.901367 0.00754243
0.902344 0.0335026
0.90332 0.0443932
0.904297 -0.0319635
0.905273 -0.0300229
0.90625 0.0382521
0.907227 -0.0400077
0.908203 -0.0466204
0.90918 -0.0132564
0.910156 0.0243015
0.911133 0.105278
0.912109 -0.00286014
0.913086 -0.0526277
0.914062 0.00280361
0.915039 0.00209298
0.916016 0.0542798
0.916992 -0.00502376
0.917969 0.00655696
0.918945 0.0578832
0.919922 0.0212875
0.920898 0.0171951
0.921875 -0.0553301
0.922852 -0.0161764
0.923828 -0.0373428
0.924805 -0.0049635
0.925781 -0.0329627
0.926758 -0.0275392
0.927734 0.0366486
0.928711 0.00880168
0.929688 -0.0553786
0.930664 -0.0267002
0.931641 0.0432443
0.932617 0.0571912
0.933594 0.0109336
0.93457 -0.0512771
0.935547 -0.0155581
0.936523 -0.0137501
0.9375 0.0501817
0.938477 0.0600923
0.939453 -0.0417959
0.94043 0.0673761
0.941406 -0.0401474
0.942383 0.100087
0.943359 0.00928986
0.944336 0.0711766
0.945312 0.093616
0.946289 -0.0245524
0.947266 -0.0631852
0.948242 0.0452391
0.949219 0.0607259
0.950195 -0.003788
0.951172 0.0725
0.952148 0.0051551
0.953125 -0.0554156
0.954102 0.0248417
0.955078 -0.00916352
0.956055 0.00190961
0.957031 0.0299594
0.958008 0.00701029
0.958984 0.00747317
0.959961 0.0394087
0.960938 -0.0453865
0.961914 0.0580779
0.962891 0.0210534
0.963867 0.0329213
0.964844 -0.0403486
0.96582 0.0358644
0.966797 -0.0228166
0.967773 0.0476928
0.96875 0.0176738
0.969727 0.0536515
0.970703 -0.042753
0.97168 0.0920406
0.972656 0.0185783
0.973633 0.0676022
0.974609 -0.0175205
0.975586 -0.00204047
0.976562 0.0517441
0.977539 -0.00370626
0.978516 -0.0440603
0.979492 -0.00607606
0.980469 -0.0180198
0.981445 -0.0340969
0.982422 0.00205574
0.983398 -0.0133475
0.984375 0.0215551
0.985352 0.0365939
0.986328 0.0256855
0.987305 -0.00736586
0.988281 0.0417392
0.989258 -0.0311369
0.990234 0.0523679
0.991211 -0.0271051
0.992188 0.0549018
0.993164 -0.0204865
0.994141 -0.00919854
0.995117 0.0221401
0.996094 0.0424605
0.99707 0.106623
0.998047 0.0434281
0.999023 -0.00807489
1 0.0254562
1.00098 -0.0187332
1.00195 -0.0177485
1.00293 -0.0258502
1.00391 -0.0683433
1.00488 0.0505477
1.00586 -0.0385058
1.00684 -0.0443836
1.00781 -0.025713
1.00879 0.0196638
1.00977 -0.0225052
1.01074 0.0922595
1.01172 0.0687575
1.0127 -0.0454715
1.01367 0.00441263
1.01465 0.134103
1.01562 -0.0387752
1.0166 0.0161704
1.01758 0.0266326
1.01855 -0.0215322
1.01953 -0.0234039
1.02051 -0.0264306
1.02148 0.0699303
1.02246 -0.0153779
1.02344 0.0279897
1.02441 -0.0232816
1.02539 0.0380301
1.02637 0.0702618
1.02734 -0.00961063
1.02832 -0.0481258
1.0293 0.0555319
1.03027 0.0751739
1.03125 0.0132306
1.03223 -0.0463817
1.0332 -0.0123687
1.03418 -0.028122
1.03516 0.0443881
1.03613 -0.00865588
1.03711 -0.0133414
1.03809 -0.0195887
1.03906 -0.00762238
1.04004 -0.030131
1.04102 -0.0197796
1.04199 -0.0541021
1.04297 0.0434674
1.04395 -0.0053721
1.04492 0.0290704
1.0459 -0.0299485
1.04688 0.0383003
1.04785 0.000249275
1.04883 0.0571906
1.0498 0.0414602
1.05078 -0.11822
1.05176 -0.00753592
1.05273 0.0239203
1.05371 -0.027332
1.05469 0.0243193
1.05566 0.034911
1.05664 0.00577867
1.05762 -0.0225233
1.05859 0.0507388
1.05957 -0.0413822
1.06055 -0.00146454
1.06152 -0.0212918
1.0625 -0.00150117
1.06348 0.0255124
1.06445 0.0482676
1.06543 0.0488089
1.06641 0.0216408
1.06738 -0.0790891
1.06836 -0.0460654
1.06934 0.114967
1.07031 0.10181
1.07129 -0.026095
1.07227 0.0362524
1.07324 0.0314004
1.07422 0.0182744
1.0752 0.0167811
1.07617 0.00587297
1.07715 0.0316124
1.07812 0.0899335
1.0791 0.0139089
1.08008 0.0345638
1.08105 0.0291746
1.08203 0.000676656
1.08301 0.0319084
1.08398 -0.0362515
1.08496 -0.0614168
1.08594 -0.0405627
1.08691 0.0117175
1.08789 -0.00393545
1.08887 -0.006114
1.08984 0.00724449
1.09082 0.00135926
1.0918 0.0119663
1.09277 0.0171092
1.09375 -0.0216741
1.09473 0.0386283
1.0957 0.0727724
1.09668 0.0581849
1.09766 0.0130295
1.09863 0.0348769
1.09961 0.0107008
1.10059 0.0187025
1.10156 0.0555209
1.10254 -0.0301534
1.10352 0.0417582
1.10449 0.00799107
1.10547 -0.0109892
1.10645 0.027689
1.10742 -0.0298564
1.1084 -0.0258478
1.10938 -0.000269959
1.11035 -5.43697e-05
1.11133 0.0872822
1.1123 0.0490186
1.11328 0.0160765
1.11426 -0.0392418
1.11523 -0.036203
1.11621 0.0174156
1.11719 0.0443786
1.11816 -0.0467018
1.11914 -0.0308131
1.12012 0.0217391
1.12109 0.0200163
1.12207 0.0346571
1.12305 0.0441969
1.12402 -0.00180831
1.125 0.00405395
1.12598 0.0355704
1.12695 -0.0376891
1.12793 -0.010494
1.12891 0.0263109
1.12988 -0.0188135
1.13086 -0.0363908
1.13184 -0.0598546
1.13281 -0.0322005
1.13379 0.00350756
1.13477 -0.0140353
1.13574 -0.0302063
1.13672 0.0287668
1.1377 -0.0583547
1.13867 -0.0306719
1.13965 -0.0131806
1.14062 -0.0205441
1.1416 0.0278081
1.14258 -0.029198
1.14355 -0.0485691
1.14453 -0.0348365
1.14551 -0.0332532
1.14648 0.0843696
1.14746 0.0203095
1.14844 0.054319
1.14941 -0.00663753
1.15039 0.0658056
1.15137 -0.0509826
1.15234 0.0534627
1.15332 0.0303141
1.1543 0.009315
1.15527 0.00931368
1.15625 0.0444527
1.15723 -0.0269944
1.1582 -0.029429
1.15918 -0.00886581
1.16016 0.0582444
1.16113 0.0024815
1.16211 0.0440546
1.16309 -0.0945187
1.16406 0.0320147
1.16504 -0.0164453
1.16602 0.0448703
1.16699 0.045633
1.16797 0.0400756
1.16895 -0.0271887
1.16992 -0.011775
1.1709 0.0729064
1.17188 -0.0336051
1.17285 0.0369809
1.17383 -0.0437255
1.1748 0.0119256
1.17578 0.0121043
1.17676 -0.0215955
1.17773 -0.00439062
1.17871 -0.0448787
1.17969 0.0597884
1.18066 -0.0475847
1.18164 0.0765795
1.18262 0.00476622
1.18359 0.0431809
1.18457 -0.01497
1.18555 0.0826342
1.18652 0.0289223
1.1875 -0.0233999
1.18848 0.0756443
1.18945 -0.0418456
1.19043 0.0310774
1.19141 0.101605
1.19238 -0.0167143
1.19336 0.0729776
1.19434 -0.0495552
1.19531 -0.0330644
1.19629 -0.0296934
1.19727 -0.0155113
1.19824 0.00582196
1.19922 0.0704184
1.2002 0.0174267
1.20117 0.0648219
1.20215 -0.00951832
1.20312 0.0583481
1.2041 -0.0281623
1.20508 -0.0641431
1.20605 0.0362067
1.20703 -0.00869569
1.20801 0.0203509
1.20898 -0.0015731
1.20996 -0.00827192
1.21094 0.0323808
1.21191 -0.0778087
1.21289 0.0290992
1.21387 -0.0174452
1.21484 -0.0344815
1.21582 -0.108931
1.2168 0.0430443
1.21777 0.0857222
1.21875 0.0232863
1.21973 0.00273473
1.2207 -0.00814271
1.22168 -0.0250963
1.22266 -0.004848
1.22363 0.0832033
1.22461 -0.0373669
1.22559 0.0329394
1.22656 0.0147692
1.22754 -0.0152909
1.22852 0.0498845
1.22949 0.0776509
1.23047 0.0606492
1.23145 -0.0127528
1.23242 0.0412621
1.2334 0.0398078
1.23438 -0.050077
1.23535 0.0363741
1.23633 -0.0573682
1.2373 0.0154773
1.23828 0.0668407
1.23926 0.0042986
1.24023 0.0511407
1.24121 0.00776327
1.24219 0.00232584
1.24316 0.018743
1.24414 -0.00198771
1.24512 -0.0705044
1.24609 0.0214492
1.24707 0.0210858
1.24805 0.0234682
1.24902 0.043443
1.25 0.0250744
1.25098 0.0157159
1.25195 0.0284873
1.25293 0.0361836
1.25391 0.012904
1.25488 -0.0104393
1.25586 0.0114066
1.25684 -0.076108
1.25781 -0.0195734
1.25879 0.00635729
1.25977 -0.0320398
1.26074 -0.00545993
1.26172 -0.0488148
1.2627 0.0258083
1.26367 0.0277532
1.26465 0.0491361
1.26562 0.0443314
1.2666 -0.0384806
1.26758 -0.0738091
1.26855 0.0304434
1.26953 0.0284557
1.27051 -0.0548227
1.27148 -0.022678
1.27246 0.0563039
1.27344 0.0542814
1.27441 0.0144096
1.27539 0.047594
1.27637 0.0299857
1.27734 0.0323206
1.27832 0.0297444
1.2793 -0.0208263
1.28027 0.00128284
1.28125 0.0508096
1.28223 0.00833307
1.2832 0.0734347
1.28418 0.0417511
1.28516 0.0500462
1.28613 0.027287
1.28711 -0.0699265
1.28809 -0.0274046
1.28906 -0.0241188
1.29004 -0.0163982
1.29102 0.00521614
1.29199 0.0183895
1.29297 -0.0139597
1.29395 0.0103115
1.29492 0.0260204
1.2959 0.064678
1.29688 0.0691512
1.29785 0.0237749
1.29883 0.0307344
1.2998 0.000571939
1.30078 -0.0630954
1.30176 0.0403053
1.30273 0.0346312
1.30371 0.0504755
1.30469 -0.00801247
1.30566 0.0663582
1.30664 -0.00575733
1.30762 -0.00420383
1.30859 0.0427008
1.30957 0.0573329
1.31055 0.00776824
1.31152 0.0306709
1.3125 0.00282481
1.31348 -0.0145202
1.31445 -0.0161556
1.31543 -0.00467654
1.31641 0.0260546
1.31738 0.00225388
1.31836 0.0654808
1.31934 0.00386977
1.32031 -0.00315081
1.32129 0.00816146
1.32227 0.0353214
1.32324 0.0213276
1.32422 0.00884325
1.3252 -0.0127241
1.32617 -0.0445826
1.32715 -0.0221978
1.32812 -0.0265185
1.3291 0.032085
1.33008 -0.00914494
1.33105 0.0438917
1.33203 -0.011482
1.33301 0.00448071
1.33398 -0.0493638
1.33496 -0.0108871
1.33594 -0.0570379
1.33691 0.0102508
1.33789 0.05809
1.33887 -0.00948313
1.33984 -0.0019747
1.34082 0.0426848
1.3418 -0.0146772
1.34277 -0.0397437
1.34375 0.0350554
1.34473 0.0199871
1.3457 0.0630369
1.34668 0.0174899
1.34766 -0.0266408
1.34863 -0.00383096
1.34961 0.0595133
1.35059 0.00165313
1.35156 -0.0298059
1.35254 0.0396406
1.35352 -0.00627733
1.35449 -0.0477525
1.35547 -0.0581314
1.35645 0.0381153
1.35742 0.00547332
1.3584 -0.0415812
1.35938 0.00367191
1.36035 0.0336309
1.36133 0.0804076
1.3623 0.0260906
1.36328 0.0457783
1.36426 -0.0147478
1.36523 0.0165187
1.36621 0.0122265
1.36719 -0.0304592
1.36816 0.052634
1.36914 -0.0280159
1.37012 -0.0421447
1.37109 0.00646901
1.37207 -0.00399583
1.37305 0.0329268
1.37402 0.0729781
1.375 0.0415744
1.37598 -0.0543765
1.37695 0.0726423
1.37793 0.0149222
1.37891 0.0525347
1.37988 0.0199946
1.38086 0.0496516
1.38184 -0.0186527
1.38281 0.0478986
1.38379 -0.00994463
1.38477 -0.000490207
1.38574 0.0148554
1.38672 0.0282909
1.3877 0.00409815
1.38867 0.0540302
1.38965 -0.0241664
1.39062 0.0900008
1.3916 0.0612916
1.39258 -0.0010364
1.39355 -0.0339554
1.39453 0.0304987
1.39551 -0.0495259
1.39648 0.0305321
1.39746 -0.0202594
1.39844 0.0356899
1.39941 0.00918895
1.40039 0.0145874
1.40137 -0.0486907
1.40234 -0.0544138
1.40332 0.0361828
1.4043 0.075807
1.40527 0.00222755
1.40625 -0.0637328
1.40723 0.0245887
1.4082 0.0129276
1.40918 0.0116387
1.41016 0.0233348
1.41113 -0.0498018
1.41211 0.0185133
1.41309 0.0318811
1.41406 0.0646427
1.41504 0.00506645
1.41602 0.0516801
1.41699 0.0567743
1.41797 0.0111935
1.41895 0.0807627
1.41992 0.0535212
1.4209 0.0379424
1.42188 -0.0204397
1.42285 -0.0552672
1.42383 0.0338801
1.4248 -0.0848146
1.42578 0.00122728
1.42676 -0.0305784
1.42773 -0.00255069
1.42871 0.0375517
1.42969 -0.0219474
1.43066 0.0320252
1.43164 0.0143906
1.43262 -0.00434389
1.43359 0.0280302
1.43457 0.0506063
1.43555 -0.0223796
1.43652 0.00992494
1.4375 0.0188821
1.43848 -0.0400593
1.43945 0.0238978
1.44043 0.00377081
1.44141 0.0638596
1.44238 0.0230663
1.44336 0.112142
1.44434 -0.00185046
1.44531 -0.0273478
1.44629 0.00846911
1.44727 -0.0263359
1.44824 -0.0226417
1.44922 0.0378829
1.4502 -0.00090153
1.45117 -0.0408437
1.45215 0.0751055
1.45312 0.000199356
1.4541 0.0113207
1.45508 0.0548043
1.45605 0.0507585
1.45703 -0.017016
1.45801 0.00579814
1.45898 -0.0466731
1.45996 0.0402685
1.46094 0.0553891
1.46191 0.0453579
1.46289 0.0327137
1.46387 0.0632525
1.46484 0.0747818
1.46582 -0.00315379
1.4668 0.0516663
1.46777 -0.0165557
1.46875 0.0305643
1.46973 -0.0319372
1.4707 -0.0350988
1.47168 0.00905158
1.47266 0.0107819
1.47363 -0.0174797
1.47461 -0.0483035
1.47559 0.0157141
1.47656 0.0242489
1.47754 0.0659275
1.47852 0.0808575
1.47949 0.0435792
1.48047 0.0656755
1.48145 0.0242035
1.48242 -0.0138283
1.4834 0.0230804
1.48438 0.0269397
1.48535 0.0447407
1.48633 0.0079083
1.4873 0.042276
1.48828 0.0156371
1.48926 0.00790466
1.49023 0.0478595
1.49121 0.03973
1.49219 -0.0115054
1.49316 -0.0193875
1.49414 0.0153954
1.49512 0.0139305
1.49609 0.0386039
1.49707 0.0480443
1.49805 0.013331
1.49902 0.0260857
1.5 -0.0206733
1.50098 0.029323
1.50195 0.0384117
1.50293 -0.0121796
1.50391 0.0203618
1.50488 -0.00570765
1.50586 0.0194665
1.50684 0.026858
1.50781 0.0558909
1.50879 0.0629277
1.50977 0.0656479
1.51074 -0.0475885
1.51172 0.00129519
1.5127 -0.0568851
1.51367 0.0520881
1.51465 0.023455
1.51562 0.0618761
1.5166 -0.0104331
1.51758 -0.0170539
1.51855 0.0223577
1.51953 0.0364013
1.52051 -0.000846425
1.52148 0.014294
1.52246 -0.0181776
1.52344 0.0653656
1.52441 0.0728744
1.52539 0.0425801
1.52637 0.0209247
1.52734 -0.00188929
1.52832 -0.0257633
1.5293 0.0364952
1.53027 -0.0174689
1.53125 0.0537922
1.53223 0.0537134
1.5332 0.0311855
1.53418 0.00677963
1.53516 -0.0449055
1.53613 0.0933678
1.53711 0.0517029
1.53809 0.0244644
1.53906 -0.0218296
1.54004 -0.0251635
1.54102 -0.0263347
1.54199 -0.0140363
1.54297 0.0374372
1.54395 0.0380517
1.54492 0.00971043
1.5459 0.0262705
1.54688 -0.0055844
1.54785 -0.0674346
1.54883 -0.0731138
1.5498 -0.0732505
1.55078 -0.00789567
1.55176 -0.0243856
1.55273 0.00658509
1.55371 -0.0748993
1.55469 -0.0613887
1.55566 -0.026523
1.55664 0.0200149
1.55762 0.0307945
1.55859 0.0421431
1.55957 -0.051061
1.56055 -0.012544
1.56152 -0.0104272
1.5625 0.0244008
1.56348 0.0435676
1.56445 0.0093477
1.56543 -0.00888229
1.56641 0.00148645
1.56738 0.0241859
1.56836 0.0137423
1.56934 -0.076756
1.57031 0.00199044
1.57129 -0.0115988
1.57227 -0.0284296
1.57324 0.0653424
1.57422 0.0516089
1.5752 -0.0877212
1.57617 -0.0521322
1.57715 0.0556626
1.57812 0.0220733
1.5791 -0.0773443
1.58008 -0.0848775
1.58105 -0.0652961
1.58203 -0.0186021
1.58301 -0.0217367
1.58398 0.0625759
1.58496 0.0147938
1.58594 0.0589999
1.58691 0.0431207
1.58789 0.0409836
1.58887 0.0273003
1.58984 0.00599555
1.59082 0.032657
1.5918 0.0460048
1.59277 0.0132521
1.59375 0.0164997
1.59473 0.0608946
1.5957 0.0120814
1.59668 0.0320839
1.59766 0.0309579
1.59863 0.0245418
1.59961 0.0404492
1.60059 -0.00429833
1.60156 0.0127692
1.60254 0.0218529
1.60352 -0.027696
1.60449 0.0368811
1.60547 -2.83043e-05
1.60645 0.0546926
1.60742 -0.0426161
1.6084 -0.103263
1.60938 -0.00753393
1.61035 0.0430553
1.61133 0.110352
1.6123 0.0971143
1.61328 -0.0241701
1.61426 0.0554073
1.61523 -0.0465445
1.61621 -0.00587997
1.61719 0.017439
1.61816 0.00475122
1.61914 0.0275652
1.62012 0.00751149
1.62109 -0.0419825
1.62207 -0.0664977
1.62305 -0.0539634
1.62402 0.0373501
1.625 0.0515265
1.62598 0.0243972
1.62695 -0.0422957
1.62793 -0.0475367
1.62891 0.0185119
1.62988 0.00820453
1.63086 -0.0461569
1.63184 -0.0418399
1.63281 0.0126069
1.63379 0.0243616
1.63477 0.0186505
1.63574 -0.0712097
1.63672 0.00345233
1.6377 -0.082541
1.63867 0.0181039
1.63965 0.0542148
1.64062 -0.0382979
1.6416 -0.0234495
1.64258 -0.0483438
1.64355 0.0295706
1.64453 0.031926
1.64551 0.0503367
1.64648 0.0202261
1.64746 -0.0134785
1.64844 0.111149
1.64941 0.0286132
1.65039 0.0523762
1.65137 0.00948876
1.65234 0.0108593
1.65332 0.0730443
1.6543 0.0196211
1.65527 -0.0128158
1.65625 0.00285042
1.65723 -0.0205214
1.6582 -0.0499529
1.65918 0.0392464
1.66016 -0.0189985
1.66113 -0.00504545
1.66211 -0.00301603
1.66309 0.0229378
1.66406 -0.0529493
1.66504 0.0624915
1.66602 -0.0163625
1.66699 -0.0704592
1.66797 -0.0132716
1.66895 -0.0270567
1.66992 0.0551213
1.6709 0.0091949
1.67188 0.0804395
1.67285 -0.000191496
1.67383 -0.0442705
1.6748 0.0313079
1.67578 -0.033676
1.67676 0.0447638
1.67773 0.0464362
1.67871 0.00459327
1.67969 0.0125324
1.68066 0.00355497
1.68164 -0.021589
1.68262 -0.0326894
1.68359 -0.0242203
1.68457 0.0117932
1.68555 0.0242716
1.68652 0.0687376
1.6875 -0.0583062
1.68848 0.068452
1.68945 0.0220139
1.69043 0.0295884
1.69141 -0.0464027
1.69238 0.0191918
1.69336 -0.00583332
1.69434 0.0286138
1.69531 -0.0117443
1.69629 0.0228174
1.69727 0.0194343
1.69824 -0.0071047
1.69922 -0.0166482
1.7002 0.0670618
1.70117 0.0148808
1.70215 -0.0312285
1.70312 -0.0258834
1.7041 -0.00154113
1.70508 -0.020417
1.70605 0.0101952
1.70703 -0.0555986
1.70801 0.0699342
1.70898 0.0752688
1.70996 0.0714065
1.71094 -0.0213766
1.71191 0.0925666
1.71289 0.00571796
1.71387 0.0424723
1.71484 0.052785
1.71582 0.0702678
1.7168 0.0500488
1.71777 0.0246999
1.71875 0.0406635
1.71973 -0.010255
1.7207 -0.0118182
1.72168 0.0115352
1.72266 0.0443005
1.72363 -0.0310625
1.72461 -0.0310533
1.72559 -0.0233944
1.72656 -0.0242017
1.72754 -0.0243865
1.72852 0.0352548
1.72949 -0.0210502
1.73047 0.0694368
1.73145 -0.0197331
1.73242 -0.00294598
1.7334 -0.00380167
1.73438 0.0122988
1.73535 0.00866409
1.73633 0.011165
1.7373 0.0723539
1.73828 0.0256289
1.73926 -0.0108475
1.74023 -0.00537137
1.74121 0.0562207
1.74219 0.0604319
1.74316 -0.0340442
1.74414 0.0293444
1.74512 -0.016765
1.74609 0.0589547
1.74707 -0.0649774
1.74805 0.0179221
1.74902 -0.000339596
1.75 -0.0067284
1.75098 0.0320349
1.75195 0.0370072
1.75293 0.0560828
1.75391 0.0264562
1.75488 -0.0201811
1.75586 0.0915702
1.75684 -0.0104409
1.75781 0.0175768
1.75879 -0.0794436
1.75977 0.0171473
1.76074 0.0163341
1.76172 0.00666306
1.7627 0.0520098
1.76367 0.074848
1.76465 0.0941426
1.76562 0.0270316
1.7666 0.0645473
1.76758 0.0201799
1.76855 0.0179522
1.76953 0.0964002
1.77051 0.0188736
1.77148 0.072575
1.77246 0.0255557
1.77344 0.0104969
1.77441 -0.0190501
1.77539 0.0312546
1.77637 0.0616539
1.77734 0.021838
1.77832 0.0543643
1.7793 -0.0315981
1.78027 -0.0185695
1.78125 0.0599202
1.78223 -0.030303
1.7832 -0.0148097
1.78418 0.0149774
1.78516 0.0195272
1.78613 -0.0857697
1.78711 -0.0194537
1.78809 -0.0106884
1.78906 -0.0337477
1.79004 0.0524461
1.79102 0.0187384
1.79199 -0.0400204
1.79297 -0.0289928
1.79395 0.0341128
1.79492 -0.012262
1.7959 -0.00725171
1.79688 0.028057
1.79785 0.0126375
1.79883 0.0232306
1.7998 -0.0219883
1.80078 -0.0396945
1.80176 0.0288673
1.80273 0.0419008
1.80371 0.00552568
1.80469 0.039117
1.80566 0.0245945
1.80664 0.0494057
1.80762 0.0646035
1.80859 0.0191728
1.80957 0.00711788
1.81055 -0.119642
1.81152 -0.0926295
1.8125 0.00537371
1.81348 0.0270399
1.81445 -0.00259564
1.81543 -0.00184931
1.81641 -0.0714264
1.81738 0.037458
1.81836 0.0228806
1.81934 -0.000658911
1.82031 0.0723848
1.82129 0.075663
1.82227 0.000969064
1.82324 0.0796797
1.82422 0.0502005
1.8252 0.0083741
1.82617 0.0501142
1.82715 0.0128629
1.82812 0.0145577
1.8291 0.00271461
1.83008 0.00475068
1.83105 -0.0220575
1.83203 0.0178173
1.83301 0.00990266
1.83398 0.0390577
1.83496 0.018312
1.83594 0.0343064
1.83691 -0.0226829
1.83789 -0.0349883
1.83887 0.00685137
1.83984 -0.0103921
1.84082 0.0397157
1.8418 -0.0324094
1.84277 -0.035221
1.84375 0.00770256
1.84473 -0.0186298
1.8457 0.0805735
1.84668 -0.0207016
1.84766 -0.0121088
1.84863 -0.0258421
1.84961 0.0648643
1.85059 -0.00711143
1.85156 0.0717291
1.85254 0.0429411
1.85352 -0.0283493
1.85449 -0.00599842
1.85547 -0.0098618
1.85645 0.0340011
1.85742 0.00601937
1.8584 0.00162892
1.85938 0.0351995
1.86035 0.064914
1.86133 0.0222773
1.8623 -0.000688677
1.86328 0.0146827
1.86426 0.0200237
1.86523 -0.00470426
1.86621 0.047388
1.86719 -0.00396875
1.86816 0.072285
1.86914 -0.0244286
1.87012 -0.00141165
1.87109 -0.0812132
1.87207 0.00774778
1.87305 -0.0375806
1.87402 0.0367277
1.875 0.0488733
1.87598 0.0302566
1.87695 0.00582521
1.87793 0.0206818
1.87891 0.00590263
1.87988 0.0375637
1.88086 0.0812661
1.88184 0.00964184
1.88281 -0.0174331
1.88379 0.013697
1.88477 0.0757424
1.88574 0.0353571
1.88672 -0.0115351
1.8877 6.24618e-05
1.88867 -0.0125184
1.88965 0.0271286
1.89062 -0.00953988
1.8916 0.00946599
1.89258 0.0163386
1.89355 -0.0625401
1.89453 -0.00247897
1.89551 0.00569072
1.89648 -0.0103622
1.89746 -0.0345338
1.89844 -0.0286571
1.89941 0.0646493
1.90039 0.0217678
1.90137 -0.0547301
1.90234 0.0254592
1.90332 -0.027046
1.9043 -0.0338607
1.90527 -0.0391745
1.90625 0.0530487
1.90723 -0.00192292
1.9082 -0.0146944
1.90918 -0.0641993
1.91016 -0.0383569
1.91113 -0.0134977
1.91211 0.0054017
1.91309 0.0238063
1.91406 0.0359822
1.91504 0.0569122
1.91602 0.00909234
1.91699 0.0469508
1.91797 0.0168409
1.91895 -0.043329
1.91992 -0.0244293
1.9209 0.0732593
1.92188 -0.0123278
1.92285 0.0192774
1.92383 0.0489032
1.9248 -0.00831068
1.92578 -0.0211552
1.92676 -0.0568636
1.92773 0.0573467
1.92871 -0.0723147
1.92969 -0.00537775
1.93066 0.0244542
1.93164 0.0229342
1.93262 -0.000689797
1.93359 -0.00845516
1.93457 0.00980434
1.93555 0.0123103
1.93652 -0.000569971
1.9375 0.0229543
1.93848 0.121904
1.93945 0.10584
1.94043 -0.00054325
1.94141 -0.0376651
1.94238 0.00667717
1.94336 -0.0324616
1.94434 0.0247888
1.94531 -0.0334991
1.94629 0.0306866
1.94727 0.01668
1.94824 0.00011664
1.94922 0.00899429
1.9502 0.0122676
1.95117 0.019659
1.95215 0.0736459
1.95312 0.0140373
1.9541 0.0286015
1.95508 -0.000271453
1.95605 -0.0952719
1.95703 -0.0175874
1.95801 -0.0049626
1.95898 0.0535299
1.95996 0.0609525
1.96094 0.0596456
1.96191 -0.018367
1.96289 0.0192575
1.96387 0.0519089
1.96484 0.0440755
1.96582 0.0297784
1.9668 -0.00271085
1.96777 0.00963417
1.96875 0.0474595
1.96973 0.049583
1.9707 -0.00911765
1.97168 0.0573731
1.97266 -0.014947
1.97363 -0.0289119
1.97461 0.0596985
1.97559 0.0228276
1.97656 0.00241891
1.97754 0.0843111
1.97852 -0.0188788
1.97949 0.0753063
1.98047 -0.0646951
1.98145 0.0270767
1.98242 0.00671743
1.9834 0.0510756
1.98438 0.00673155
1.98535 0.00912978
1.98633 0.00719056
1.9873 -0.0772236
1.98828 -0.0156678
1.98926 0.0302179
1.99023 0.0692846
1.99121 0.030685
1.99219 0.0272359
1.99316 -0.0390773
1.99414 0.0683897
1.99512 0.0186942
1.99609 0.0586277
1.99707 0.0617581
1.99805 0.039213
1.99902 -0.0374509
